SimulationData/Scenarios/Alblasserwaard/Flooding/Gorinchem/10080.asc
ncols        410
nrows        139
xllcorner    4.624486754327
yllcorner    51.814562674375
cellsize     0.001350341696
NODATA_value  -1
[rows 70 to 104 of 139, columns 156 to 233 of 410]
3.9166667461395264 3.4583332538604736 3.0833332538604736 3.1666667461395264 3.625 4 4 3.9583332538604736 3.8333332538604736 3.8333332538604736 3.9166667461395264 3.9166667461395264 4 3.875 3.75 3.8333332538604736 3.9583332538604736 3.9583332538604736 3.875 4 4 4 4 4 4 3.6875 3.375 3.4375 3.625 3.6875 3.75 3.9375 4 4 3.6875 3.3125 2.625 3 4 4 4 4 4 4 4 4 4 4 3.9375 3.9375 4 4 4 3.875 3.75 3.875 4 4 4 4 4 4 4 4 4 4 3.9375 3.9375 4 4 4 4 4 4 4 4 3.75 3.3125
4 4 3.875 3.125 2.6875 3.375 3.9375 4 3.9375 3.9375 4 4 4 4 3.875 3.875 4 4 4 4 4 4 3.875 3.6666667461395264 3.5833332538604736 3.5833332538604736 3.5833332538604736 3.75 3.9583332538604736 4 4 4 4 4 4 3.7083332538604736 2.7083332538604736 2.9583332538604736 3.9166667461395264 3.9583332538604736 4 4.0416665077209473 4 3.9583332538604736 4 4 4 4 4 4.0416665077209473 3.875 3.7083332538604736 3.8333332538604736 3.9583332538604736 4 4 4 4 4 4 4 4 4 4 4 4 3.875 3.875 4 4 3.875 3.8333332538604736 3.875 3.875 3.7916667461395264 3.5416667461395264 3.2916667461395264 3.1666667461395264
4.0416665077209473 4.0416665077209473 4 3.9166667461395264 3.4166667461395264 3 3.1666667461395264 3.6666667461395264 4 3.875 3.875 4 4 3.9583332538604736 3.875 3.9166667461395264 4 4 4 4 4 3.8125 3.4375 3.3125 3.5625 3.75 3.875 4 4 4 4 4 4 4 4 4 3 2.875 3.5625 3.375 4 4 3.9375 3.9375 4 4 4 4 4.0625 4.125 3.9375 3.875 4 4 4 4 4 4 4 4 4 4 4 4 4 4 3.9375 3.875 3.875 3.9375 3.9375 3.6875 3.375 3.3125 3.1875 3.0625 3.0625 2.75
4.125 4.0625 4 4 4 3.8125 2.8125 3 4 3.9375 3.875 3.875 3.9375 3.9375 3.875 3.9375 4 4 4 3.8333332538604736 3.625 3.5416667461395264 3.625 3.8333332538604736 3.9583332538604736 4 4 4 4 4 4 4 4 4 4 3.9166667461395264 3 2.125 2.875 3.6666667461395264 3.8333332538604736 3.9583332538604736 3.9583332538604736 4.0416665077209473 4.0833334922790527 4.125 3.875 3.8333332538604736 4.0416665077209473 4.0416665077209473 4.0416665077209473 4 4 4 4 4 4 4 4 4 4 4 4 4 4 4 4 4 3.75 3.875 4 3.6666667461395264 3.1666667461395264 3.0416667461395264 3.25 3.375 2.875 2.0416667461395264
4.0416665077209473 4 4 4 4 4 3.625 3.25 3.25 3.625 3.9583332538604736 3.9166667461395264 3.9583332538604736 4 4 4 4 4 3.8125 3.375 3.375 3.3125 3 3 3.0625 3.125 3.5625 4 4 4 4 4 4 4 3.875 3.25 2.75 2.1875 2.3125 3 3.5 4 4 4.0625 4.1875 4.1875 3.9375 3.8125 3.9375 4 4 4 4 4 4 4 4 4 4 4 4 4 4 4 4 4 3.9375 3.875 3.375 3 3.125 2.875 2.625 2.2249999046325684 1.9500000476837158 1.8500000238418579 1.6875 1.9375
4 4 4 4 4 4 4 3.9375 3.25 2.75 3.4375 4 4 4 3.9375 3.8125 3.3125 3.1666667461395264 3.0833332538604736 3 3.1666667461395264 3.3333332538604736 3.3333332538604736 3.3333332538604736 3.375 3.4166667461395264 3.0416667461395264 3.3333332538604736 4 4 4 3.6666667461395264 3.3333332538604736 3.1666667461395264 3.0833332538604736 3.25 3.5416667461395264 3.5416667461395264 2.6666667461395264 2 3 4 4 4 3.9583332538604736 3.9583332538604736 4 4 4 4 4 4 3.9583332538604736 3.9166667461395264 3.9583332538604736 4 4 4 3.9583332538604736 3.9583332538604736 4 4 3.9166667461395264 3.7916667461395264 3.7083332538604736 3.4583332538604736 3.2083332538604736 3.1666667461395264 2.9583332538604736 2.75 2.5833332538604736 2.5 2.5833332538604736 2.3166666030883789 2.0083334445953369 2.4416666030883789 3.125 3.4166667461395264
4 4 4 4 4 4 4 3.9583332538604736 3.75 3.2916667461395264 3 3 2.75 2.8333332538604736 3.1666667461395264 3.125 3.125 3.875 3.9375 4 4 4 4 4 4 4 3.375 2.875 3.5 4 3.5 2.8125 2.8125 3 3.5 4 4 4 3.125 2.25 2.625 3.5 4 4 4 4 4 4 4 4 4 4 4 4 4 4 4 3.9375 3.8125 3.8125 3.6875 3.5625 3.5625 3.5625 3.3125 2.875 2.875 3 3.0625 3.1875 3.1875 2.5625 2.3125 2.75 3.375 3.9375 4 4
3.9375 4 4 4 4 4 4 3.75 3.5625 3.8125 4 3.8125 2.75 2.875 3.9375 4 4 4 4 4 4 4 4 4 4 4 3.9166667461395264 3.5 3.25 3.3333332538604736 3.2916667461395264 3.5 3.875 4 4 4 4 4 3.5833332538604736 3.1666667461395264 2.7083332538604736 3.125 4 4 4 3.9583332538604736 3.9583332538604736 4 4 3.9583332538604736 3.9166667461395264 3.9583332538604736 4 4 4 4 4 3.9583332538604736 3.7083332538604736 3.375 3.25 3.3333332538604736 3.2083332538604736 3.0416667461395264 2.9583332538604736 2.9166667461395264 3.1666667461395264 3.3333332538604736 3.2916667461395264 3.375 3.2916667461395264 2.2916667461395264 2.4583332538604736 3.6666667461395264 3.875 3.8333332538604736 3.9166667461395264 4
4 4 4 4 4 4 4 3.8333332538604736 3.8333332538604736 4 4 4 3.6666667461395264 3.2916667461395264 3.2916667461395264 3.6666667461395264 4 4 4 4 4 4 4 4 4 4 4 4 4 4 4 4 4 4 3.9375 3.9375 4 4 4 4 3.25 2.625 3.375 4 3.9375 3.875 3.9375 4 4 3.875 3.8125 3.9375 4 4 4 4 3.9375 3.75 3.375 3.0625 3 2.875 2.625 2.75 3.125 3.1875 3.5 3.875 3.6875 3.5625 3.3125 2.1875 2.4375 3.625 3.8125 3.875 3.9375 4
4 4 4 4 4 4 3.9375 3.875 3.9375 3.9375 3.875 3.9375 4 3.9375 3.375 2.9375 3.25 3.6666667461395264 4 4 4 4 4 4 4 4 4.0833334922790527 4.0416665077209473 3.875 3.9583332538604736 4.2916665077209473 4.25 3.8333332538604736 3.75 3.875 3.9583332538604736 4 4 4 4 3.25 2.125 2.875 4 3.9583332538604736 3.9166667461395264 3.9166667461395264 3.9583332538604736 3.9583332538604736 3.8333332538604736 3.875 3.9583332538604736 3.9166667461395264 3.9166667461395264 3.9166667461395264 3.9583332538604736 3.7916667461395264 3.375 3.125 3.1666667461395264 2.875 2.8333332538604736 3.25 3.4166667461395264 3.6666667461395264 3.7083332538604736 3.5833332538604736 3.5833332538604736 3.4166667461395264 3.4166667461395264 3.375 2.625 2.5416667461395264 3.4583332538604736 3.9583332538604736 4 4 4
4 4 4 3.9583332538604736 3.9166667461395264 3.9166667461395264 3.8333332538604736 3.8333332538604736 3.9583332538604736 3.9583332538604736 3.9166667461395264 3.9166667461395264 3.9583332538604736 3.8333332538604736 3.7916667461395264 3.5416667461395264 3.1875 2.8125 3.4375 3.9375 4 4 4 4.0625 4.125 4.125 4.125 4 3.75 3.875 4.25 4.1875 3.9375 3.875 3.875 3.9375 4 4 4 4 3.25 2.3125 3.0625 4 4 4 3.9375 3.9375 3.875 3.8125 3.8125 3.75 3.75 3.5625 3.4375 3.5 3.3125 3.1875 3.375 3.5625 2.9375 3.0625 3.8125 3.75 3.8125 3.8125 3.4375 3.125 3.125 3.4375 3.75 3.5625 2.5625 2.875 4 4 4 4
4 4 4 3.9375 3.875 3.875 3.875 3.9375 4 4 4 4 4 4 4 3.9583332538604736 3.875 3.4583332538604736 2.8333332538604736 3.3333332538604736 4 4 4.125 4.125 4.0833334922790527 4.0416665077209473 4 4 3.9583332538604736 3.9583332538604736 4 4 4 3.9166667461395264 3.875 3.9583332538604736 3.9583332538604736 3.9583332538604736 4 4 3.75 3.125 2.625 3.25 4 4 3.9166667461395264 3.7083332538604736 3.4583332538604736 3.4166667461395264 3.4166667461395264 3.2916667461395264 3.25 3.125 3.0833332538604736 3.2083332538604736 3.125 3 3.0416667461395264 3.0833332538604736 3.0416667461395264 3.4583332538604736 3.875 3.875 3.875 3.8333332538604736 3.8333332538604736 3.6666667461395264 3.7083332538604736 3.75 3.75 3.7916667461395264 2.7916667461395264 2.875 4 4 4 4
4 4 4 4 4 4 4 4 4 4 4 4 4 4 4 3.9583332538604736 4.125 4.375 3.5625 2.9375 3.5625 4 4 4 4 4 4 4 4 4 4 4 4 4 4 4 4 4 4 4 4 3.9375 2.75 2.8125 4 3.9375 3.5625 3.3125 3.4375 3.625 3.75 3.625 3.5 3.5 3.5 3.6875 3.625 2.8125 2.875 3.5625 3.8125 3.9375 3.875 3.9375 4 4 4 3.9375 3.9375 3.75 3.4375 3.6875 2.9375 2.9375 4 4 4 4
4 4 4 4 4 4 4 4 4 4 4 4 4 4.125 4.0833334922790527 3.9583332538604736 4.0833334922790527 4.25 4.0833334922790527 2.9583332538604736 2.9583332538604736 3.875 3.9166667461395264 4 4 4 4 3.9583332538604736 3.9583332538604736 4 4 4 4 4 3.9166667461395264 3.875 3.9583332538604736 4 4 4 3.7916667461395264 3.5833332538604736 2.625 2.25 3.2083332538604736 3.6666667461395264 3.5833332538604736 3.6666667461395264 3.9583332538604736 4 4 4 4 3.9583332538604736 3.8333332538604736 3.8333332538604736 3.5833332538604736 3.0416667461395264 3.375 3.875 3.9583332538604736 3.9166667461395264 3.7916667461395264 3.875 3.9583332538604736 3.9583332538604736 3.9166667461395264 3.875 3.9166667461395264 3.875 3.75 3.7083332538604736 2.7083332538604736 2.875 4 3.9583332538604736 3.9583332538604736 4
4 4 4 4 4 4 4 3.9583332538604736 3.9583332538604736 4 4.0416665077209473 4.0416665077209473 4 4.0833334922790527 4.0833334922790527 3.75 3.6875 3.9375 4 2.875 2.8125 3.875 3.9375 4 4 4 4 4 4 4 4 4 4 4 3.875 3.625 3.625 3.875 4 3.8125 3.375 3.0625 2.9375 2.3125 2.875 4 3.75 3.75 4 4 3.9375 3.8125 3.75 3.8125 3.75 3.3125 3.0625 3.5625 4 4 4 3.875 3.6875 3.75 3.875 3.8125 3.75 3.8125 3.9375 3.875 3.75 3.5625 2.5 2.75 3.9375 4 4 4
4 4.0625 4.0625 4 4 4 4 3.9375 4.125 4.375 4.25 4.0625 4 4 3.8333332538604736 3.7083332538604736 3.7916667461395264 3.9166667461395264 4 3.5 2.75 3.25 3.9583332538604736 3.9166667461395264 3.9583332538604736 4 4 4 3.9583332538604736 3.9166667461395264 3.8333332538604736 3.7916667461395264 3.75 3.5833332538604736 3.5833332538604736 3.5 3.375 3.4166667461395264 3.5833332538604736 3.5833332538604736 3.625 3.7083332538604736 3.8333332538604736 3.0416667461395264 2.625 3.4583332538604736 3.6666667461395264 3.75 4.0416665077209473 4.0833334922790527 3.75 3.25 3.0833332538604736 3.2083332538604736 3.25 3.25 3.5833332538604736 3.875 3.9166667461395264 3.9166667461395264 3.875 3.8333332538604736 3.7916667461395264 3.6666667461395264 3.6666667461395264 3.6666667461395264 3.5833332538604736 3.75 3.9583332538604736 3.9583332538604736 3.875 3.3333332538604736 2.4166667461395264 2.2916667461395264 2.75 3 3.1666667461395264 3.1666667461395264
4 4.0416665077209473 4.0416665077209473 4 4 4 4 4.0416665077209473 3.5416667461395264 3 3.5416667461395264 4 3.875 3.9166667461395264 3.8333332538604736 3.875 4 4 4 3.875 2.75 2.875 3.875 3.75 3.875 3.9375 3.75 3.5625 3.4375 3.375 3.375 3.4375 3.5 3.5 3.5 3.5 3.4375 3.375 3.5625 3.875 4 4 4 3.125 1.875 2.8125 3.875 3.8125 4.125 4.25 3.375 3.125 3.75 3.875 3.9375 3.875 3.8125 3.8125 3.8125 3.8125 3.75 3.75 3.875 3.75 3.625 3.75 3.875 3.75 3.75 3.9375 3.4375 2.6875 2.8125 2.9375 2.8125 3.125 2.9375 1.875
3.9375 4 4 4 4 4.125 3.6875 3.125 3 2.875 3.5 4 3.875 3.9583332538604736 4 4 4 4 4 4 3.1666667461395264 2.7916667461395264 3.5416667461395264 3.8333332538604736 3.7083332538604736 3.5 3.4583332538604736 3.5 3.5 3.5416667461395264 3.5416667461395264 3.625 3.875 3.9583332538604736 3.875 3.875 3.9166667461395264 3.9166667461395264 3.7083332538604736 3.7083332538604736 3.9583332538604736 4 3.9583332538604736 3.4166667461395264 2.3333332538604736 2.5 3.3333332538604736 3.4166667461395264 3.4166667461395264 3.5 3.5416667461395264 3.5 4 4 4 4 3.9583332538604736 3.8333332538604736 3.6666667461395264 3.7083332538604736 3.8333332538604736 3.9166667461395264 3.9583332538604736 3.75 3.625 3.7916667461395264 3.9166667461395264 3.7083332538604736 3.25 3 2.625 2.9583332538604736 3.625 3.6666667461395264 3.75 3.8333332538604736 3.75 3.0833332538604736
3.9583332538604736 3.7083332538604736 3.375 3.375 3.375 3.5 3.5416667461395264 3.4166667461395264 3.6666667461395264 4 3.9166667461395264 3.9166667461395264 4 4 4 4 4 4 4 4 3.8125 2.6875 2.75 3.75 3.4375 3.375 3.75 3.875 3.8125 3.8125 3.875 3.9375 4 4 4 4 4 4 3.5 3.4375 3.9375 3.625 3.25 3.0625 2 1.1000000238418579 1.8500000238418579 2.8125 3.0625 3.5625 4 4 4 4 4 4 4 4 3.75 3.6875 3.9375 3.9375 3.9375 3.9375 3.75 3.625 4 3.25 2.4375 2.0625 2.625 3.75 3.9375 3.9375 4 3.875 3.5625 3.375
3.0625 3.125 3.0625 3 3.5 4.0625 4.0625 4 4 4.125 3.9375 3.875 4 4 4 4 4 3.9583332538604736 3.9166667461395264 3.9583332538604736 3.875 2.9583332538604736 2.5 2.8333332538604736 3.1666667461395264 3.75 3.8333332538604736 3.8333332538604736 3.9583332538604736 3.9583332538604736 4 4 4 4 3.7083332538604736 3.4166667461395264 3.4166667461395264 3.4166667461395264 3.25 3.25 3.2916667461395264 3.2083332538604736 3.1666667461395264 2.8333332538604736 1.7916666269302368 1.1499999761581421 2.3583333492279053 3.625 3.9166667461395264 4 4 4 3.9583332538604736 3.9583332538604736 4 4 4 4 3.9166667461395264 3.9166667461395264 4 3.9166667461395264 3.9166667461395264 4 3.9583332538604736 3.9166667461395264 3.5833332538604736 2.6666667461395264 2.5 3.0416667461395264 3.5416667461395264 3.8333332538604736 3.7083332538604736 3.8333332538604736 4 3.8333332538604736 3.4583332538604736 3.4583332538604736
3.4166667461395264 3.7083332538604736 4.0416665077209473 4 4 4 4 4 4 4 4 3.9166667461395264 3.9166667461395264 3.9583332538604736 3.875 3.9375 4 3.8125 3.75 3.875 3.625 3.4375 2.625 1.75 2.8125 3.875 3.875 3.9375 3.9375 3.9375 4 3.5625 3.0625 3.0625 3 2.8125 2.875 3 2.9375 2.875 3 3.3125 3.5 3.3125 3 2.3125 2.75 3.875 3.9375 3.875 3.875 3.875 3.8125 3.8125 3.875 3.9375 4 3.9375 3.875 3.875 3.9375 4 3.9375 3.875 3.75 3.625 2.8125 2.625 3.625 3.9375 3.875 3.75 3.625 3.75 3.9375 4 3.75 3.4375
4 4 4 4 4 4 4 4 4 4 4 3.8125 3.875 3.7916667461395264 3.75 3.9583332538604736 4 3.9166667461395264 3.9166667461395264 3.625 3.3333332538604736 3.7083332538604736 4 1.75 2.875 3.9583332538604736 3.9583332538604736 3.6666667461395264 3.2083332538604736 2.9583332538604736 3 3.125 3.0416667461395264 3 3.2083332538604736 3.4583332538604736 3.5416667461395264 3.5833332538604736 3.5416667461395264 3.5416667461395264 3.4583332538604736 3.375 3.375 3.2916667461395264 3.4583332538604736 2.9166667461395264 2.75 3.6666667461395264 3.9583332538604736 3.9166667461395264 3.9166667461395264 3.9166667461395264 3.5833332538604736 3.5833332538604736 3.9166667461395264 3.9583332538604736 4 3.9583332538604736 3.9583332538604736 3.9166667461395264 3.9166667461395264 4 3.9583332538604736 3.8333332538604736 3.0416667461395264 2.3333332538604736 2.75 3.5 3.9166667461395264 4 4 4 3.9583332538604736 3.9166667461395264 3.9583332538604736 4 3.9166667461395264 3.625
4 4 4 4 4 4 4 4 4 4 4 3.9583332538604736 3.9166667461395264 3.9375 4 4 4 4 4 3.6875 3.3125 3.625 4 2.875 2.3125 2.875 2.9375 2.5625 2.1875 2.4375 2.9375 3.25 3.4375 3.5 3.375 3.5625 3.75 3.5 3.5 3.4375 3.375 3.3125 3.25 3.25 3.375 3 2.4375 3.1875 4 4 4 4 3.75 3.6875 3.9375 4 4 4 4 4 3.875 3.875 4 3.9375 2.8125 1.75 2.875 4 4 4 4 4 3.9375 3.9375 4 3.8125 3.6875 3.5625
4 4 4 4 4 4 4 4 4 4 4 4 3.875 3.875 4 4 4 4 3.7916667461395264 3.5833332538604736 3.375 3.5833332538604736 4 3.2916667461395264 2.5416667461395264 2.5 2.5416667461395264 2.7916667461395264 3.1666667461395264 3.2083332538604736 2.7083332538604736 2.875 3.5833332538604736 3.7083332538604736 3.5833332538604736 3.5416667461395264 3.5833332538604736 3.5 3.4166667461395264 3.4166667461395264 3.4166667461395264 3.4166667461395264 3.4166667461395264 3.4583332538604736 3.625 3.375 2.75 2.9583332538604736 3.7083332538604736 4 4 4 4 3.9166667461395264 3.9166667461395264 4 4 4 4 4 3.7916667461395264 3.75 3.9166667461395264 3.2916667461395264 2.75 2.8333332538604736 3.4166667461395264 3.9583332538604736 3.9166667461395264 3.9583332538604736 4 4 4 3.875 3.625 3.5 3.6666667461395264 3.7083332538604736
4 4 4 4 4 4 4 4 4 4 4 4 3.9166667461395264 4 4 4 4 4 3.6875 3.6875 3.375 2.9375 3.125 3.1875 3 2.9375 3.1875 3.4375 3.5 3.5 2.75 2.5625 3.375 3.6875 3.5625 3.3125 3.375 3.4375 3.5 3.4375 3.4375 3.625 3.8125 3.9375 4 4 3.6875 2.875 3.1875 4 4 4 4 4 4 3.9375 3.9375 4 4 4 3.875 3.75 3.75 2.8125 2.8125 3.75 3.8125 3.9375 3.9375 3.9375 3.9375 3.8125 3.6875 3.5 3.375 3.5 3.75 3.875
4 4 4 4 4 4 4 4 4 4 4 3.9583332538604736 3.9166667461395264 3.7916667461395264 3.8333332538604736 4 4 3.9166667461395264 3.5833332538604736 3.2916667461395264 3.0833332538604736 2.8333332538604736 2.75 2.875 3.1666667461395264 3.25 3.25 3.4166667461395264 3.4166667461395264 3.3333332538604736 3.2083332538604736 2.625 2.8333332538604736 3.5833332538604736 3.4583332538604736 3.25 3.25 3.3333332538604736 3.4166667461395264 3.4166667461395264 3.5833332538604736 3.875 4 4 4 4 3.9583332538604736 3.125 3.1666667461395264 4 4 4 4 4 4 3.9583332538604736 3.9166667461395264 3.9583332538604736 4 3.9583332538604736 3.5833332538604736 3.0416667461395264 2.9166667461395264 3 3 3.9166667461395264 3.9166667461395264 3.9166667461395264 3.9166667461395264 3.9166667461395264 3.7083332538604736 3.5416667461395264 3.5416667461395264 3.4166667461395264 3.375 3.4166667461395264 3.4583332538604736 3.7083332538604736
4 4 4 4 4 4 4 4 3.9583332538604736 3.9583332538604736 4 3.9583332538604736 3.9375 3.875 3.875 3.9375 3.8125 3.375 2.9375 3.1875 3.375 3.1875 3.125 3.1875 3.4375 3.5 3.375 3.375 3.5 3.4375 3.4375 2.6875 2.5625 3.375 3.5 3.4375 3.25 3.3125 3.3125 3.4375 3.8125 4 4 4 4 4 4 3.25 2.75 3.5 4 4 4 4 3.9375 3.9375 3.875 3.875 3.5 2.9375 2.6875 2.125 2.8125 3.8125 3.75 3.875 3.875 3.6875 3.5 3.625 3.875 3.6875 3.625 3.5625 3.4375 3.4375 3.25 3.375
4 3.9375 3.875 3.875 3.9375 3.9375 3.9375 4 3.9375 3.9375 4 4 4 3.9583332538604736 3.4166667461395264 2.875 2.9166667461395264 2.9583332538604736 3.2083332538604736 3.5 3.5416667461395264 3.5833332538604736 3.25 3.2916667461395264 3.4166667461395264 3.5 3.4166667461395264 3.3333332538604736 3.3333332538604736 3.2916667461395264 3.4583332538604736 3.0416667461395264 2.5833332538604736 3.125 3.625 3.75 3.75 3.75 3.75 3.875 4 4 4 4 4 4 4 3.625 2.625 2.5833332538604736 3.1666667461395264 3.25 3.3333332538604736 3.3333332538604736 3.2916667461395264 3.2916667461395264 3.2916667461395264 2.9166667461395264 2.4583332538604736 2.3333332538604736 2.5 2.2916667461395264 2.8333332538604736 3.625 3.5 3.5 3.4583332538604736 3.375 3.4583332538604736 3.5833332538604736 3.5416667461395264 3.5 3.625 3.6666667461395264 3.5416667461395264 3.4166667461395264 3.2083332538604736 3.2083332538604736
3.9166667461395264 3.75 3.625 3.6666667461395264 3.6666667461395264 3.7083332538604736 3.75 3.75 3.75 3.7916667461395264 3.9166667461395264 3.875 3.4375 3.1875 3 2.9375 3.1875 3.375 3.4375 3.5625 3.625 3.625 3.4375 3.3125 3.3125 3.375 3.375 3.25 3.25 3.3125 3.625 3.8125 2.75 2.875 4 4 4 4 3.9375 3.9375 4 4 4 4 4 4 4 3.9375 2.6875 1.4375 1.375 1.875 2.1875 2.1875 2.375 2.4375 2.5 2.5625 2.8125 3 3 2.375 2.6875 3.5625 3.5 3.5 3.625 3.625 3.6875 3.75 3.4375 3.4375 3.5625 3.625 3.5 3.25 3.125 3
3.8125 3.625 3.5 3.6875 3.5625 3.4375 3.5625 3.625 3.625 3.6875 3.625 3.2916667461395264 3.2916667461395264 3.4583332538604736 3.75 3.5416667461395264 3.25 3.5 3.4583332538604736 3.375 3.5 3.5833332538604736 3.5416667461395264 3.4166667461395264 3.3333332538604736 3.375 3.375 3.4166667461395264 3.5 3.5833332538604736 3.75 3.8333332538604736 2.8333332538604736 2.9166667461395264 4 4 4 4 4 3.9583332538604736 3.9583332538604736 4 4 4 4 4 3.9166667461395264 3.4583332538604736 2.4166667461395264 1.4583333730697632 1.1666666269302368 2.0833332538604736 3.1666667461395264 3.4583332538604736 3.5833332538604736 3.625 3.6666667461395264 3.7083332538604736 3.875 4 4 3.2083332538604736 2.6666667461395264 3.375 3.8333332538604736 3.75 3.7083332538604736 3.8333332538604736 3.8333332538604736 3.7083332538604736 3.6666667461395264 3.5833332538604736 3.5 3.5 3.3333332538604736 3.1666667461395264 3.125 3.0416667461395264
3.9583332538604736 3.875 3.8333332538604736 3.9583332538604736 3.9583332538604736 3.875 3.9166667461395264 4 3.75 3.5 3.4583332538604736 3.625 4 4 4 3.625 3.3125 3.5625 3.5625 3.3125 3.3125 3.375 3.5 3.4375 3.3125 3.5 3.5625 3.4375 3.375 3.5625 3.8125 3.9375 3.5 2.9375 3.4375 4 4 4 4 3.875 3.875 4 4 3.9375 3.9375 4 3.375 2.5 2.75 2.4375 1.625 2.5 3.6875 4 4 4 4 4 4 4 4 4 2.9375 2.8125 3.75 3.75 3.875 4 4 3.8125 3.6875 3.5625 3.5625 3.5625 3.25 3.0625 3.0625 3.0625
4 4 4 4 4 4 3.625 3.25 3.25 3.25 3.75 4 4 4 4 3.9166667461395264 3.5416667461395264 3.25 3.25 3.25 3.2916667461395264 3.3333332538604736 3.375 3.4166667461395264 3.375 3.4583332538604736 3.4583332538604736 3.3333332538604736 3.2916667461395264 3.4583332538604736 3.7083332538604736 3.8333332538604736 3.9166667461395264 2.875 2.9166667461395264 4 4 4 4 3.9583332538604736 3.9583332538604736 4 4 3.9583332538604736 3.9583332538604736 4 3.5833332538604736 3.0416667461395264 2.9166667461395264 2.9166667461395264 1.8333333730697632 2.2916667461395264 3.375 4 4 4 4 4 4 4 4 4 2.9166667461395264 2.7916667461395264 3.75 3.7916667461395264 3.875 3.9166667461395264 3.9583332538604736 3.8333332538604736 3.6666667461395264 3.625 3.5 3.25 3.125 3.2083332538604736 3.1666667461395264 3.0833332538604736
4 4 3.7916667461395264 3.5 3.5 3.5833332538604736 3.5833332538604736 3.5 3.75 4 4 4 4 4 4 4 3.625 3.25 3.3125 3.3125 3.375 3.5 3.5625 3.5625 3.375 3.3125 3.4375 3.4375 3.375 3.4375 3.6875 3.875 3.9375 3.375 2.8125 2.875 3.4375 4 4 4 3.9375 3.9375 4 4 4 4 3.9375 3.875 3.3125 2.75 2.375 2.375 3.3125 3.9375 4 4 4 4 4 4 4 4 2.875 2.75 3.75 3.8125 3.8125 3.8125 3.9375 3.9375 3.8125 3.75 3.375 3.1875 3.5 3.4375 3.1875 3.1875
4 3.9375 3.25 3.1875 3.875 4 4 4 4 4 4 4 4 4 4 4 3.7916667461395264 3.5 3.4166667461395264 3.2916667461395264 3.1666667461395264 3.1666667461395264 3.375 3.5416667461395264 3.5 3.4583332538604736 3.5416667461395264 3.625 3.625 3.75 3.9166667461395264 4 4 3.9583332538604736 2.8333332538604736 1.75 2.875 4 4 4 3.9583332538604736 3.9583332538604736 4 4 4 4 3.9583332538604736 3.625 3.25 3.1666667461395264 2.875 2.7916667461395264 3.2083332538604736 3.5 3.7916667461395264 4 4 4 4 4 4 4 3.25 2.5 3.0833332538604736 3.5 3.7916667461395264 3.7916667461395264 3.875 3.7083332538604736 3.625 3.5833332538604736 3.25 3.125 3.25 3.1666667461395264 3.0833332538604736 3.1666667461395264
3.4583332538604736 3.5 3.5 3.75 4 4 4 4 4 4 4 4 4 3.875 3.875 3.9375 3.9375 3.5625 3.1875 3.125 3 3.25 3.375 3.4375 3.4375 3.625 3.75 3.875 4 4 4 4 4 4 2.9375 1.875 2.9375 4 4 4 4 4 4 4 4 3.9375 3.3125 2.625 2.5 2.5 3.1875 3.9375 4 3.5625 3.25 3.6875 4 4 4 4 4 4 4 4 2.875 2.625 3.4375 3.5 3.5 3.3125 3.375 3.375 3.125 3.0625 3.125 3.1875 3.1875 3.125
