SimulationData/Scenarios/Alblasserwaard/Flooding/Gorinchem/10080.asc
ncols        410
nrows        139
xllcorner    4.624486754327
yllcorner    51.814562674375
cellsize     0.001350341696
NODATA_value  -1
[rows 70 to 104 of 139, columns 234 to 311 of 410]
3.25 3.375 3.1875 3.5 4 3.6875 2.8125 2.25 2.375 3 3.3125 3.1875 3.3125 3.4375 3.6875 3.875 3.75 3.3125 3 3.0625 3.0625 3 3 3.1875 3.1875 3.125 3.3125 3.375 3.375 3 2.3333332538604736 2.75 3.5 3.5416667461395264 3.4583332538604736 3.3333332538604736 3.25 3.3333332538604736 3.625 3.5 1.9579999446868896 0.85799998044967651 1.4166666269302368 1.4583333730697632 1.5 1.5 1.5 1.5 1.5 1.5 1.5 1.5 1.5 1.5 1.5 1.5 1.5 1.5 1.5 1.5 1.5 1.5 1.5 1.5 1.5 1.5 1.5 1.5 1.5 1.5 1.5 1.5 1.5 1.5 1.4166666269302368 1.3333333730697632 0.91666668653488159 0.625
2.7083332538604736 2.5416667461395264 2.75 2.9166667461395264 3.1666667461395264 3.0416667461395264 2.9166667461395264 2.9583332538604736 3.25 3.5416667461395264 3.5 3.4166667461395264 3.4583332538604736 3.4583332538604736 3.625 3.75 3.625 3.4166667461395264 3.25 3.125 3 3.0833332538604736 3.3333332538604736 3.7083332538604736 3.5833332538604736 3.3333332538604736 3.5416667461395264 3.5833332538604736 3.5 2.7916667461395264 2.1875 3.0625 3.125 3.1875 3.125 3.125 3.3125 3.375 3.4375 2.875 1.1549999713897705 0.71749997138977051 1.375 1.4375 1.5 1.5 1.5 1.5 1.5 1.5 1.5 1.5 1.5 1.5 1.5 1.5 1.5 1.5 1.5 1.5 1.5 1.5 1.5 1.5 1.5 1.5 1.5 1.5 1.5 1.5 1.5 1.5 1.5 1.5 1.5 1.375 1.125 1.125
2.25 2.8125 3.4375 3.5 3.75 3.875 4 4 3.9375 3.75 3.5 3.5 3.625 3.5625 3.5625 3.5625 3.4375 3.4375 3.5 3.375 3.375 3.625 3.875 4 3.625 3.25 3.375 3.3333332538604736 3.1666667461395264 2.2083332538604736 2.1666667461395264 3 3 3 3.0416667461395264 3.125 3.1666667461395264 3.25 3.2916667461395264 2.4166667461395264 1.2124999761581421 1.1499999761581421 1.5 1.5 1.5 1.5 1.5 1.5 1.5 1.5 1.375 1.375 1.5 1.5 1.3333333730697632 1.3333333730697632 1.4583333730697632 1.4583333730697632 1.5 1.5 1.5 1.5 1.5 1.5 1.5 1.5 1.5 1.5 1.5 1.5 1.5 1.5 1.4583333730697632 1.4166666269302368 1.4166666269302368 1.4583333730697632 1.375 1.2083333730697632
2.25 2.9166667461395264 3.25 3.75 4 4 3.9166667461395264 3.8333332538604736 3.7916667461395264 3.6666667461395264 3.4583332538604736 3.5 3.75 3.75 3.7083332538604736 3.5416667461395264 3.375 3.5 3.5833332538604736 3.7083332538604736 3.9166667461395264 3.9583332538604736 3.9583332538604736 4 3.7083332538604736 3.4166667461395264 3.375 3.25 2.7083332538604736 2 2.5625 3 3 3 3.0625 3.0625 3 3.0625 3.3125 2.625 1.75 1.5 1.5 1.5 1.5 1.3125 1.125 1.125 1.125 1.25 1.25 1.25 1.25 1.0625 1 1.25 1.375 1.375 1.5 1.5 1.5 1.375 1.25 1.3125 1.4375 1.5 1.5 1.4375 1.4375 1.5 1.5 1.375 1.25 1.3125 1.375 1.375 1.25 1.125
2.125 2.125 2.5 2.875 3.125 3.125 3.0625 3 3.125 3.4375 3.6875 3.75 3.875 4 4 3.8125 3.6875 3.875 4 4 4 4 4 4 3.6875 3.4375 3.25 2.4900000095367432 1.0900000333786011 1.8333333730697632 2.9583332538604736 3 3 3.125 3.25 3.125 3.0833332538604736 3.2916667461395264 3.5 2.8333332538604736 2.0833332538604736 1.4166666269302368 1.4166666269302368 1.4166666269302368 1.4583333730697632 1.375 1.25 1.1666666269302368 1.1666666269302368 1.3333333730697632 1.375 1.375 1.3333333730697632 1.2083333730697632 1.2083333730697632 1.2916666269302368 1.3333333730697632 1.4166666269302368 1.5 1.5 1.5 1.4166666269302368 1.3333333730697632 1.375 1.375 1.375 1.3333333730697632 1.3333333730697632 1.4583333730697632 1.5 1.5 1.4166666269302368 1.375 1.4583333730697632 1.5 1.4583333730697632 1.4166666269302368 1.4583333730697632
3.5 3.5 3.375 3.25 3.2916667461395264 3.375 3.4166667461395264 3.375 3.0416667461395264 3.0833332538604736 3.4583332538604736 3.5 3.4583332538604736 3.5 3.7083332538604736 3.9166667461395264 4 4 4 4 4 4 4 4 3.6666667461395264 3.4583332538604736 3.1666667461395264 2.2400000095367432 1.4874999523162842 2.1875 3.125 3.3125 3.25 3.375 3.5 3.4375 3.4375 3.5625 3.75 3.375 2.875 1.5 1.5 1.5 1.5 1.5 1.5 1.5 1.5 1.5 1.5 1.5 1.5 1.5 1.3125 1.1875 1.3125 1.4375 1.5 1.5 1.5 1.5 1.5 1.5 1.5 1.4375 1.4375 1.5 1.5 1.5 1.5 1.5 1.5 1.5 1.5 1.5 1.5 1.5
4 4 4 4 4 4 4 4 3.625 3.625 4 4 3.9375 3.625 3.25 3.25 3.375 3.375 3.375 3.375 3.375 3.625 3.9375 4 3.6875 3.375 2.9583332538604736 2.25 2.7000000476837158 3.2083332538604736 3.4583332538604736 3.6666667461395264 3.5833332538604736 3.75 3.9583332538604736 3.7916667461395264 3.6666667461395264 3.7916667461395264 3.9166667461395264 3.625 3.25 1.5 1.5 1.5 1.5 1.5 1.5 1.5 1.5 1.5 1.5 1.5 1.5 1.375 1.25 1.375 1.5 1.5 1.5 1.5 1.5 1.5 1.5 1.5 1.5 1.5 1.5 1.5 1.5 1.5 1.5 1.5 1.5 1.5 1.5 1.5 1.5 1.5
4 4 4 4 4 4 4 4 4 4 4 4 4 4 3.7916667461395264 3.5833332538604736 3.5833332538604736 3.5833332538604736 3.5833332538604736 3.5833332538604736 3.5833332538604736 3.5 3.4583332538604736 3.5 3.3333332538604736 3.1666667461395264 2.4666666984558105 1.5166666507720947 2.8333332538604736 3.625 3.625 3.625 3.5625 3.625 3.75 3.6875 3.75 3.9375 4 3.6875 3.375 1.5 1.5 1.5 1.5 1.5 1.5 1.5 1.5 1.5 1.5 1.5 1.5 1.375 1.1875 1.3125 1.5 1.5 1.5 1.5 1.5 1.5 1.5 1.5 1.5 1.5 1.5 1.5 1.5 1.5 1.5 1.5 1.5 1.5 1.5 1.5 1.5 1.5
4 4 4 4 4 4 4 4 4 4 4 4 4 4 4 4 4 4 4 4 4 3.9375 3.875 3.8125 3.5 3.375 2.2583334445953369 1.9666666984558105 3.2916667461395264 3.7916667461395264 3.75 3.6666667461395264 3.5 3.4166667461395264 3.5416667461395264 3.625 3.6666667461395264 3.75 3.7916667461395264 3.375 3 1.4166666269302368 1.4583333730697632 1.5 1.5 1.5 1.5 1.5 1.5 1.5 1.5 1.5 1.5 1.5 1.25 1.25 1.5 1.5 1.5 1.5 1.5 1.5 1.5 1.5 1.5 1.5 1.5 1.5 1.5 1.5 1.5 1.5 1.5 1.5 1.5 1.5 1.5 1.5
4 4 4 4 4 4 4 4 3.9166667461395264 3.9166667461395264 4 4 4 4 4 4 4 4 4 4 3.9166667461395264 3.625 3.5833332538604736 3.5416667461395264 3.4166667461395264 3.625 2.75 2.625 3.75 3.8125 3.6875 3.5 3.375 3.25 3.25 3.3125 3.4375 3.5625 3.8125 3.5625 2.0899999141693115 1.0066666603088379 1.5 1.5 1.5 1.5 1.5 1.5 1.5 1.5 1.5 1.5 1.5 1.4375 1.3125 1.375 1.5 1.5 1.5 1.5 1.5 1.5 1.5 1.5 1.5 1.5 1.5 1.5 1.5 1.5 1.5 1.5 1.5 1.5 1.5 1.5 1.5 1.5
4 4 4 4 4 4 4 3.9375 3.875 3.9375 4 4 4 4 4 4 4 4 4 4 3.8125 3.625 3.625 3.5 3.5833332538604736 3.4583332538604736 2.625 2.9583332538604736 3.75 3.75 3.7083332538604736 3.5833332538604736 3.375 3.2083332538604736 3.25 3.25 3.3333332538604736 3.3333332538604736 3.5416667461395264 3.4583332538604736 1.8739999532699585 0.92400002479553223 1.5 1.5 1.5 1.5 1.5 1.5 1.5 1.5 1.5 1.5 1.5 1.4166666269302368 1.375 1.4583333730697632 1.5 1.5 1.5 1.5 1.5 1.5 1.5 1.5 1.5 1.5 1.5 1.5 1.5 1.5 1.5 1.5 1.5 1.5 1.5 1.4166666269302368 1.375 1.4166666269302368
4 4 4 4 4 4 4 3.9166667461395264 3.9166667461395264 3.9583332538604736 3.9583332538604736 4 4 4 4 4 4 4 4 4 3.9583332538604736 3.9583332538604736 3.9166667461395264 3.625 3.5416667461395264 2.5 2.4375 3.5625 3.625 3.625 3.6875 3.625 3.5625 3.375 3.1875 3.125 3.1875 3.25 3.5 3.4375 3.125 0.85000002384185791 1.0499999523162842 1.375 1.5 1.5 1.5 1.5 1.5625 1.5625 1.5 1.5 1.5 1.5 1.5 1.5 1.5 1.5 1.5 1.5 1.5 1.5 1.5 1.5 1.5 1.5 1.5 1.5 1.5 1.5 1.5 1.4375 1.3125 1.25 1.25 1.25 1.25 1.3125
4 3.9375 3.875 4 4 3.9375 3.9375 3.9375 3.9375 4 4 4 4 4 4 4 4 4 4 4 4 4 3.9375 3.625 3.625 2.5833332538604736 2.5416667461395264 3.5416667461395264 3.5416667461395264 3.7083332538604736 3.625 3.4166667461395264 3.4583332538604736 3.4166667461395264 3.1666667461395264 3.0416667461395264 3.1666667461395264 3.1666667461395264 2.8333332538604736 2.6500000953674316 2.0833332538604736 0.47499999403953552 0.86250001192092896 1.2916666269302368 1.5 1.5 1.5 1.5 1.5416666269302368 1.5416666269302368 1.5 1.5 1.5 1.375 1.3333333730697632 1.4583333730697632 1.5 1.5 1.5 1.5 1.5 1.4166666269302368 1.2916666269302368 1.2916666269302368 1.4166666269302368 1.5 1.5 1.4166666269302368 1.4166666269302368 1.5 1.2916666269302368 1.0833333730697632 1.0416666269302368 1 1 1.0833333730697632 1.125 1.0833333730697632
4 3.9583332538604736 3.9166667461395264 3.9583332538604736 4 3.9583332538604736 3.9166667461395264 3.9166667461395264 3.9583332538604736 4 4 4 4 4 4 4 4 4 4 4 4 3.9583332538604736 3.7083332538604736 3.625 3.1875 2.625 3.1875 3.625 3.5625 3.625 3.5625 3.5 3.375 3.25 3.125 3.0625 3.125 3.25 3 2.75 2.1666667461395264 0.75 1.375 1.4375 1.5 1.5 1.5 1.5 1.5 1.5 1.5 1.5 1.5 1.1875 0.9375 1.25 1.5 1.5 1.5 1.5 1.5 1.4375 1.4375 1.5 1.5 1.5 1.5 1.375 1.3125 1.1875 1 1 1 1 0.9375 0.8125 0.875 1.0625
4 4 4 4 4 3.9375 3.875 3.9375 4 4 4 4 4 4 4 4 4 4 4 4 4 3.9375 3.2916667461395264 2.875 2.8333332538604736 3.2083332538604736 3.625 3.625 3.5833332538604736 3.4583332538604736 3.5 3.6666667461395264 3.5 3.2083332538604736 3.0416667461395264 3 3 3.0833332538604736 3.2083332538604736 3.2083332538604736 3.25 3.1875 1.875 1.25 1.5416666269302368 1.5 1.5 1.5 1.5 1.5 1.5 1.5 1.3333333730697632 1.125 1.1666666269302368 1.375 1.5 1.5 1.4583333730697632 1.4166666269302368 1.4583333730697632 1.5 1.5 1.5 1.5 1.5 1.5 1.375 1.125 0.95833331346511841 1 1 1 1.0833333730697632 1.0833333730697632 1 1.0625 1.3333333730697632
3.2916667461395264 3.75 4 4 4 3.7916667461395264 3.625 3.6666667461395264 3.8333332538604736 4 4 4 3.7916667461395264 3.75 3.9166667461395264 3.9583332538604736 4 3.9166667461395264 3.9166667461395264 3.9583332538604736 3.8333332538604736 3.5833332538604736 2.8333332538604736 2.125 3.3125 3.875 3.625 3.5625 3.625 3.4375 3.375 3.625 3.4375 3.125 3.0625 3.1875 3.125 3.0625 3.25 3.3125 3.5625 3.8125 1.8799999952316284 0.81749999523162842 1.5625 1.5 1.5 1.5 1.5 1.5 1.5 1.5 1.375 1.3125 1.4375 1.5 1.5 1.5 1.5 1.5 1.5 1.5 1.5 1.5 1.5 1.5 1.5 1.3125 1.25 1.25 0.9375 0.67500001192092896 0.81666666269302368 1.25 1.125 1 -1 -1
1.4375 2.125 2.625 3.25 3.9375 3.75 3.5 3.3125 3.5625 4 4 4 3.9375 3.75 3.5625 3.5625 3.625 3.5625 3.6875 3.75 3.5 3.5416667461395264 2.5416667461395264 2.4166667461395264 3.5833332538604736 3.7083332538604736 3.3333332538604736 3.25 3.3333332538604736 3.1666667461395264 3.0833332538604736 3.125 3.125 3.2083332538604736 3.3333332538604736 3.3333332538604736 3.1666667461395264 3.125 3.2916667461395264 3.2916667461395264 3.5416667461395264 3.9166667461395264 2.0233333110809326 0.64833331108093262 1.25 1.5 1.5 1.5 1.5 1.5 1.5 1.4583333730697632 1.4166666269302368 1.4583333730697632 1.5 1.5 1.5 1.5 1.5 1.5 1.5 1.5 1.5 1.5 1.5 1.4166666269302368 1.25 1.1499999761581421 1.25 1.3333333730697632 1 0.47499999403953552 0.20000000298023224 -1 -1 -1 -1 -1
2.4583332538604736 2.0833332538604736 1.8333333730697632 2 2.625 3.2083332538604736 3.2916667461395264 3.125 3.125 3.5833332538604736 3.9166667461395264 3.9166667461395264 3.9166667461395264 3.7083332538604736 3.375 3.2916667461395264 3.3333332538604736 3.375 3.5833332538604736 3.7083332538604736 3.6666667461395264 3.3333332538604736 2.4375 3 3.75 3.375 3.25 3.3125 3.125 3 3 3.0625 3.3125 3.625 3.5625 3.375 3.1875 3.125 3.25 3.375 3.625 3.6875 1.8424999713897705 0.71749997138977051 1.375 1.4375 1.5 1.5 1.5 1.5 1.5 1.4375 1.4375 1.5 1.5 1.5 1.5 1.5 1.5 1.5 1.5 1.5 1.5 1.5 1.4375 1.25 1 1 -1 -1 -1 -1 -1 -1 -1 -1 -1 -1
3.1875 3 3 2.8125 3.125 3.875 4.0625 3.9375 3.875 3.8125 3.75 3.6875 3.5625 3.375 3.25 3.3125 3.375 3.25 3.25 3.375 3.5 2.4583332538604736 2.3333332538604736 3.3333332538604736 3.4583332538604736 3.3333332538604736 3.2916667461395264 3.25 3.0833332538604736 3.1666667461395264 3.3333332538604736 3.375 3.4166667461395264 3.375 3.2916667461395264 3.1666667461395264 3.2083332538604736 3.4166667461395264 3.4583332538604736 3.5833332538604736 3.75 2.6875 1.0140000581741333 1.0533332824707031 1.5 1.5 1.5 1.5 1.5 1.5 1.4583333730697632 1.4583333730697632 1.5 1.5 1.5 1.5 1.5 1.5 1.5 1.5 1.5 1.5 1.5 1.5 1.375 1.25 -1 -1 -1 -1 -1 -1 -1 -1 -1 -1 -1 -1
3.4583332538604736 3.1666667461395264 3.0833332538604736 3.0833332538604736 3.125 3.2916667461395264 3.625 3.75 3.625 3.625 3.625 3.5833332538604736 3.4583332538604736 3.3333332538604736 3.2083332538604736 3.1666667461395264 3.25 3.2916667461395264 3.4166667461395264 3.5416667461395264 3.4583332538604736 2.5625 2.5625 3.5625 3.625 3.5 3.25 3.1875 3.125 3.0625 3.125 3.375 3.5625 3.4375 3.4375 3.25 3.125 3.4375 3.6875 3.875 4 0.75 1.125 1.5 1.5 1.5 1.5 1.5 1.5 1.4375 1.4375 1.5 1.5 1.5 1.5 1.5 1.5 1.5 1.5 1.5 0.89999997615814209 0.40000000596046448 0.30000001192092896 0.15000000596046448 0.20000000298023224 0.019999999552965164 0.019999999552965164 -1 -1 -1 -1 -1 -1 -1 -1 -1 -1 -1
3.375 3.375 3.375 3.25 2.875 2.9375 3.5 3.4375 3.0625 3.125 3.3125 3.5625 3.625 3.4375 3.25 3.25 3.375 3.375 3.5 3.3333332538604736 2.75 2.5416667461395264 3.2083332538604736 3.375 3.4166667461395264 3.5833332538604736 3.375 3.2916667461395264 3.1666667461395264 3.125 3.25 3.4583332538604736 3.5416667461395264 3.5 3.4583332538604736 3.1666667461395264 3.1666667461395264 3.375 3.5833332538604736 3.6500000953674316 2.005000114440918 1.1039999723434448 1.5 1.5 1.5 1.5 1.5 1.5 1.5 1.4583333730697632 1.4583333730697632 1.5 1.5 1.5 1.5 1.25 1 0.75 0.5 0.5 0.46000000834465027 0.46666666865348816 0.32400000095367432 0.10500000417232513 0.10666666924953461 0.019999999552965164 0.019999999552965164 -1 -1 -1 -1 -1 -1 -1 -1 -1 -1 -1
3.2916667461395264 3.1666667461395264 3.1666667461395264 3.25 3.3333332538604736 3.2916667461395264 3.4166667461395264 3.5833332538604736 3.4166667461395264 3.2083332538604736 3.2083332538604736 3.2083332538604736 3.1666667461395264 3.0833332538604736 3.2083332538604736 3.4166667461395264 3.3333332538604736 3.2916667461395264 3.2083332538604736 2.6666667461395264 2 2.6875 3.25 3.25 3.25 3.1875 3.0625 3.125 3.0625 3.3125 3.625 3.5625 3.4375 3.5 3.5625 3.25 3.1875 3.3125 3.3125 3.375 1.25 1.375 1.5 1.5 1.5 1.5 1.5 1.5 1.5 1.5 1.5 1.5 1.5 1 0.5 0.5 0.5 0.5 0.5 0.5 0.5 0.44999998807907104 0.30000001192092896 0.10000000149011612 -1 -1 -1 0.019999999552965164 0.019999999552965164 0.019999999552965164 -1 -1 -1 -1 -1 -1 -1 -1
3.3125 3.25 3.25 3.25 3.3125 3.25 3.125 3.25 3.1875 3 3 3 3.0625 3.0625 3.25 3.5 3.3125 3.0625 3.0833332538604736 2.25 2.0833332538604736 2.7916667461395264 2.5416667461395264 2.75 3.0416667461395264 3 3.0416667461395264 3.0833332538604736 3.0833332538604736 3.2083332538604736 3.4166667461395264 3.375 3.3333332538604736 3.3333332538604736 3.25 3.0833332538604736 3.1666667461395264 3.3333332538604736 3 1.3049999475479126 0.58399999141693115 1.2000000476837158 1.5 1.5 1.5 1.5 1.5 1.5 1.1299999952316284 0.87999999523162842 0.72500002384185791 0.47499999403953552 0.5 0.5 0.5 0.5 0.5 0.5 0.5 0.5 0.5 0.37999999523162842 0.13000001013278961 0.060000002384185791 0.019999999552965164 0.019999999552965164 0.14000000059604645 0.164000004529953 0.12333333492279053 0.10500000417232513 0.060000002384185791 0.019999999552965164 -1 -1 -1 -1 -1 -1
3.625 3.6666667461395264 3.5 3.4166667461395264 3.2916667461395264 3.25 3.2916667461395264 3.125 3.0416667461395264 3.0833332538604736 3.1666667461395264 3.1666667461395264 3.2083332538604736 3.125 3.125 3.25 3.1666667461395264 3.0833332538604736 2.875 2.3125 2.875 3.375 2.8125 2.1875 2.1875 2.625 3 3.125 3.125 3 3 3.0625 3.125 3.125 3.125 3.125 3.4375 3.5833332538604736 1.875 0.34000000357627869 0.23999999463558197 1.0666667222976685 1.5 1.5 1.5 1.5 1 0.5 0.30666667222976685 0.35499998927116394 0.5 0.5 0.5 0.5 0.5 0.5 0.5 0.5 0.5 0.5 0.5 0.46666666865348816 0.14666667580604553 0.019999999552965164 0.019999999552965164 0.046666666865348816 0.12999999523162842 0.17499999701976776 0.17499999701976776 0.20000000298023224 -1 -1 -1 -1 -1 -1 -1 -1
3.875 3.875 3.5625 3.375 3.375 3.3125 3.1875 3.0625 3.125 3.1875 3.1875 3.125 3.0625 3 3.1875 3.375 3.3125 2.5416667461395264 2.375 2.6666667461395264 3.0416667461395264 3.2916667461395264 3.5416667461395264 3.125 2.7083332538604736 2.75 2.7916667461395264 2.9583332538604736 2.9166667461395264 2.75 2.9583332538604736 3.0833332538604736 2.875 2.7916667461395264 2.8333332538604736 2.9166667461395264 3.0833332538604736 2.4500000476837158 0.36666667461395264 0.40000000596046448 0.40000000596046448 1.5 1.1666666269302368 0.69999998807907104 0.40000000596046448 0.33000001311302185 0.40400001406669617 0.43999999761581421 0.31999999284744263 0.37999999523162842 0.5 0.40400001406669617 0.40333333611488342 0.47999998927116394 0.47999998927116394 0.46666666865348816 0.48333334922790527 0.5 0.5 0.5 0.5 0.35333332419395447 0.13199999928474426 0.10999999940395355 0.22500000894069672 0.18000000715255737 0.15999999642372131 0.164000004529953 0.15333333611488342 0.1666666716337204 -1 -1 -1 -1 -1 -1 -1 -1
3.8333332538604736 3.75 3.625 3.4166667461395264 3.2916667461395264 3.4166667461395264 3.4166667461395264 3.3333332538604736 3.3333332538604736 3.25 3.1666667461395264 3.0416667461395264 3 3.0416667461395264 3.2083332538604736 3.3333332538604736 2.7083332538604736 2.0416667461395264 2.5625 3 3 3.0625 3.125 3.0625 3 3 3 3.0625 3.0625 3 3 3 3 3 2.9375 2.875 3 2.1833333969116211 1.6499999761581421 3 -1 -1 0.5 0.5 0.44999998807907104 0.47499999403953552 0.47499999403953552 0.40000000596046448 0.1666666716337204 0.10000000149011612 -1 0.019999999552965164 0.14666667580604553 0.14666667580604553 0.21000000834465027 0.44999998807907104 0.5 0.5 0.5 0.5 0.5 0.34000000357627869 0.019999999552965164 0.20000000298023224 0.22500000894069672 0.22500000894069672 0.17499999701976776 0.20000000298023224 0.25 0.20000000298023224 -1 -1 -1 -1 -1 -1 -1 -1
3.5625 3.5 3.5625 3.4375 3.25 3.3125 3.1875 3.25 3.25 3.0625 3.0625 3.0625 3.0625 3.125 3.25 3.25 2.1666667461395264 2.125 2.8333332538604736 3.125 3.0833332538604736 3 3 3 3 3 3 3 3 3 3 3 3 3 3 2.5833332538604736 2.4500000476837158 2.875 2.9500000476837158 3 -1 -1 0.30000001192092896 0.30000001192092896 0.31999999284744263 0.3333333432674408 0.27000001072883606 0.20400001108646393 0.1666666716337204 0.10000000149011612 -1 -1 0.019999999552965164 0.019999999552965164 0.019999999552965164 -1 0.5 0.5 0.5 0.40000000596046448 0.375 0.25499999523162842 0.13500000536441803 0.20499999821186066 0.23333333432674408 0.23333333432674408 0.20000000298023224 0.10000000149011612 -1 -1 -1 -1 -1 -1 -1 -1 -1 -1
3.3333332538604736 3.25 3.3333332538604736 3.2916667461395264 3.1666667461395264 3.2083332538604736 3.1666667461395264 3.0833332538604736 3.0416667461395264 3.0833332538604736 3.1666667461395264 3.2083332538604736 3.125 3.125 2.7083332538604736 2.1666667461395264 2 2.5 3.125 3.1875 3.0625 3 3.0625 3.0625 3 3 3 3 3 3 3 3 3 3 2.4375 1.75 2 2.625 2.75 2.25 1.5 -1 0.10000000149011612 0.10000000149011612 0.10000000149011612 0.10000000149011612 0.060000002384185791 0.046666666865348816 0.060000002384185791 -1 -1 -1 -1 -1 -1 -1 -1 -1 -1 -1 -1 0.019999999552965164 0.019999999552965164 0.019999999552965164 -1 -1 -1 -1 -1 -1 -1 -1 -1 -1 -1 -1 -1 -1
3 3.125 3.125 3 3.0625 3.125 3.0625 3.0625 3.0625 3.0625 3.125 3.1875 3.125 3.125 2.5 1.75 2.2916667461395264 2.9583332538604736 3.1666667461395264 3.125 3 3.0416667461395264 3.0833332538604736 3.0416667461395264 3 3 3 3 3 3 3 3 3 2.75 2.1666667461395264 2.375 2.8333332538604736 2.7916667461395264 2.625 2.2083332538604736 1.7999999523162842 1.5 -1 -1 -1 -1 -1 0.019999999552965164 0.019999999552965164 -1 -1 -1 -1 -1 -1 -1 -1 -1 -1 -1 -1 -1 -1 -1 -1 -1 -1 -1 -1 -1 -1 -1 -1 -1 -1 -1 -1 -1
3 3.25 3.2916667461395264 3.0416667461395264 3.0416667461395264 3.125 3.125 3.125 3.125 3.1666667461395264 3.125 3.0833332538604736 3.125 3.0833332538604736 3.0833332538604736 1.75 2.4375 3.1875 3.25 3.25 3.1875 3.0625 3 3 3 3 3 3 3 3 3 3 3 2.3125 2.4375 3.3125 3.1875 3.125 2.75 2.25 1.9166666269302368 1.25 -1 -1 -1 -1 -1 -1 -1 -1 -1 -1 -1 -1 -1 -1 -1 -1 -1 -1 -1 -1 -1 -1 -1 -1 -1 -1 -1 -1 -1 -1 -1 -1 -1 -1 -1 -1
3 3.375 3.5 3.125 3.125 3.1875 3.1875 3.1875 3.1875 3.3125 3.1875 3.0625 3.125 3.125 2.6666667461395264 2.5 2.7916667461395264 3.375 3.5416667461395264 3.4166667461395264 3.2083332538604736 3.0833332538604736 3 3 3 3 3 3 3 3 3 3 3 2.375 2.4583332538604736 3.0416667461395264 2.75 2.5625 2.375 2.25 2.5 -1 -1 -1 -1 -1 -1 -1 -1 -1 -1 -1 -1 -1 -1 -1 -1 -1 -1 -1 -1 -1 -1 -1 -1 -1 -1 -1 -1 -1 -1 -1 -1 -1 -1 -1 -1 -1
3.0833332538604736 3.2083332538604736 3.2083332538604736 3.0833332538604736 3.1666667461395264 3.2916667461395264 3.3333332538604736 3.25 3.25 3.375 3.3333332538604736 3.0833332538604736 2.7083332538604736 2.5416667461395264 2.5833332538604736 2.875 3.4375 3.5 3.5 3.1875 3.0625 3.0625 3 3 3 3 3 3 3 3 3 3 2.75 2.375 2.4375 2.4166667461395264 2 -1 -1 -1 -1 -1 -1 -1 -1 -1 -1 -1 -1 -1 -1 -1 -1 -1 -1 -1 -1 -1 -1 -1 -1 -1 -1 -1 -1 -1 -1 -1 -1 -1 -1 -1 -1 -1 -1 -1 -1 -1
3.25 3.125 3 3.125 3.25 3.3125 3.375 3.3125 3.3125 3.375 3.4375 2.875 2.25 2.7083332538604736 3.1666667461395264 3.125 3.2083332538604736 3.375 3.3333332538604736 3.2916667461395264 3.25 3.1666667461395264 3.1666667461395264 3.1666667461395264 3.0833332538604736 3.0416667461395264 3.0833332538604736 3.0416667461395264 3 3 3 3 2.4583332538604736 2.2999999523162842 2.6666667461395264 2.25 -1 -1 -1 -1 0 0 -1 -1 -1 -1 -1 -1 -1 -1 -1 -1 -1 -1 -1 -1 -1 -1 -1 -1 -1 -1 -1 -1 -1 -1 -1 -1 -1 -1 -1 -1 -1 -1 -1 -1 -1 -1
3.25 3.125 3.0416667461395264 3.3333332538604736 3.4583332538604736 3.25 3.1666667461395264 3.25 3.3333332538604736 3.4166667461395264 3.5 2.5 2.1666667461395264 3.0416667461395264 3.125 3.25 3.25 3.125 3.125 3.1875 3.25 3.375 3.375 3.1875 3.0625 3 3 3 3 3 3 3 2.375 1.75 -1 -1 -1 -1 -1 0 0.066666670143604279 0.13333334028720856 0.20000000298023224 -1 -1 -1 -1 -1 -1 -1 -1 -1 -1 -1 -1 -1 -1 -1 -1 -1 -1 -1 -1 -1 -1 -1 -1 -1 -1 -1 -1 -1 -1 -1 -1 -1 -1 -1
3.125 3.125 3.25 3.4375 3.375 3.125 3.0625 3.25 3.375 3.4375 3.4375 2.4375 2.4166667461395264 3.0833332538604736 3.0833332538604736 3.2083332538604736 3.25 3.1666667461395264 3.0833332538604736 3 3.0416667461395264 3.125 3.1666667461395264 3.0833332538604736 3 3 3 3 3 3.0416667461395264 2.9166667461395264 2.5416667461395264 2.1875 1.75 -1 -1 -1 -1 -1 0 0.125 0.1666666716337204 0.1666666716337204 0.019999999552965164 0.013333332724869251 0 -1 -1 -1 -1 -1 -1 -1 -1 -1 -1 -1 -1 -1 -1 -1 -1 -1 -1 -1 -1 -1 -1 -1 -1 -1 -1 -1 -1 0.5 0.5 0.5 -1
