SimulationData/Scenarios/Alblasserwaard/Flooding/Gorinchem/14400.asc
ncols        410
nrows        139
xllcorner    4.624486754327
yllcorner    51.814562674375
cellsize     0.001350341696
NODATA_value  -1
[rows 102 to 135 of 139, columns 154 to 230 of 410]
4 4 4 4 3.7916667461395264 3.5 3.5 3.5833332538604736 3.5833332538604736 3.5 3.75 4 4 4 4 4 4 4 3.625 3.25 3.3125 3.3125 3.375 3.5 3.5625 3.5625 3.375 3.3125 3.4375 3.4375 3.375 3.4375 3.6875 3.875 3.9375 3.375 2.8125 2.875 3.4375 4 4 4 3.9375 3.9375 4 4 4 4 3.9375 3.875 3.3125 2.75 2.375 2.375 3.3125 3.9375 4 4 4 4 4 4 4 4 2.875 2.75 3.75 3.8125 3.8125 3.8125 3.9375 3.9375 3.8125 3.75 3.375 3.1875 3.5
3.9375 4 4 3.9375 3.25 3.1875 3.875 4 4 4 4 4 4 4 4 4 4 4 3.7916667461395264 3.5 3.4166667461395264 3.2916667461395264 3.1666667461395264 3.1666667461395264 3.375 3.5416667461395264 3.5 3.4583332538604736 3.5416667461395264 3.625 3.625 3.75 3.9166667461395264 4 4 3.9583332538604736 2.8333332538604736 1.75 2.875 4 4 4 3.9583332538604736 3.9583332538604736 4 4 4 4 3.9583332538604736 3.625 3.25 3.1666667461395264 2.875 2.7916667461395264 3.2083332538604736 3.5 3.7916667461395264 4 4 4 4 4 4 4 3.25 2.5 3.0833332538604736 3.4583332538604736 3.75 3.7916667461395264 3.875 3.7083332538604736 3.625 3.5833332538604736 3.25 3.125 3.25
3.6666667461395264 3.4583332538604736 3.4583332538604736 3.5 3.5 3.75 4 4 4 4 4 4 4 4 4 3.875 3.875 3.9375 3.9375 3.5625 3.1875 3.125 3 3.25 3.375 3.4375 3.4375 3.625 3.75 3.875 4 4 4 4 4 4 2.9375 1.875 2.9375 4 4 4 4 4 4 4 4 3.9375 3.3125 2.625 2.4375 2.375 3.125 3.9375 4 3.5625 3.25 3.6875 4 4 4 4 4 4 4 4 2.875 2.5625 3.375 3.5 3.5 3.3125 3.375 3.375 3.125 3.0625 3.125
3.3125 3.5625 3.9375 4 4 4 4 4 4 4 4 4 4 4 4 3.9166667461395264 3.9166667461395264 3.9166667461395264 3.9166667461395264 3.7083332538604736 3.3333332538604736 3.3333332538604736 3.4166667461395264 3.4583332538604736 3.625 3.75 3.75 3.875 4 4 4 4 4 4 4 4 4 3.25 2.875 3.25 4 4 4 4 4 4 4 3.25 2.8333332538604736 3.4166667461395264 3.625 3.5833332538604736 3.7916667461395264 4 4 3.875 3.25 3.375 4 4 4 4 4 3.8333332538604736 3.8333332538604736 4 2.875 2.5 3.25 3.3333332538604736 3.2916667461395264 3.125 3.125 3.2916667461395264 3.4166667461395264 3.5 3.5
3.7916667461395264 4 4 4 4 4 4 4 4 4 3.9583332538604736 3.875 3.9375 4 4 4 4 4 4 3.9375 3.75 3.75 3.875 3.9375 4 4 4 4 4 4 4 4 4 4 4 4 4 4 2.9375 2.9375 4 4 4 4 4 4 4 2.875 3 4.125 4 4 4 4 4 4 3.3125 3.3125 4 4 4 4 4 3.5625 3.5625 4 2.875 2.5 3.25 3.25 3.125 3 3 3.375 3.75 3.75 3.5625
4 4 4 4 4 4 4 4 4 3.9375 3.7916667461395264 3.7916667461395264 3.9583332538604736 3.9583332538604736 3.9583332538604736 4 4 4 4 4 3.9583332538604736 3.9583332538604736 4 4 4 4 4 4 4 4 4 3.9583332538604736 3.9583332538604736 4 4 4 4 4 3.3333332538604736 2.9583332538604736 3.625 4 4 4 4 3.875 3.0833332538604736 2.7916667461395264 3.5833332538604736 4 4 4 4 4 4 4 3.7083332538604736 3.25 3.5416667461395264 4 3.9583332538604736 3.9166667461395264 3.875 3.6666667461395264 3.75 4 2.875 2.4583332538604736 3.2083332538604736 3.2083332538604736 3.25 3.25 3.25 3.4166667461395264 3.4583332538604736 3.4166667461395264 3.3333332538604736
4 4 4 3.9583332538604736 3.9166667461395264 3.875 3.875 3.9166667461395264 4 3.9583332538604736 3.8333332538604736 3.9375 4 3.9375 3.9375 4 4 4 4 4 3.875 3.875 4 4 4 4 4 4 3.9375 3.9375 4 3.9375 3.9375 4 4 4 4 4 4 2.9375 2.9375 4 4 3.9375 3.8125 3.1875 2.6875 3.375 4 4 4 4 4 4 4 4 3.9375 3.3125 3.375 4 3.9375 3.875 3.8125 3.875 4 4 3.375 2.5 2.6875 3.1875 3.3125 3.25 3.125 3.1875 3.1875 3.125 3.125
4 3.9375 3.9375 3.9375 3.875 3.9375 3.9375 3.875 3.9375 4 4 4 4 4 4 4 4 4 4 4 3.9583332538604736 3.9166667461395264 3.9166667461395264 3.9583332538604736 4 4 4 4 3.9583332538604736 3.9583332538604736 4 4 3.9583332538604736 3.9583332538604736 4 4 4 3.625 3.25 2.75 2.375 2.5833332538604736 2.75 2.7916667461395264 2.5416667461395264 2.875 3.5416667461395264 3.7916667461395264 3.9583332538604736 4 4 3.9166667461395264 3.8333332538604736 3.8333332538604736 3.9166667461395264 3.9583332538604736 3.875 3.5 3.3333332538604736 3.75 3.9166667461395264 3.9166667461395264 4 3.9166667461395264 3.75 3.6666667461395264 3.625 2.5833332538604736 2.3333332538604736 3.0833332538604736 3.125 3.2083332538604736 3.2083332538604736 3.2083332538604736 3.2916667461395264 3.2916667461395264 3.2083332538604736
4 3.9583332538604736 3.9583332538604736 4 4 4 4 4 4 4 4 4 4 4 4 4 4 4 4 4 4 4 3.75 3.875 4 4 4 4 4 4 4 4 3.875 3.9375 3.875 3.25 2.875 2.625 2.5 3 3.1875 3.0625 3 3.0625 3.0625 2.875 3.25 3.75 3.875 3.9375 4 3.875 3.75 3.75 3.875 3.8125 3.625 3.75 3.1875 3.125 3.5625 3.5 3.625 3.5 3.375 3.5 3.75 2.8125 2.3125 3.0625 3.1875 3.25 3.25 3.1875 3.25 3.3125 3.1875
4 4 4 4 4 4 4 4 3.9375 3.875 3.9583332538604736 3.9583332538604736 3.9583332538604736 4 4 4 4 4 4 4 4 4 3.9166667461395264 3.9166667461395264 4 4 4 4 4 4 4 4 3.5 2.8333332538604736 2.4583332538604736 2.7083332538604736 3.1666667461395264 3.4166667461395264 3.75 3.875 3.9583332538604736 3.9583332538604736 3.8333332538604736 3.7916667461395264 3.9166667461395264 3.6666667461395264 3.2916667461395264 3.5833332538604736 3.9166667461395264 3.9583332538604736 4 4 4 3.9583332538604736 3.7916667461395264 3.5 3.625 3.875 3.4583332538604736 3.2083332538604736 3.5416667461395264 3.75 3.7083332538604736 3.625 3.5833332538604736 3.75 3.9583332538604736 2.8333332538604736 2.4583332538604736 3.2916667461395264 3.3333332538604736 3.25 3.2083332538604736 3.2083332538604736 3.25 3.2916667461395264 3.1666667461395264
4 4 4 4 4 3.9583332538604736 3.9583332538604736 4 3.875 3.7916667461395264 3.875 3.9375 3.9375 4 4 4 4 4 4 4 4 4 4 4 4 4 4 4 4 4 4 4 3.4375 2.375 2.375 2.875 4 4 4 4 4 4 3.9375 3.875 4 4.1875 4.125 4 4 4 4 4 3.9375 3.8125 3.4375 3.375 3.8125 4 4 3.5625 3.1875 3.625 3.9375 3.9375 4 3.9375 3.9375 2.875 2.4375 3.125 3.25 3.25 3.125 3.25 3.375 3.3125 3.1875
4 4 4 4 4 3.8125 3.75 3.875 3.9166667461395264 3.9166667461395264 3.9583332538604736 4 4 4 4 4 4 4 4 4 4 4 4 3.9583332538604736 3.9583332538604736 4 4 4 4 4 4 4 3.8333332538604736 2.6666667461395264 2.8333332538604736 4 3.9166667461395264 3.9166667461395264 4 3.9583332538604736 3.9166667461395264 4 4 4.0416665077209473 4.0833334922790527 4.0416665077209473 4.0416665077209473 4 4 4 4 3.9166667461395264 3.8333332538604736 3.875 3.625 3.6666667461395264 4 4 4 3.9583332538604736 3.375 3.1666667461395264 3.75 3.9583332538604736 3.9166667461395264 3.9166667461395264 3.875 2.7916667461395264 2.4166667461395264 3.0833332538604736 3.1666667461395264 3.1666667461395264 3.0833332538604736 3.125 3.1666667461395264 3.125 2.9583332538604736
3.9166667461395264 3.9166667461395264 4 3.9583332538604736 3.9583332538604736 3.9166667461395264 3.8333332538604736 3.9166667461395264 3.9583332538604736 4 4 4 4 4 4 4 4 4 4 4 4 4 4 4 4 4 3.9375 3.9375 4 4 4 3.625 2.8125 2.625 3.4375 4 3.875 3.875 4 4 4 4.0625 4 3.9375 3.9375 3.75 3.8125 4 3.875 3.75 3.875 3.875 3.9375 4 3.6875 3.6875 4 4 3.9375 3.9375 3.8125 3 3 3.5 3.375 3.375 3.3125 2.5 2.4375 3.1875 3.1875 3.125 3.125 3.0625 2.9375 2.4375 2.3125
3.9375 3.9375 4 4 4 4 4 4 4 4 4 4 4 4 4 4 4 4 4 4 3.9583332538604736 3.9166667461395264 3.875 3.7916667461395264 3.5 3.0416667461395264 3 3.1666667461395264 3.125 3.0833332538604736 3 2.8333332538604736 2.9166667461395264 3.5 3.9583332538604736 4 3.9583332538604736 3.9583332538604736 4 4 4 4 3.9583332538604736 3.9166667461395264 3.9166667461395264 3.7083332538604736 3.625 3.875 3.75 3.5 3.7083332538604736 3.9583332538604736 3.9583332538604736 3.8333332538604736 3.7083332538604736 3.8333332538604736 4 3.875 3.75 3.6666667461395264 3.4583332538604736 2.875 2.75 3.0833332538604736 3.0833332538604736 3.0833332538604736 3.0416667461395264 2.75 2.4583332538604736 2.8333332538604736 3 2.7916667461395264 2.7916667461395264 2.7916667461395264 2.875 2.625 2.6666667461395264
4 4 4 4 4 4 4 4 4 4 4 4 4 4 4 4 3.9375 3.875 3.9375 4 4 4 3.9375 3.8125 3 2.0625 2.0625 2.25 1.875 2 3.0625 3.6875 3.75 3.75 3.8125 3.875 3.9375 4 4 4 4 4 4 3.875 3.8125 3.8125 3.75 3.8125 3.8125 3.75 3.875 4 4 3.6875 3.4375 3.625 3.75 3.5 3.5625 3.75 3.4375 3 2.75 3.125 3.5 3.375 3.125 2.9375 2.4375 2.5625 2.8125 2.75 3 3.0625 3.0625 3 2.5
4 4 4 4 4 4 4 4 4 4 4 4 4.0416665077209473 4.0833334922790527 4.0416665077209473 4 3.9583332538604736 3.8333332538604736 3.875 4 4 4 4 4 3.5416667461395264 2.6666667461395264 2.7083332538604736 3.2083332538604736 2.5833332538604736 2.8333332538604736 3.875 3.9166667461395264 3.9166667461395264 3.9166667461395264 3.875 3.9166667461395264 3.9166667461395264 3.9583332538604736 4 4 4 4 4 3.9583332538604736 3.875 3.7916667461395264 3.8333332538604736 3.875 3.8333332538604736 3.8333332538604736 3.7916667461395264 3.8333332538604736 3.7916667461395264 3.4166667461395264 3.1666667461395264 3.25 3.3333332538604736 3.1666667461395264 3.375 3.6666667461395264 3.4166667461395264 3.125 2.7083332538604736 2.4166667461395264 3.1666667461395264 3.125 3.0416667461395264 2.9583332538604736 2.4166667461395264 2.1666667461395264 2.5833332538604736 2.875 3 2.7083332538604736 2.375 2.2000000476837158 1.8500000238418579
4 4 4 4 4 4 4 4 4 4 4 4 4 4 4 4 4 4 4 4 4 4 4 4 4 3.0625 2.625 3.0625 2.5625 2.9375 3.875 4 4 4 4 4 3.9375 3.9375 4 4 4 4 3.9375 3.9375 3.9375 3.875 3.875 3.625 3.375 3.375 3.3125 3.3125 3.25 3.25 3.3125 3.125 3 3 3.3125 3.5625 3.25 3 2.625 2.25 2.3125 2.6875 2.6875 2.1875 2.125 2.25 2.3125 2.375 2.3125 1.8333333730697632 1 1 1.375
4 4 4 4 4 4 4 3.2083332538604736 3.25 3.25 3.5 3.8333332538604736 3.9583332538604736 4 4 4 3.9166667461395264 3.7916667461395264 3.875 4 4 4 4 4 4 3.0833332538604736 2.5833332538604736 3 2.5416667461395264 2.7916667461395264 3.75 4 4 4 4 4 4 4 4 3.9583332538604736 3.8333332538604736 3.7916667461395264 3.875 3.9583332538604736 4 3.875 3.5416667461395264 3.375 3.5 3.5833332538604736 3.4166667461395264 3.2083332538604736 3.0833332538604736 3.125 3.2083332538604736 3.0833332538604736 2.6666667461395264 2.3333332538604736 2.7916667461395264 3.2083332538604736 3.0416667461395264 2.9583332538604736 2.875 2.75 2.7916667461395264 2.9000000953674316 2.0499999523162842 1.3333333730697632 1.1916667222976685 1.6799999475479126 2.4375 1.8500000238418579 1.4166666269302368 1.5 2 2.3333332538604736 2.2999999523162842
3.1666667461395264 3.1666667461395264 3.1666667461395264 3.1666667461395264 3.1666667461395264 3.1666667461395264 3.1666667461395264 3.2083332538604736 2.875 2.875 2.6875 2.5625 2.6875 2.75 3.375 4 3.8125 3.5 3.625 3.9375 4 4 4 4 3.4375 2.8125 2.8125 2.6875 2.8125 3.3125 3.75 4 4 4 4 4 4 4 4 3.875 3.6875 3.625 3.8125 3.9375 3.8125 3.6875 3.4375 3.1875 3.25 3.375 3.1875 3 2.5 2 2 2 1.6666666269302368 1 2 3 3 3 3 3 3 3 1.25 1 0.57499998807907104 0.40000000596046448 -1 0.75 1.375 1.3333333730697632 1 1.3333333730697632 2
2.75 3.375 4 4 4 4 4 3.9583332538604736 3.9583332538604736 4 3.625 2.7083332538604736 2.6666667461395264 3.1666667461395264 3.1666667461395264 3.1666667461395264 3.0416667461395264 2.9166667461395264 3 3.5 3.9166667461395264 3.9583332538604736 3.9583332538604736 3.875 2.8333332538604736 2.5 3.0416667461395264 2.5416667461395264 3.0833332538604736 3.9583332538604736 3.9583332538604736 4 4 4 4 4 3.9583332538604736 3.9166667461395264 3.9583332538604736 3.9166667461395264 3.9166667461395264 3.875 3.875 3.8333332538604736 3.5416667461395264 3.125 2.6666667461395264 2.4166667461395264 2.3333332538604736 2 2 2 1.75 1.5625 2 2.4375 2.8125 3 3.0625 3.25 -1 -1 -1 -1 -1 -1 -1 -1 -1 -1 -1 -1 -1 0 0 0 -1
4 4 4 4 4 4 4 3.875 3.875 4 4 4 4 4 4 4 4 4 3.6875 3.625 3.875 3.9375 3.9375 4 3.25 2.4375 2.625 2.75 3.25 3.875 4 4 4 4 4 4 3.875 3.875 4 4 3.9375 3.75 3.6875 3 2.125 1.6666666269302368 1 1 1 1.625 2.5 3.625 3.5 3 3.375 3.875 3.9375 3.8125 3.875 4 -1 -1 -1 -1 -1 -1 -1 -1 -1 -1 -1 -1 -1 -1 -1 -1 -1
4 3.9375 3.875 3.9375 4 4 3.9583332538604736 3.75 3.75 3.9583332538604736 4 3.9583332538604736 3.5833332538604736 3.2916667461395264 3.625 3.9583332538604736 3.9583332538604736 3.9166667461395264 3.5416667461395264 3.1666667461395264 2.8333332538604736 2.9583332538604736 3.125 3.1666667461395264 2.8333332538604736 2.4583332538604736 2.5416667461395264 2.75 2.7916667461395264 3 3.0416667461395264 2.9583332538604736 2.9583332538604736 2.8333332538604736 2.8333332538604736 2.875 2.8333332538604736 2.8333332538604736 2.9166667461395264 2.875 2.4166667461395264 2.0999999046325684 2.25 2 2 2.8125 3.4375 3.625 3.75 2.9000000953674316 2.8333332538604736 3.875 4.2083334922790527 3.875 3.7916667461395264 3.875 3.9166667461395264 3.9166667461395264 3.9375 4 -1 -1 -1 -1 -1 -1 -1 -1 -1 -1 -1 -1 -1 -1 -1 -1 -1
4 3.9166667461395264 3.7916667461395264 3.7916667461395264 3.8333332538604736 3.8333332538604736 3.75 3.1875 3.25 3.875 3.75 3.125 2.625 2.3125 2.5 2.75 2.6875 2.625 2.5625 2.5 2.375 2.25 2.25 2.25 2.625 3 3 3 2.6875 1.9375 1.8125 2.6875 2.0625 1 1.125 1.125 1.125 1.125 1.375 1.625 1.5 2 3.375 3.5 3.5 3.875 4.3125 4.3125 4 3.5 3.375 3.8125 3.875 3.875 3.875 3.875 3.875 3.9375 4 -1 -1 -1 -1 -1 -1 -1 -1 -1 -1 -1 -1 -1 -1 -1 -1 -1 -1
4 3.9375 3.8125 3.5625 2.9375 1.9166666269302368 1.9166666269302368 1.75 1.75 2.0833332538604736 2.125 2.0416667461395264 2.2916667461395264 2.5 2.2916667461395264 1.875 1.7916666269302368 1.9166666269302368 2.25 2.5833332538604736 2.5 2.4166667461395264 2.4166667461395264 2.4166667461395264 2.4166667461395264 2.4166667461395264 2.4583332538604736 2.5 2.4583332538604736 2.1666667461395264 1.9583333730697632 2.1666667461395264 2.2083332538604736 2.0833332538604736 2.0833332538604736 1.8333333730697632 1.7000000476837158 2 2.3125 2.875 3.75 3.9500000476837158 3.8333332538604736 3.9583332538604736 3.9166667461395264 3.875 3.9583332538604736 3.9583332538604736 3.9166667461395264 3.875 3.9166667461395264 3.9166667461395264 3.9166667461395264 3.9583332538604736 3.9583332538604736 3.9583332538604736 3.9000000953674316 4 4.125 -1 -1 -1 -1 -1 -1 -1 -1 -1 -1 -1 -1 -1 -1 -1 -1 -1 -1
3.2916667461395264 2.875 2.3333332538604736 2.0416667461395264 2 1.75 1.9375 2.0625 2.125 2.375 2.1875 1.875 2.125 2.375 2.375 2.25 2.625 3 3 3 3 3 3 3 3.125 3.125 3 3 3 3 3 2.75 2.5 2.5 2.6666667461395264 2.875 2.5 3.125 3.6666667461395264 3.8125 4.3125 4.3125 4 3.875 3.8125 3.75 3.75 3.875 4 3.875 3.875 3.9375 4 4.0833334922790527 4.125 4 3.75 -1 -1 -1 -1 -1 -1 -1 -1 -1 -1 -1 -1 -1 -1 -1 -1 -1 -1 -1 -1
3.0625 1.8999999761581421 1.7124999761581421 2.3125 2.75 2.875 2.9583332538604736 2.9583332538604736 3 3.3333332538604736 3.125 2.2916667461395264 2.5 2.9583332538604736 2.9166667461395264 2.875 2.9166667461395264 3 3.0833332538604736 3.1666667461395264 3.0833332538604736 3 3 3 3.0833332538604736 3.0833332538604736 3 2.7916667461395264 2.5833332538604736 2.75 2.75 2.3125 2.75 3.375 3.1875 3.375 3.8499999046325684 3.9166667461395264 4 4.0416665077209473 4.0416665077209473 3.9583332538604736 3.8333332538604736 3.8333332538604736 3.8333332538604736 3.7916667461395264 3.75 3.7916667461395264 3.8333332538604736 3.875 3.9500000476837158 4 4 4 -1 -1 -1 -1 -1 -1 -1 -1 -1 -1 -1 -1 -1 -1 -1 -1 -1 -1 -1 -1 -1 -1 -1
1.8174999952316284 1.4240000247955322 1.9700000286102295 2.0999999046325684 2.1666667461395264 2.375 2.6875 3 3 3.125 3.125 2.5625 2.5 2.8125 2.8125 2.875 2.8125 2.8125 3 3.125 3.125 3.0625 3 3 3 2.8125 2.625 2.3333332538604736 1.75 2 3.125 3.4166667461395264 3.5625 4 4 3.9375 4.125 4.1875 3.9375 3.8125 3.375 3.375 3.8125 3.875 3.875 3.8125 3.8125 3.875 4 4 4 -1 -1 -1 -1 -1 -1 -1 -1 -1 -1 -1 -1 -1 -1 -1 -1 -1 -1 -1 -1 -1 -1 -1 -1 -1 -1
0.019999999552965164 1.9233332872390747 2.9166667461395264 2.1666667461395264 2.1666667461395264 2.3333332538604736 2.75 3 2.875 2.8333332538604736 2.4166667461395264 2.2916667461395264 2.4583332538604736 2.5833332538604736 2.9166667461395264 2.9166667461395264 2.7916667461395264 2.5416667461395264 2.4166667461395264 2.75 2.75 2.7083332538604736 2.6666667461395264 2.6666667461395264 2.625 2.5999999046325684 2 2.2000000476837158 3.5625 3.6500000953674316 3.6666667461395264 3.9166667461395264 3.9583332538604736 4 3.9583332538604736 3.8333332538604736 3.875 3.9583332538604736 4 3.9166667461395264 3.5 3.5416667461395264 3.8333332538604736 3.8333332538604736 3.7916667461395264 3.75 3.7999999523162842 3.875 4 4.25 -1 -1 -1 -1 -1 -1 -1 -1 -1 -1 -1 -1 -1 -1 -1 -1 -1 -1 -1 -1 -1 -1 -1 -1 -1 -1 -1
1 1.9233332872390747 2.4200000762939453 2.9583332538604736 3 2.875 2.067500114440918 1.4474999904632568 2.0066666603088379 2.1666667461395264 1.5 1.0666667222976685 0.85000002384185791 1.2999999523162842 2.0625 2 1.875 2 2.125 2.3125 2.5 2.6875 2.6875 2.3333332538604736 2.25 3.125 3.4166667461395264 3.625 4 4 3.875 3.75 3.75 3.75 3.75 3.75 3.8125 3.9375 4 3.9375 3.8125 3.8125 3.875 3.8125 3.75 3.75 3.75 -1 -1 -1 -1 -1 -1 -1 -1 -1 -1 -1 -1 -1 -1 -1 -1 -1 -1 -1 -1 -1 -1 -1 -1 -1 -1 -1 -1 -1 -1
1 0.50999999046325684 1.3849999904632568 2.875 3 1.8666666746139526 0.62800002098083496 0.96833330392837524 2.2539999485015869 2.3499999046325684 2.1500000953674316 1.7999999523162842 1.5800000429153442 1.940000057220459 2.0999999046325684 1.4500000476837158 1.4916666746139526 2.5416667461395264 2.8333332538604736 2.9166667461395264 3.0999999046325684 3.4375 3.375 3.0625 3.4375 3.8499999046325684 3.9166667461395264 4 3.9166667461395264 3.8333332538604736 3.7916667461395264 3.7916667461395264 3.9166667461395264 4 3.875 3.75 3.7916667461395264 3.875 3.8333332538604736 3.875 3.9166667461395264 3.9166667461395264 4 3.9500000476837158 3.8333332538604736 3.75 -1 -1 -1 -1 -1 -1 -1 -1 -1 -1 -1 -1 -1 -1 -1 -1 -1 -1 -1 -1 -1 -1 -1 -1 -1 -1 -1 -1 -1 -1 -1
1 1 -1 -1 -1 -1 0.019999999552965164 1.1349999904632568 2.5833332538604736 2.625 2.625 2.5 2.6875 3.1875 3.25 2.375 2.1875 2.875 2.875 2.9166667461395264 2.625 3.125 3.75 3.75 3.9375 4 4 3.9375 3.875 3.8125 3.9375 4.125 4.125 4.5 4.125 3.75 3.75 3 3 3.625 3.6875 3.75 4.125 4 -1 -1 -1 -1 -1 -1 -1 -1 -1 -1 -1 -1 -1 -1 -1 -1 -1 -1 -1 -1 -1 -1 -1 -1 -1 -1 -1 -1 -1 -1 -1 -1 -1
-1 -1 -1 -1 -1 -1 -1 -1 2.5 2.5 2.75 2.75 2.875 3.375 3.375 2.625 2.375 2.875 3 3 2.25 3.4166667461395264 4 4.0500001907348633 4.0500001907348633 4 4 3.5625 3.4166667461395264 3.875 4.125 4.375 4.25 4.25 -1 -1 -1 1.5 1.5333333015441895 2.2000000476837158 3.375 3.25 -1 -1 -1 -1 -1 -1 -1 -1 -1 -1 -1 -1 -1 -1 -1 -1 -1 -1 -1 -1 -1 -1 -1 -1 -1 -1 -1 -1 -1 -1 -1 -1 -1 -1 -1
-1 -1 -1 -1 -1 -1 -1 -1 -1 -1 -1 -1 -1 -1 -1 -1 -1 -1 -1 -1 -1 -1 -1 4.25 4.25 -1 -1 -1 -1 -1 -1 -1 -1 -1 -1 -1 -1 -1 -1 -1 -1 -1 -1 -1 -1 -1 -1 -1 -1 -1 -1 -1 -1 -1 -1 -1 -1 -1 -1 -1 -1 -1 -1 -1 -1 -1 -1 -1 -1 -1 -1 -1 -1 -1 -1 -1 -1
-1 -1 -1 -1 -1 -1 -1 -1 -1 -1 -1 -1 -1 -1 -1 -1 -1 -1 -1 -1 -1 -1 -1 -1 -1 -1 -1 -1 -1 -1 -1 -1 -1 -1 -1 -1 -1 -1 -1 -1 -1 -1 -1 -1 -1 -1 -1 -1 -1 -1 -1 -1 -1 -1 -1 -1 -1 -1 -1 -1 -1 -1 -1 -1 -1 -1 -1 -1 -1 -1 -1 -1 -1 -1 -1 -1 -1
