SimulationData/Scenarios/Alblasserwaard/Flooding/Gorinchem/14400.asc
ncols        410
nrows        139
xllcorner    4.624486754327
yllcorner    51.814562674375
cellsize     0.001350341696
NODATA_value  -1
[rows 68 to 101 of 139, columns 308 to 384 of 410]
2.375 2.25 2 1.9583333730697632 2.3333332538604736 2.4166667461395264 2.0833332538604736 1.875 2 2.0416667461395264 2.0416667461395264 2 2.0416667461395264 1.9583333730697632 1.9166666269302368 2.0833332538604736 2.25 2.4166667461395264 2.375 2.375 2.4583332538604736 2.5 2.5416667461395264 2.5833332538604736 2.4583332538604736 2.5416667461395264 2.75 2.625 2.625 2.75 2.75 2.625 2.2916667461395264 2.0416667461395264 2 2 2.0833332538604736 2.3333332538604736 2.625 2.625 2.4583332538604736 2.2916667461395264 2.1666667461395264 2.1666667461395264 2.0416667461395264 1.8333333730697632 1.75 1.625 1.25 1.375 1.7916666269302368 1.875 1.9166666269302368 1.9166666269302368 1.9166666269302368 1.875 1.875 1.9166666269302368 1.875 1.7916666269302368 1.75 1.7916666269302368 1.9166666269302368 2.0499999523162842 2.125 -1 -1 -1 -1 -1 -1 -1 -1 -1 -1 -1 -1
2.625 2.5 2.1875 1.9375 2.125 2.1875 2.125 1.875 1.6875 1.8125 2 2.125 2.1875 2.25 2.125 2 2.375 2.625 2.5625 2.5625 2.5625 2.625 2.6875 2.6875 2.4375 2.3125 2.375 2.25 2.4375 2.75 2.6875 2.4375 2.1875 2 1.9375 2 2 2.3125 2.625 2.5 2.3125 2.1875 2 1.875 1.8125 1.9375 1.8125 1.375 1.4375 1.6875 1.8125 1.875 1.9375 1.9375 1.8125 1.75 1.75 1.75 1.75 1.8125 1.875 1.9375 2 2 -1 -1 -1 -1 -1 -1 -1 -1 -1 -1 -1 -1 -1
2.6666667461395264 2.5833332538604736 2.25 2.0416667461395264 2.0416667461395264 2.0833332538604736 2.4166667461395264 2.5833332538604736 2.4583332538604736 2.4166667461395264 2.4583332538604736 2.2916667461395264 2.25 2.4166667461395264 2.4166667461395264 2.3333332538604736 2.4166667461395264 2.4166667461395264 2.3333332538604736 2.375 2.4166667461395264 2.4166667461395264 2.4166667461395264 2.4166667461395264 2.4166667461395264 2.3333332538604736 2.0833332538604736 2.2083332538604736 2.5833332538604736 2.6666667461395264 2.4583332538604736 2.1666667461395264 2.0416667461395264 1.9583333730697632 1.9166666269302368 1.9583333730697632 2 2.0416667461395264 2.0833332538604736 2.0416667461395264 2.0416667461395264 2.0833332538604736 2.1666667461395264 2.25 2.2083332538604736 1.9166666269302368 1.6666666269302368 1.875 2.2083332538604736 2.25 2 1.875 1.875 1.8333333730697632 1.8333333730697632 1.7916666269302368 1.75 1.75 1.75 1.8333333730697632 1.9166666269302368 1.9166666269302368 1.9375 2 -1 -1 -1 -1 -1 -1 -1 -1 -1 -1 -1 -1 -1
2.75 2.625 2.375 2.375 2.3125 2.25 2.625 2.75 2.75 2.75 2.625 2.5 2.5 2.375 2.25 2.25 2.3125 2.3125 2.1875 2.4375 2.375 2.25 2.25 2 2.125 2.125 1.9375 2.1875 2.375 2.25 2.0625 1.9375 2 2 1.9375 1.875 1.8125 1.8125 2 2.125 2.125 2.25 2.5 2.625 2.1875 1.625 1.6875 2.125 2.5625 2.625 2.3125 2.125 2 1.875 1.8125 1.75 1.75 1.75 1.875 2.125 2.0625 1.9166666269302368 2 -1 -1 -1 -1 -1 -1 -1 -1 -1 -1 -1 -1 -1 -1
2.6666667461395264 2.7083332538604736 2.625 2.5416667461395264 2.4166667461395264 2.3333332538604736 2.5 2.6666667461395264 2.6666667461395264 2.5416667461395264 2.5416667461395264 2.625 2.7083332538604736 2.7083332538604736 2.6666667461395264 2.5833332538604736 2.6666667461395264 2.6666667461395264 2.5 2.5833332538604736 2.625 2.625 2.6666667461395264 2.5416667461395264 2.4583332538604736 2.2916667461395264 2.1666667461395264 2.2083332538604736 2.125 2 2.0833332538604736 2.0833332538604736 2 2 1.9583333730697632 1.9166666269302368 1.875 1.875 2.0416667461395264 2.0833332538604736 1.9583333730697632 1.9583333730697632 1.875 1.75 1.5833333730697632 1.5416666269302368 1.7916666269302368 2 2.2083332538604736 2.25 2.125 2.0833332538604736 2.0416667461395264 1.9583333730697632 1.875 1.7916666269302368 1.8333333730697632 1.9166666269302368 2 2.0833332538604736 1.9500000476837158 1.75 -1 -1 -1 -1 -1 -1 -1 -1 -1 -1 -1 -1 -1 -1 -1
2.625 2.625 2.5625 2.5 2.5 2.5 2.4375 2.5625 2.75 2.6875 2.6875 2.625 2.625 2.75 2.75 2.6875 2.6875 2.6875 2.625 2.6875 2.75 2.6875 2.5625 2.625 2.5625 2.4375 2.375 2.125 2 2 2 2 1.9375 1.875 1.9375 1.9375 1.9375 1.9166666269302368 1.9166666269302368 2.0625 1.75 1.5 1.625 1.625 1.6666666269302368 1.5833333730697632 1.5625 1.5833333730697632 1.4166666269302368 1.5833333730697632 1.9166666269302368 1.875 1.9375 2 1.9375 1.8125 1.8125 1.875 1.875 1.9375 2 -1 -1 -1 -1 -1 -1 -1 -1 -1 -1 -1 -1 -1 -1 -1 -1
2.75 2.7083332538604736 2.7083332538604736 2.75 2.7916667461395264 2.7916667461395264 2.6666667461395264 2.6666667461395264 2.75 2.75 2.75 2.7083332538604736 2.6666667461395264 2.7083332538604736 2.75 2.7083332538604736 2.7083332538604736 2.75 2.75 2.75 2.75 2.5833332538604736 2.3333332538604736 2.2916667461395264 2.25 2.0833332538604736 2.0416667461395264 2.0416667461395264 2 1.9166666269302368 1.7999999523162842 1.5499999523162842 1.3083332777023315 1.4333332777023315 1.8333333730697632 1.8333333730697632 1.75 2 1.9500000476837158 1.8333333730697632 1.6666666269302368 1.5833333730697632 1.75 2.0833332538604736 2.0499999523162842 1.7999999523162842 1.7083333730697632 1.6875 0.82499998807907104 1.059999942779541 1.8500000238418579 1.8333333730697632 1.7916666269302368 1.875 2 1.9583333730697632 1.875 1.9166666269302368 1.9166666269302368 1.9375 2 -1 -1 -1 -1 -1 -1 -1 -1 -1 -1 -1 -1 -1 -1 -1 -1
2.75 2.75 2.75 2.75 2.75 2.75 2.75 2.75 2.75 2.75 2.75 2.75 2.6875 2.6875 2.75 2.75 2.75 2.75 2.75 2.75 2.75 2.6875 2.5625 2.375 2.375 2.125 1.8125 1.9375 2 1.875 1.75 1.5 1.5625 1.875 2 1.625 1.625 2.125 2 1.75 1.625 1.625 1.75 1.6875 1.8125 1.875 1.75 1.6875 1.2625000476837158 1.3250000476837158 1.875 1.875 1.75 1.875 2.25 2.3125 2.1875 2.25 2.1666667461395264 2 -1 -1 -1 -1 -1 -1 -1 -1 -1 -1 -1 -1 -1 -1 -1 -1 -1
2.75 2.75 2.75 2.75 2.75 2.75 2.75 2.75 2.75 2.75 2.75 2.75 2.75 2.7083332538604736 2.6666667461395264 2.7083332538604736 2.75 2.75 2.75 2.75 2.75 2.625 2.4583332538604736 2.375 2.2916667461395264 2.0833332538604736 1.875 1.75 1.6666666269302368 1.7083333730697632 1.7083333730697632 1.4166666269302368 1.1699999570846558 1.3366667032241821 1.7916666269302368 1.6666666269302368 1.5833333730697632 1.7916666269302368 1.7083333730697632 1.5083333253860474 1.2999999523162842 1.375 1.4166666269302368 1.3999999761581421 1.4500000476837158 1.6499999761581421 1.5299999713897705 1.4833333492279053 1.6499999761581421 1.7000000476837158 1.8333333730697632 1.9166666269302368 1.8333333730697632 1.875 2.1666667461395264 2.0999999046325684 1.75 2.5 2.5 -1 -1 -1 -1 -1 -1 -1 -1 -1 -1 -1 -1 -1 -1 -1 -1 -1 -1
2.75 2.75 2.75 2.75 2.75 2.75 2.75 2.75 2.75 2.75 2.75 2.75 2.75 2.6875 2.625 2.6875 2.75 2.75 2.5625 2.375 2.375 2.25 2.0625 1.9375 1.8125 1.8125 1.875 1.75 1.625 1.8125 1.9375 1.625 0.94249999523162842 0.94249999523162842 1.6875 1.6875 1.625 1.875 1.8125 1.3250000476837158 1.0125000476837158 1.25 1.375 1.5 1.1625000238418579 1.2875000238418579 1.8333333730697632 1.8333333730697632 1.8125 1.5 1.25 1.5 1.75 1.875 2.0625 2.125 -1 -1 -1 -1 -1 -1 -1 -1 -1 -1 -1 -1 -1 -1 -1 -1 -1 -1 -1 -1 -1
2.75 2.75 2.75 2.75 2.75 2.75 2.75 2.6666667461395264 2.625 2.7083332538604736 2.75 2.625 2.5 2.5833332538604736 2.6666667461395264 2.5833332538604736 2.4583332538604736 2.5416667461395264 2.3333332538604736 2 1.9166666269302368 1.8333333730697632 1.8333333730697632 1.8333333730697632 1.8333333730697632 1.8333333730697632 1.9166666269302368 1.875 1.75 1.8333333730697632 1.9583333730697632 1.7916666269302368 1.3500000238418579 1.0499999523162842 1.1000000238418579 1.1749999523162842 1.440000057220459 1.75 1.75 1.4375 1.1540000438690186 0.99400001764297485 0.72500002384185791 0.98000001907348633 1.0083333253860474 1.0916666984558105 1.1940000057220459 1.2549999952316284 1.5 1.5 1.0625 1.125 1.75 1.9375 2 2 2 2 -1 -1 -1 -1 -1 -1 -1 -1 -1 -1 -1 -1 -1 -1 -1 -1 -1 -1 -1
2.75 2.75 2.75 2.75 2.75 2.625 2.5625 2.5 2.4375 2.625 2.75 2.6875 2.625 2.6875 2.75 2.6875 2.4375 2.3125 2.125 1.875 1.875 1.5625 1.3125 1.4375 1.4375 1.3125 1.3125 1.3125 1.25 1.3125 1.375 1.3125 1.4166666269302368 1.3333333730697632 0.89999997615814209 0.82499998807907104 1.2333333492279053 1.75 1.5 1.5 0.75666666030883789 0.43000000715255737 0.60000002384185791 0.91250002384185791 1.1000000238418579 0.97500002384185791 1.4249999523162842 1.75 1.5625 1.9375 1.4125000238418579 0.97500002384185791 1.6875 1.9375 2.125 2.1875 2.125 2.125 -1 -1 -1 -1 -1 -1 -1 -1 -1 -1 -1 -1 -1 -1 -1 -1 -1 -1 -1
2.75 2.6666667461395264 2.625 2.6666667461395264 2.5833332538604736 2.5416667461395264 2.5833332538604736 2.5833332538604736 2.5416667461395264 2.5416667461395264 2.6666667461395264 2.75 2.7083332538604736 2.625 2.5833332538604736 2.25 1.75 1.5833333730697632 1.5416666269302368 1.5416666269302368 1.625 1.5833333730697632 1.5416666269302368 1.625 1.625 1.5 1.4166666269302368 1.3500000238418579 1.25 1.3999999761581421 1.5 1.625 1.75 1.75 1.6666666269302368 1.3666666746139526 1.2833333015441895 1.1166666746139526 0.96666663885116577 1.1200000047683716 0.73000001907348633 0.98333334922790527 1.5 1.6666666269302368 1.7083333730697632 1.5833333730697632 1.5833333730697632 1.7083333730697632 1.75 1.75 1.4416667222976685 1.3583333492279053 1.7916666269302368 1.875 2.1666667461395264 2.4500000476837158 2.375 2.375 -1 -1 -1 -1 -1 -1 -1 -1 -1 -1 -1 -1 -1 -1 -1 -1 -1 -1 -1
2.625 2.5625 2.5625 2.625 2.625 2.625 2.5 2.3125 2.25 2.25 2.75 3.1875 2.3125 1.4375 1.375 1.3125 1.4375 1.875 2.125 2.0625 2 2 2 2 1.9375 1.8125 1.5 1.4166666269302368 1.75 1.75 1.75 1.75 1.75 1.75 1.6875 1.5833333730697632 1.3333333730697632 1 0.30000001192092896 0.10000000149011612 0.40000000596046448 1.0750000476837158 1.75 1.5833333730697632 1.4375 1.5625 1.5625 1.5 1.625 1.5625 1.375 1.4375 1.3624999523162842 1.0125000476837158 1.3666666746139526 2.25 -1 -1 -1 -1 -1 -1 -1 -1 -1 -1 -1 -1 -1 -1 -1 -1 -1 -1 -1 -1 -1
2.4166667461395264 2.4583332538604736 2.5 2.5 2.375 2.2083332538604736 2.0833332538604736 2 1.7916666269302368 1.7083333730697632 2 2.1666667461395264 1.9583333730697632 1.75 1.9166666269302368 2.125 2.4583332538604736 2.5833332538604736 2.4583332538604736 2.2916667461395264 2.125 2.0416667461395264 2.0416667461395264 2 2 1.875 1.5833333730697632 1.7083333730697632 2 1.875 1.75 1.6666666269302368 1.3583333492279053 1.2875000238418579 1.5625 1.375 1.5 2 -1 -1 -1 -1 -1 1.5 1.375 1.5 1.375 1.25 1.25 1.5625 1.6875 1.5 1.3250000476837158 1.059999942779541 1.0499999523162842 -1 -1 -1 -1 -1 -1 -1 -1 -1 -1 -1 -1 -1 -1 -1 -1 -1 -1 -1 -1 -1 -1
2.25 2.125 2.25 2.4375 2.4375 1.875 1.375 1.375 1.4375 1.5 1.9375 2.5625 2.625 2.5 2.625 2.75 2.6875 2.6875 2.5625 2.5 2.4375 2.25 2.1875 2.0625 2 1.9375 1.8333333730697632 1.9166666269302368 2 1.875 1.75 1.5625 0.91250002384185791 0.44999998807907104 1.5 1.5 -1 -1 -1 -1 -1 -1 -1 -1 -1 -1 -1 -1 -1 -1 -1 1.5 1.75 2 -1 -1 -1 -1 -1 -1 -1 -1 -1 -1 -1 -1 -1 -1 -1 -1 -1 -1 -1 -1 -1 -1 -1
2.375 2.0416667461395264 1.9166666269302368 2.0416667461395264 2 1.9583333730697632 1.9166666269302368 1.9583333730697632 2.125 2.375 2.4166667461395264 2.4166667461395264 2.4583332538604736 2.4166667461395264 2.5416667461395264 2.7083332538604736 2.75 2.7083332538604736 2.5833332538604736 2.5 2.5416667461395264 2.5 2.375 2.2083332538604736 2 1.9166666269302368 1.7000000476837158 1.375 1.5 1.25 1.4166666269302368 1.375 1 1.0499999523162842 1.25 -1 -1 -1 -1 -1 -1 -1 -1 -1 -1 -1 -1 -1 -1 -1 -1 -1 -1 -1 -1 -1 -1 -1 -1 -1 -1 -1 -1 -1 -1 -1 -1 -1 -1 -1 -1 -1 -1 -1 -1 -1 -1
1.5625 1.5 1.5 1.9375 2.4375 2.5625 2.5625 2.5 2.4375 2.4375 2.375 2.1875 2.1875 2.25 2.375 2.5625 2.625 2.625 2.5 2.25 2.25 2.375 2.3125 2.1875 2 1.9375 1.75 1.5 1.4166666269302368 0.88333332538604736 0.97500002384185791 1 0.875 1.0625 1.125 -1 -1 -1 -1 -1 -1 -1 -1 -1 -1 -1 -1 -1 -1 -1 -1 -1 -1 -1 -1 -1 -1 -1 -1 -1 -1 -1 -1 -1 -1 -1 -1 -1 -1 -1 -1 -1 -1 -1 -1 -1 -1
1.9166666269302368 2.2916667461395264 2.5416667461395264 2.375 2.25 2.375 2.5833332538604736 2.6666667461395264 2.5833332538604736 2.4583332538604736 2.3333332538604736 2.2083332538604736 2.125 2.0833332538604736 2.125 2.1666667461395264 2.2083332538604736 2.2916667461395264 2.25 2.0833332538604736 2 2.125 2.125 2 1.9166666269302368 1.7083333730697632 1.3416666984558105 1.1000000238418579 1.1749999523162842 1.0666667222976685 0.86666667461395264 0.80000001192092896 0.75 0.80000001192092896 0.875 -1 -1 -1 -1 -1 -1 -1 -1 -1 -1 -1 -1 -1 -1 -1 -1 -1 -1 -1 -1 -1 -1 -1 -1 -1 -1 -1 -1 -1 -1 -1 -1 -1 -1 -1 -1 -1 -1 -1 -1 -1 -1
2.625 2.625 2.5625 2.375 2.375 2.625 2.6875 2.625 2.625 2.4375 2.3125 2.4375 2.375 2.25 2.125 2 2 2 2 1.9375 1.9375 2 2 1.9375 1.8125 1.625 1.1375000476837158 0.77499997615814209 1.2000000476837158 1.75 1.3875000476837158 0.76249998807907104 0.66666668653488159 0.75 -1 -1 -1 -1 -1 -1 -1 -1 -1 -1 -1 -1 -1 -1 -1 -1 -1 -1 -1 -1 -1 -1 -1 -1 -1 -1 -1 -1 -1 -1 -1 -1 -1 -1 -1 -1 -1 -1 -1 -1 -1 -1 -1
2.5 2.5416667461395264 2.375 2.2916667461395264 2.4166667461395264 2.4583332538604736 2.375 2.2916667461395264 2.3333332538604736 2.2916667461395264 2.2083332538604736 2.2083332538604736 2.2083332538604736 2.25 2.0833332538604736 1.875 1.8333333730697632 1.8333333730697632 1.9166666269302368 1.9583333730697632 1.9583333730697632 1.9583333730697632 1.9583333730697632 1.875 1.7916666269302368 1.75 1.5833333730697632 1.5 1.625 1.7916666269302368 1.6666666269302368 1.0833333730697632 0.6875 0.75 -1 -1 -1 -1 -1 -1 -1 -1 -1 -1 -1 -1 -1 -1 -1 -1 -1 -1 -1 -1 -1 -1 -1 -1 -1 -1 -1 -1 -1 -1 -1 -1 -1 -1 -1 -1 -1 -1 -1 -1 -1 -1 -1
2.3125 2.4375 2.5625 2.5 2.4375 2.375 2.125 2 2.0625 2.0625 1.9375 1.875 1.875 1.875 1.8125 1.75 1.75 1.75 1.8125 1.9375 1.9375 1.9375 1.9375 1.8125 1.75 1.6875 1.4375 1.25 1.3125 1.5625 1.5 1.0625 0.875 0.10000000149011612 0.10000000149011612 -1 -1 -1 -1 -1 -1 -1 -1 -1 -1 -1 -1 -1 -1 -1 -1 -1 -1 -1 -1 -1 -1 -1 -1 -1 -1 -1 -1 -1 -1 -1 -1 -1 -1 -1 -1 -1 -1 -1 -1 -1 -1
2.5 2.5833332538604736 2.5416667461395264 2.5 2.4583332538604736 2.4583332538604736 2.3333332538604736 2.125 2.0416667461395264 1.9166666269302368 1.7916666269302368 1.75 1.75 1.75 1.75 1.75 1.75 1.7916666269302368 1.7916666269302368 1.7916666269302368 1.7916666269302368 1.7916666269302368 1.8333333730697632 1.7916666269302368 1.75 1.75 1.5 1.25 0.98333334922790527 1.5249999761581421 1.875 1.25 0.75 0.25 0.23333333432674408 0.20000000298023224 -1 -1 -1 -1 -1 -1 -1 -1 -1 -1 -1 -1 -1 -1 -1 -1 -1 -1 -1 -1 -1 -1 -1 -1 -1 -1 -1 -1 -1 -1 -1 -1 -1 -1 -1 -1 -1 -1 -1 -1 -1
2.5625 2.375 2.375 2.4375 2.1875 2.1875 2.25 2.0625 1.9375 1.875 1.8125 1.75 1.75 1.75 1.75 1.75 1.75 1.75 1.75 1.6875 1.625 1.6875 1.75 1.75 1.625 1.3125 1.1875 1.25 0.96666669845581055 1.3250000476837158 2.125 2 -1 -1 -1 -1 -1 -1 -1 -1 -1 -1 -1 -1 -1 -1 -1 -1 -1 -1 -1 -1 -1 -1 -1 -1 -1 -1 -1 -1 -1 -1 -1 -1 -1 -1 -1 -1 -1 -1 -1 -1 -1 -1 -1 -1 -1
2.2916667461395264 2.0833332538604736 2.1666667461395264 2.125 1.9583333730697632 1.9583333730697632 1.9583333730697632 1.875 1.8333333730697632 1.8333333730697632 1.8333333730697632 1.8333333730697632 1.75 1.6666666269302368 1.75 1.8125 1.5625 1.5 1.75 1.625 1.5 1.3333333730697632 1.3125 1.3125 1.1875 0.9375 0.91666668653488159 1.25 1.25 -1 -1 -1 -1 -1 -1 -1 -1 -1 -1 -1 -1 -1 -1 -1 -1 -1 -1 -1 -1 -1 -1 -1 -1 -1 -1 -1 -1 -1 -1 -1 -1 -1 -1 -1 -1 -1 -1 -1 -1 -1 -1 -1 -1 -1 -1 -1 -1
2 1.9375 2 2 1.875 1.75 1.75 1.75 1.8125 1.8125 1.875 1.75 1.5 1.5 1.5 -1 -1 -1 -1 -1 -1 -1 -1 -1 -1 -1 -1 -1 -1 -1 -1 -1 -1 -1 -1 -1 -1 -1 -1 -1 -1 -1 -1 -1 -1 -1 -1 -1 -1 -1 -1 -1 -1 -1 -1 -1 -1 -1 -1 -1 -1 -1 -1 -1 -1 -1 -1 -1 -1 -1 -1 -1 -1 -1 -1 -1 -1
2 1.9583333730697632 2 2 1.9166666269302368 1.8333333730697632 1.875 1.8333333730697632 1.7916666269302368 1.8500000238418579 1.75 1.4166666269302368 1 1 0 0.0099999997764825821 0.019999999552965164 -1 -1 -1 -1 -1 -1 -1 -1 -1 -1 -1 -1 -1 -1 -1 -1 -1 -1 -1 -1 -1 -1 -1 -1 -1 -1 -1 -1 -1 -1 -1 -1 -1 -1 -1 -1 -1 -1 -1 -1 -1 -1 -1 -1 -1 -1 -1 -1 -1 -1 -1 -1 -1 -1 -1 -1 -1 -1 -1 -1
1.875 1.9375 2 2 2 1.9375 1.875 1.8125 1.6875 1.625 -1 -1 -1 -1 -1 -1 -1 -1 -1 -1 -1 -1 -1 -1 -1 -1 -1 -1 -1 -1 -1 -1 -1 -1 -1 -1 -1 -1 -1 -1 -1 -1 -1 -1 -1 -1 -1 -1 -1 -1 -1 -1 -1 -1 -1 -1 -1 -1 -1 -1 -1 -1 -1 -1 -1 -1 -1 -1 -1 -1 -1 -1 -1 -1 -1 -1 -1
1.9166666269302368 2 2 1.9583333730697632 2 1.875 1.7916666269302368 1.75 1.625 1.5 -1 -1 -1 -1 -1 -1 -1 -1 -1 -1 -1 -1 -1 -1 -1 -1 -1 -1 -1 -1 -1 -1 -1 -1 -1 -1 -1 -1 -1 -1 -1 -1 -1 -1 -1 -1 -1 -1 -1 -1 -1 -1 -1 -1 -1 -1 -1 -1 -1 -1 -1 -1 -1 -1 -1 -1 -1 -1 -1 -1 -1 -1 -1 -1 -1 -1 -1
2.0625 2 2 2 1.9375 1.8125 1.6875 1.3125 1 0.5 0.5 0.5 0.5 0.40000000596046448 0.35000002384185791 0.40000000596046448 -1 -1 -1 -1 -1 -1 -1 -1 -1 -1 -1 -1 -1 -1 -1 -1 -1 -1 -1 -1 -1 -1 -1 -1 -1 -1 -1 -1 -1 -1 -1 -1 -1 -1 -1 -1 -1 -1 -1 -1 -1 -1 -1 -1 -1 -1 -1 -1 -1 -1 -1 -1 -1 -1 -1 -1 -1 -1 -1 -1 -1
2 1.9583333730697632 2 1.9583333730697632 1.8333333730697632 1.75 1.7083333730697632 1.375 0.5 0.5 0.5 0.5 0.5 0.46666666865348816 0.43333333730697632 0.43333333730697632 -1 -1 -1 -1 -1 -1 -1 -1 -1 -1 -1 -1 -1 -1 -1 -1 -1 -1 -1 -1 -1 -1 -1 -1 -1 -1 -1 -1 -1 -1 -1 -1 -1 -1 -1 -1 -1 -1 -1 -1 -1 -1 -1 -1 -1 -1 -1 -1 -1 -1 -1 -1 -1 -1 -1 -1 -1 -1 -1 -1 -1
1.875 1.875 2 1.875 1.75 1.75 1.75 1.8333333730697632 2 0.44999998807907104 0.47499999403953552 0.5 0.5 0.5 0.5 0.5 -1 -1 -1 -1 -1 -1 -1 -1 -1 -1 -1 -1 -1 -1 -1 -1 -1 -1 -1 -1 -1 -1 -1 -1 -1 -1 -1 -1 -1 -1 -1 -1 -1 -1 -1 -1 -1 -1 -1 -1 -1 -1 -1 -1 -1 -1 -1 -1 -1 -1 -1 -1 -1 -1 -1 -1 -1 -1 -1 -1 -1
1.7916666269302368 1.7916666269302368 1.875 1.8333333730697632 1.75 1.75 1.75 1.7916666269302368 1.75 0.94999998807907104 0.34999999403953552 0.36666667461395264 0.40000000596046448 0.44999998807907104 0.5 0.5 -1 -1 -1 -1 -1 -1 -1 -1 -1 -1 -1 -1 -1 -1 -1 -1 -1 -1 -1 -1 -1 -1 -1 -1 -1 -1 -1 -1 -1 -1 -1 -1 -1 -1 -1 -1 -1 -1 -1 -1 -1 -1 -1 -1 -1 -1 -1 -1 -1 -1 -1 -1 -1 -1 -1 -1 -1 -1 -1 -1 -1
1.8125 1.8125 1.75 1.75 1.75 1.75 1.75 1.75 1.6875 1.625 0 0.066666670143604279 0.10000000149011612 0.23333333432674408 0.43333333730697632 0.40000000596046448 -1 -1 -1 -1 -1 -1 -1 -1 -1 -1 -1 -1 -1 -1 -1 -1 -1 -1 -1 -1 -1 -1 -1 -1 -1 -1 -1 -1 -1 -1 -1 -1 -1 -1 -1 -1 -1 -1 -1 -1 -1 -1 -1 -1 -1 -1 -1 -1 -1 -1 -1 -1 -1 -1 -1 -1 -1 -1 -1 -1 -1
