SimulationData/Scenarios/Alblasserwaard/Flooding/Gorinchem/20160.asc
ncols        410
nrows        139
xllcorner    4.624486754327
yllcorner    51.814562674375
cellsize     0.001350341696
NODATA_value  -1
[rows 66 to 98 of 139, columns 300 to 374 of 410]
3 2.9166667461395264 2.8333332538604736 2.7916667461395264 2.875 3 2.7916667461395264 2.7083332538604736 2.625 2.4166667461395264 2.375 2.2083332538604736 2.2916667461395264 2.6666667461395264 2.6666667461395264 2.6666667461395264 2.6666667461395264 2.5 2.5 2.5 2.2916667461395264 2.0833332538604736 2.0416667461395264 2 2.2083332538604736 2.6666667461395264 2.6666667461395264 2.2916667461395264 2.1666667461395264 2.2083332538604736 2.25 2.4166667461395264 2.7916667461395264 3 3.0416667461395264 3.0416667461395264 3 3 3 3 2.875 2.8333332538604736 2.75 2.4166667461395264 2.25 2.4166667461395264 2.6666667461395264 2.625 2.5 2.375 2.25 2.25 2.25 2.2916667461395264 2.375 2.3333332538604736 2.2916667461395264 1.6666666269302368 1.4583333730697632 2 2.1666667461395264 2.25 2.2083332538604736 2.1666667461395264 2.1666667461395264 2.1666667461395264 2.2083332538604736 2.1666667461395264 2.0416667461395264 2.0416667461395264 2.0416667461395264 2.0833332538604736 2.1500000953674316 2.125 -1
3 3 3 3 3 3 3 3 2.9375 2.875 2.625 2.375 2.3125 2.375 2.3125 2.5625 2.75 2.5 2.4375 2.3125 2.25 2.1875 2.3125 2.5 2.4375 2.5625 2.5625 2.375 2.4375 2.375 2.3125 2.4375 2.6875 3 3.0625 3 3 3 3 2.9375 2.625 2.4375 2.5 2.375 2.3125 2.4375 2.75 2.875 2.75 2.5625 2.3125 2.25 2.3125 2.25 2.1875 2.25 1.9375 1.5625 1.8125 2.1875 2.25 2.25 2.25 2.25 2.25 2.25 2.1875 2.0625 2 2 2.125 2.3125 2.375 -1 -1
3 3 3 3 3 3 2.875 2.75 2.625 2.5 2.25 2.2083332538604736 2.5833332538604736 2.6666667461395264 2.3333332538604736 2.125 2.25 2.2916667461395264 2.2916667461395264 2.3333332538604736 2.375 2.2083332538604736 2.1666667461395264 2.3333332538604736 2.5 2.6666667461395264 2.625 2.625 2.75 2.7916667461395264 2.7916667461395264 2.8333332538604736 2.7083332538604736 2.7916667461395264 3 2.875 2.875 3 3 2.875 2.5416667461395264 2.2916667461395264 2.25 2.25 2.3333332538604736 2.5833332538604736 2.875 2.875 2.7083332538604736 2.5416667461395264 2.4166667461395264 2.4166667461395264 2.3333332538604736 2.125 2 1.875 1.5 1.625 2.0416667461395264 2.1666667461395264 2.25 2.2083332538604736 2.1666667461395264 2.1666667461395264 2.1666667461395264 2.1666667461395264 2.125 2.0416667461395264 2 2.0833332538604736 2.2083332538604736 2.2999999523162842 2.375 -1 -1
3 3 3 3 3 3 3 3 2.875 2.75 2.4375 2.1875 2.375 2.4375 2.375 2.125 1.9375 2.0625 2.25 2.4375 2.5 2.5 2.375 2.25 2.625 2.875 2.8125 2.8125 2.8125 2.875 2.9375 2.9375 2.6875 2.5625 2.625 2.5 2.6875 3 2.9375 2.6875 2.4375 2.25 2.1875 2.25 2.25 2.5625 2.875 2.75 2.5625 2.4375 2.3125 2.25 2.125 2.1875 2.0625 1.625 1.6875 2 2.125 2.125 2.1875 2.1875 2.0625 2 2.0625 2.125 2.0625 2.0625 2.125 2.1875 2.25 2.25 -1 -1 -1
3 3 3 3 3 3 3 3 2.9166667461395264 2.8333332538604736 2.5 2.2916667461395264 2.2916667461395264 2.3333332538604736 2.6666667461395264 2.8333332538604736 2.7083332538604736 2.6666667461395264 2.7083332538604736 2.5416667461395264 2.5 2.6666667461395264 2.6666667461395264 2.5833332538604736 2.6666667461395264 2.6666667461395264 2.625 2.6666667461395264 2.6666667461395264 2.6666667461395264 2.6666667461395264 2.6666667461395264 2.6666667461395264 2.5833332538604736 2.375 2.5 2.8333332538604736 2.9166667461395264 2.7083332538604736 2.4166667461395264 2.2916667461395264 2.2083332538604736 2.2083332538604736 2.25 2.25 2.2916667461395264 2.3333332538604736 2.2916667461395264 2.2916667461395264 2.3333332538604736 2.4583332538604736 2.5833332538604736 2.5 2.1666667461395264 1.9166666269302368 2.125 2.4583332538604736 2.5416667461395264 2.2916667461395264 2.125 2.125 2.0833332538604736 2.0833332538604736 2.0416667461395264 2.0416667461395264 2.0833332538604736 2.0416667461395264 2.0833332538604736 2.1666667461395264 2.1666667461395264 2.1875 2.25 -1 -1 -1
3 3 3 3 3 3 3 3 3 2.875 2.6875 2.6875 2.5625 2.5 2.875 3 3 3 2.875 2.75 2.75 2.625 2.5 2.5 2.5625 2.5625 2.4375 2.6875 2.625 2.5 2.5 2.25 2.375 2.375 2.1875 2.4375 2.625 2.5 2.3125 2.1875 2.25 2.25 2.25 2.1875 2.0625 2.0625 2.25 2.375 2.375 2.5 2.75 2.875 2.4375 1.875 1.9375 2.4375 2.875 2.9375 2.625 2.375 2.25 2.125 2.0625 2 2 2 2.125 2.375 2.3125 2.1666667461395264 2.25 -1 -1 -1 -1
3 3 3 3 3 3 3 2.9583332538604736 2.9166667461395264 2.9583332538604736 2.9166667461395264 2.8333332538604736 2.6666667461395264 2.5833332538604736 2.75 2.9166667461395264 2.9166667461395264 2.7916667461395264 2.8333332538604736 2.9166667461395264 2.9583332538604736 2.9583332538604736 2.9166667461395264 2.8333332538604736 2.9166667461395264 2.9166667461395264 2.7916667461395264 2.875 2.875 2.875 2.9166667461395264 2.7916667461395264 2.7083332538604736 2.5416667461395264 2.4583332538604736 2.5 2.375 2.25 2.3333332538604736 2.3333332538604736 2.25 2.25 2.25 2.2083332538604736 2.1666667461395264 2.1666667461395264 2.2916667461395264 2.3333332538604736 2.25 2.25 2.125 2 1.8333333730697632 1.8333333730697632 2.0833332538604736 2.3333332538604736 2.5416667461395264 2.5416667461395264 2.4583332538604736 2.375 2.2916667461395264 2.2083332538604736 2.125 2.0833332538604736 2.125 2.1666667461395264 2.25 2.3333332538604736 2.2000000476837158 2 -1 -1 -1 -1 -1
3 3 3 3 3 2.875 2.8125 2.875 2.875 2.9375 2.875 2.75 2.75 2.75 2.6875 2.8125 3 2.9375 2.9375 2.875 2.875 3 3 2.9375 2.9375 2.9375 2.9375 3 3 2.9375 2.8125 2.875 2.8125 2.6875 2.625 2.375 2.25 2.25 2.25 2.25 2.1875 2.125 2.25 2.25 2.1875 2.1666667461395264 2.1666667461395264 2.3125 2.0625 1.8125 1.875 1.875 1.9166666269302368 1.8333333730697632 1.8125 1.9166666269302368 1.75 1.8333333730697632 2.1666667461395264 2.125 2.1875 2.25 2.1875 2.125 2.125 2.125 2.125 2.1875 2.25 -1 -1 -1 -1 -1 -1
2.875 2.875 3 3 3 2.9166667461395264 2.875 2.9583332538604736 3 3 3 3 3.0416667461395264 3.0416667461395264 2.9166667461395264 2.9583332538604736 3.0416667461395264 3 3 2.9583332538604736 2.9166667461395264 2.9583332538604736 3 2.9583332538604736 2.9583332538604736 3 3 3 3 2.8333332538604736 2.5833332538604736 2.5416667461395264 2.5 2.3333332538604736 2.2916667461395264 2.2916667461395264 2.25 2.2083332538604736 1.7666666507720947 1.5166666507720947 1.5499999523162842 1.7166666984558105 2.125 2.0833332538604736 2 2.25 2.2000000476837158 2.0833332538604736 1.9166666269302368 1.8333333730697632 2 2.3333332538604736 2.2999999523162842 2.0499999523162842 1.9583333730697632 1.9375 1.0625 1.2999999523162842 2.0999999046325684 2.0833332538604736 2.0416667461395264 2.125 2.25 2.2083332538604736 2.125 2.1666667461395264 2.1666667461395264 2.1875 2.25 -1 -1 -1 -1 -1 -1
3 3 3 3 3 3 3 3 3 3 3 3 3 3 3 3 3 3 3 3 2.9375 2.9375 3 3 3 3 3 3 3 2.9375 2.8125 2.625 2.625 2.375 2.0625 2.1875 2.25 2.1875 1.5874999761581421 1.3374999761581421 1.8125 2.125 2.25 1.875 1.875 2.375 2.25 2 1.875 1.875 2 2 2.125 2.125 2 1.9375 1.5 1.5625 2.125 2.125 2 2.125 2.5 2.5625 2.4375 2.5 2.4166667461395264 2.25 -1 -1 -1 -1 -1 -1 -1
3 3 3 3 3 3 3 3 3 3 3 3 3 3 3 3 3 3 3 3.0416667461395264 3.0416667461395264 2.9583332538604736 2.9166667461395264 2.9583332538604736 3 3 3 3 3 2.875 2.75 2.6666667461395264 2.5416667461395264 2.3333332538604736 2.1666667461395264 2.0833332538604736 2 2 1.9583333730697632 1.7083333730697632 1.4666666984558105 1.5916666984558105 2.0416667461395264 1.9166666269302368 1.8333333730697632 2.0416667461395264 1.9583333730697632 1.75 1.5416666269302368 1.625 1.6666666269302368 1.7000000476837158 1.75 1.8999999761581421 1.75 1.7083333730697632 1.6000000238418579 1.6416666507720947 2.0833332538604736 2.1666667461395264 2.0833332538604736 2.125 2.4166667461395264 2.3499999046325684 2 2.75 2.75 -1 -1 -1 -1 -1 -1 -1 -1
3 3 3 3 3 3 3 3 3 3 3 3 3 3 3 3 3 3 3 3 3 2.9375 2.875 2.9375 3 3 2.875 2.75 2.6875 2.5625 2.375 2.1875 2.0625 2.0625 2.1875 2.125 2 2.125 2.1875 1.9375 1.2625000476837158 1.2000000476837158 1.9375 1.9375 1.875 2.125 2.0625 1.5625 1.25 1.5 1.625 1.75 1.375 1.5 2.0833332538604736 2.0833332538604736 2.0625 1.75 1.5 1.75 2 2.125 2.3125 2.375 -1 -1 -1 -1 -1 -1 -1 -1 -1 -1 -1
3 3 3 3 3.0416667461395264 3.0833332538604736 3.0416667461395264 3 3 3 3 3 3 3 3 2.9166667461395264 2.875 2.9583332538604736 3 2.875 2.75 2.8333332538604736 2.9166667461395264 2.8333332538604736 2.7083332538604736 2.7916667461395264 2.625 2.3333332538604736 2.2916667461395264 2.25 2.2083332538604736 2.125 2.0833332538604736 2.0833332538604736 2.1666667461395264 2.125 2 2.0833332538604736 2.2083332538604736 2.0416667461395264 1.6000000238418579 1.2999999523162842 1.3583333492279053 1.4249999523162842 1.6799999475479126 2 2 1.6875 1.4099999666213989 1.2400000095367432 0.94999998807907104 1.2300000190734863 1.2333333492279053 1.2999999523162842 1.4900000095367432 1.2799999713897705 1.4199999570846558 1.75 1.3125 1.375 2 2.1875 2.25 2.25 2.25 2.25 -1 -1 -1 -1 -1 -1 -1 -1 -1
3 3 3 3 3.0625 3.0625 3 3 3 3 3 3 3 2.875 2.8125 2.75 2.6875 2.875 3 2.9375 2.875 2.9375 3 2.9375 2.75 2.625 2.375 2.125 2.1875 1.875 1.625 1.75 1.6875 1.5625 1.5625 1.5625 1.5 1.5625 1.625 1.5625 1.6666666269302368 1.5833333730697632 1.1625000238418579 1.0750000476837158 1.4666666984558105 2 1.75 1.75 1.0166666507720947 0.67500001192092896 0.82499998807907104 1.1625000238418579 1.3500000238418579 1.2000000476837158 1.7250000238418579 2.0625 1.8125 2.1875 1.625 1.1875 1.9375 2.1875 2.375 2.4375 2.375 2.375 -1 -1 -1 -1 -1 -1 -1 -1 -1
3 3 3 3 3 3 3 3 3 2.9166667461395264 2.9166667461395264 3 2.875 2.7916667461395264 2.8333332538604736 2.8333332538604736 2.7916667461395264 2.7916667461395264 2.9166667461395264 3 2.9583332538604736 2.875 2.8333332538604736 2.5 2.0416667461395264 1.875 1.7916666269302368 1.7916666269302368 1.875 1.8333333730697632 1.8333333730697632 1.9166666269302368 1.875 1.7916666269302368 1.7083333730697632 1.3666666746139526 1.0666667222976685 1.4083333015441895 1.75 1.875 2 2 1.9166666269302368 1.6083333492279053 1.5249999761581421 1.375 1.2333333492279053 1.1666666269302368 0.80833333730697632 1.2083333730697632 1.75 1.9166666269302368 1.9583333730697632 1.8333333730697632 1.8333333730697632 1.9583333730697632 2 2 1.6666666269302368 1.5833333730697632 2.0416667461395264 2.125 2.4583332538604736 2.75 2.625 2.625 -1 -1 -1 -1 -1 -1 -1 -1 -1
3 3 3 3 3 2.9375 2.875 2.875 2.875 2.8125 2.875 2.9375 2.875 2.875 2.8125 2.625 2.5 2.5 3 3.4375 2.5625 1.6875 1.625 1.5625 1.6875 2.125 2.375 2.3125 2.25 2.25 2.25 2.25 2.1875 2.0625 1.75 1.2999999523162842 1.1000000238418579 1.5499999523162842 2 2 2 2 1.9375 1.4249999523162842 1.2374999523162842 1.25 0.4166666567325592 0.20000000298023224 0.30000001192092896 1.25 2 1.8333333730697632 1.6875 1.8125 1.8125 1.75 1.875 1.8125 1.625 1.75 1.6875 1.2875000238418579 1.7166666984558105 2.75 -1 -1 -1 -1 -1 -1 -1 -1 -1 -1 -1
3 2.9583332538604736 2.9583332538604736 3 2.8333332538604736 2.7083332538604736 2.7083332538604736 2.6666667461395264 2.6666667461395264 2.7083332538604736 2.75 2.75 2.6666667461395264 2.5 2.4166667461395264 2.3333332538604736 2.0416667461395264 1.9583333730697632 2.25 2.4166667461395264 2.2083332538604736 2 2.1666667461395264 2.375 2.7083332538604736 2.8333332538604736 2.75 2.5833332538604736 2.375 2.2916667461395264 2.2916667461395264 2.25 2.25 2.125 1.8333333730697632 1.9583333730697632 2.25 2.125 2 1.9166666269302368 1.5833333730697632 1.2200000286102295 1.4700000286102295 1.1200000047683716 0.93000000715255737 2.25 0.10000000149011612 0.10000000149011612 -1 -1 -1 1.75 1.625 1.75 1.625 1.5 1.5 1.8125 1.9375 1.7999999523162842 1.625 1.3300000429153442 1.3250000476837158 -1 -1 -1 -1 -1 -1 -1 -1 -1 -1 -1 -1
3 2.9375 2.875 2.75 2.6875 2.75 2.6875 2.625 2.5 2.375 2.5 2.6875 2.6875 2.125 1.6875 1.6875 1.6875 1.75 2.1875 2.8125 2.875 2.75 2.875 3 2.9375 2.9375 2.875 2.8125 2.6875 2.5 2.4375 2.3125 2.25 2.1875 2.0833332538604736 2.1666667461395264 2.25 2.125 2 1.8125 1.125 0.625 1.75 0.88499999046325684 0.019999999552965164 -1 -1 -1 -1 -1 -1 -1 -1 -1 -1 -1 -1 -1 -1 1.75 2 2.25 -1 -1 -1 -1 -1 -1 -1 -1 -1 -1 -1 -1 -1
3 2.9166667461395264 2.75 2.625 2.6666667461395264 2.6666667461395264 2.625 2.6666667461395264 2.625 2.2916667461395264 2.1666667461395264 2.2916667461395264 2.25 2.2083332538604736 2.1666667461395264 2.2083332538604736 2.375 2.625 2.6666667461395264 2.7083332538604736 2.75 2.6666667461395264 2.7916667461395264 2.9583332538604736 3 2.9583332538604736 2.8333332538604736 2.75 2.7916667461395264 2.75 2.625 2.4583332538604736 2.25 2.1666667461395264 1.9500000476837158 1.625 1.75 1.5 1.6666666269302368 1.625 1.25 1.2999999523162842 1.5 -1 -1 -1 -1 -1 -1 -1 -1 -1 -1 -1 -1 -1 -1 -1 -1 -1 -1 -1 -1 -1 -1 -1 -1 -1 -1 -1 -1 -1 -1 -1 -1
3 2.875 2.875 2.875 2.625 2.375 2.0625 1.875 1.8125 1.75 1.75 2.1875 2.6875 2.8125 2.8125 2.75 2.6875 2.6875 2.625 2.4375 2.4375 2.5 2.625 2.8125 2.875 2.875 2.75 2.5 2.5 2.625 2.5625 2.4375 2.25 2.1875 2 1.75 1.6666666269302368 1.0833333730697632 1.1875 1.25 1.125 1.3125 1.375 -1 -1 -1 -1 -1 -1 -1 -1 -1 -1 -1 -1 -1 -1 -1 -1 -1 -1 -1 -1 -1 -1 -1 -1 -1 -1 -1 -1 -1 -1 -1 -1
2.75 2.375 2.2083332538604736 2.25 2.125 1.7916666269302368 1.7916666269302368 2.0833332538604736 2.1666667461395264 2.5416667461395264 2.7916667461395264 2.625 2.5 2.625 2.8333332538604736 2.9166667461395264 2.875 2.75 2.5833332538604736 2.4583332538604736 2.375 2.3333332538604736 2.375 2.4166667461395264 2.4583332538604736 2.5416667461395264 2.5 2.3333332538604736 2.25 2.375 2.375 2.25 2.2083332538604736 2 1.5833333730697632 1.3333333730697632 1.4166666269302368 1.2916666269302368 1.0833333730697632 1.0416666269302368 1 0.89166665077209473 0.78333336114883423 -1 -1 -1 -1 -1 -1 -1 -1 -1 -1 -1 -1 -1 -1 -1 -1 -1 -1 -1 -1 -1 -1 -1 -1 -1 -1 -1 -1 -1 -1 -1 -1
1.75 1.75 1.8125 2.375 2.75 2.4375 2.5625 2.875 2.875 2.875 2.8125 2.625 2.625 2.875 2.9375 2.875 2.9375 2.75 2.5625 2.75 2.6875 2.5 2.375 2.25 2.25 2.25 2.25 2.25 2.25 2.25 2.25 2.1875 2.125 1.9375 1.4375 1.125 1.5 2 1.625 1 0.69249999523162842 0.37333333492279053 0.10000000149011612 -1 -1 -1 -1 -1 -1 -1 -1 -1 -1 -1 -1 -1 -1 -1 -1 -1 -1 -1 -1 -1 -1 -1 -1 -1 -1 -1 -1 -1 -1 -1 -1
1.9583333730697632 2.375 2.7083332538604736 2.7916667461395264 2.8333332538604736 2.75 2.7083332538604736 2.6666667461395264 2.75 2.7916667461395264 2.625 2.5416667461395264 2.6666667461395264 2.75 2.6666667461395264 2.5416667461395264 2.5833332538604736 2.5416667461395264 2.4583332538604736 2.5 2.5 2.5 2.3333332538604736 2.1666667461395264 2.1666667461395264 2.1666667461395264 2.2083332538604736 2.25 2.25 2.2083332538604736 2.2083332538604736 2.125 2.0416667461395264 2.0416667461395264 1.9166666269302368 1.8333333730697632 1.9583333730697632 2.0833332538604736 1.9583333730697632 1.375 0.75400000810623169 0.50999999046325684 -1 -1 -1 -1 -1 -1 -1 -1 -1 -1 -1 -1 -1 -1 -1 -1 -1 -1 -1 -1 -1 -1 -1 -1 -1 -1 -1 -1 -1 -1 -1 -1 -1
2.5 2.5625 2.6875 2.75 2.75 2.625 2.5625 2.5 2.5625 2.6875 2.8125 2.75 2.6875 2.6875 2.4375 2.25 2.3125 2.3125 2.25 2.1875 2.1875 2.25 2.125 2 2.0625 2.0625 2.0625 2.1875 2.1875 2.1875 2.1875 2.0625 2 2 1.75 1.5 1.5625 1.8125 1.875 1.4375 1.125 0.10000000149011612 0.10000000149011612 -1 -1 -1 -1 -1 -1 -1 -1 -1 -1 -1 -1 -1 -1 -1 -1 -1 -1 -1 -1 -1 -1 -1 -1 -1 -1 -1 -1 -1 -1 -1 -1
2.5416667461395264 2.5 2.625 2.7083332538604736 2.6666667461395264 2.625 2.6666667461395264 2.6666667461395264 2.75 2.8333332538604736 2.7916667461395264 2.75 2.7083332538604736 2.7083332538604736 2.5833332538604736 2.375 2.2916667461395264 2.1666667461395264 2.125 2.0833332538604736 2.0416667461395264 2.0833332538604736 2.0416667461395264 2 2.0416667461395264 2.0833332538604736 2.0416667461395264 2.0416667461395264 2.0416667461395264 2.0416667461395264 2.0833332538604736 2.0416667461395264 2 2 1.75 1.5 1.2083333730697632 1.75 2.1666667461395264 1.5625 1 0.25 0.23333333432674408 0.20000000298023224 -1 -1 -1 -1 -1 -1 -1 -1 -1 -1 -1 -1 -1 -1 -1 -1 -1 -1 -1 -1 -1 -1 -1 -1 -1 -1 -1 -1 -1 -1 -1
2.625 2.6875 2.75 2.75 2.625 2.625 2.75 2.8125 2.875 2.6875 2.625 2.6875 2.5 2.5 2.5 2.3125 2.1875 2.125 2.0625 2 2 2 2 2 2 2 2 1.9375 1.9375 2 2 2 1.875 1.5625 1.4375 1.5 1.1666666269302368 1.5 2.375 2.25 -1 -1 -1 -1 -1 -1 -1 -1 -1 -1 -1 -1 -1 -1 -1 -1 -1 -1 -1 -1 -1 -1 -1 -1 -1 -1 -1 -1 -1 -1 -1 -1 -1 -1 -1
2.8333332538604736 2.9583332538604736 3 2.9166667461395264 2.7916667461395264 2.875 3 2.875 2.625 2.4166667461395264 2.4166667461395264 2.375 2.2916667461395264 2.3333332538604736 2.25 2.125 2.0833332538604736 2.125 2.125 2.125 2.0416667461395264 1.9166666269302368 2 2.0625 1.8125 1.75 2 1.875 1.875 1.6666666269302368 1.5625 1.5625 1.4375 1.1875 1.1666666269302368 1.5 1.5 -1 -1 -1 -1 -1 -1 -1 -1 -1 -1 -1 -1 -1 -1 -1 -1 -1 -1 -1 -1 -1 -1 -1 -1 -1 -1 -1 -1 -1 -1 -1 -1 -1 -1 -1 -1 -1 -1
2.9375 3 3 2.875 2.875 2.875 2.75 2.5625 2.25 2.1875 2.25 2.25 2.1875 2.125 2.125 2.0625 2.0625 2.125 2.1875 2 1.75 1.75 1.75 -1 -1 -1 -1 -1 -1 -1 -1 -1 -1 -1 -1 -1 -1 -1 -1 -1 -1 -1 -1 -1 -1 -1 -1 -1 -1 -1 -1 -1 -1 -1 -1 -1 -1 -1 -1 -1 -1 -1 -1 -1 -1 -1 -1 -1 -1 -1 -1 -1 -1 -1 -1
2.875 2.875 2.9583332538604736 2.75 2.5 2.4166667461395264 2.3333332538604736 2.3333332538604736 2.25 2.2083332538604736 2.25 2.25 2.1666667461395264 2.0833332538604736 2.1666667461395264 2.125 2.0416667461395264 1.7833333015441895 1.6399999856948853 1.6666666269302368 1.25 1.25 0 0.0099999997764825821 0.019999999552965164 -1 -1 -1 -1 -1 -1 -1 -1 -1 -1 -1 -1 -1 -1 -1 -1 -1 -1 -1 -1 -1 -1 -1 -1 -1 -1 -1 -1 -1 -1 -1 -1 -1 -1 -1 -1 -1 -1 -1 -1 -1 -1 -1 -1 -1 -1 -1 -1 -1 -1
2.9375 2.875 2.8125 2.5625 2.3125 2.25 2.25 2.1875 2.125 2.1875 2.25 2.25 2.25 2.1875 2.125 2.0625 1.9375 1.3166667222976685 0.20000000298023224 -1 -1 -1 -1 -1 -1 -1 -1 -1 -1 -1 -1 -1 -1 -1 -1 -1 -1 -1 -1 -1 -1 -1 -1 -1 -1 -1 -1 -1 -1 -1 -1 -1 -1 -1 -1 -1 -1 -1 -1 -1 -1 -1 -1 -1 -1 -1 -1 -1 -1 -1 -1 -1 -1 -1 -1
2.7083332538604736 2.5416667461395264 2.4166667461395264 2.4583332538604736 2.4583332538604736 2.375 2.3333332538604736 2.25 2.1666667461395264 2.25 2.25 2.2083332538604736 2.25 2.125 2.0416667461395264 2.0416667461395264 1.9375 1.75 -1 -1 -1 -1 -1 -1 -1 -1 -1 -1 -1 -1 -1 -1 -1 -1 -1 -1 -1 -1 -1 -1 -1 -1 -1 -1 -1 -1 -1 -1 -1 -1 -1 -1 -1 -1 -1 -1 -1 -1 -1 -1 -1 -1 -1 -1 -1 -1 -1 -1 -1 -1 -1 -1 -1 -1 -1
2.4375 2.4375 2.375 2.4375 2.5625 2.5625 2.5 2.4375 2.3125 2.25 2.25 2.25 2.1875 2.0625 1.9375 1.5625 1.25 0.5 0.5 0.5 0.5 0.40000000596046448 0.35000002384185791 0.40000000596046448 -1 -1 -1 -1 -1 -1 -1 -1 -1 -1 -1 -1 -1 -1 -1 -1 -1 -1 -1 -1 -1 -1 -1 -1 -1 -1 -1 -1 -1 -1 -1 -1 -1 -1 -1 -1 -1 -1 -1 -1 -1 -1 -1 -1 -1 -1 -1 -1 -1 -1 -1
2.7916667461395264 2.5416667461395264 2.3333332538604736 2.25 2.25 2.2916667461395264 2.25 2.2916667461395264 2.2916667461395264 2.25 2.25 2.2083332538604736 2.0833332538604736 2 1.9583333730697632 1.625 0.75 0.5 0.5 0.5 0.5 0.46666666865348816 0.43333333730697632 0.43333333730697632 -1 -1 -1 -1 -1 -1 -1 -1 -1 -1 -1 -1 -1 -1 -1 -1 -1 -1 -1 -1 -1 -1 -1 -1 -1 -1 -1 -1 -1 -1 -1 -1 -1 -1 -1 -1 -1 -1 -1 -1 -1 -1 -1 -1 -1 -1 -1 -1 -1 -1 -1
