SimulationData/Scenarios/Alblasserwaard/Flooding/Gorinchem/20160.asc
ncols        410
nrows        139
xllcorner    4.624486754327
yllcorner    51.814562674375
cellsize     0.001350341696
NODATA_value  -1
[rows 99 to 131 of 139, columns 150 to 224 of 410]
4 4 4 3.8125 3.625 3.75 3.9375 3.75 3.6875 3.875 3.75 3.5625 3.625 3.75 3.6875 3.6875 3.7083332538604736 3.4583332538604736 3.4166667461395264 3.5 3.75 3.625 3.4166667461395264 3.6666667461395264 3.5833332538604736 3.5 3.7083332538604736 3.8333332538604736 3.75 3.5416667461395264 3.4166667461395264 3.4583332538604736 3.5 3.5833332538604736 3.6666667461395264 3.75 3.875 3.9166667461395264 2.9583332538604736 3 4 4 4.0833334922790527 4.0416665077209473 4 4 4 4 4 4 4 4 3.9166667461395264 3.5416667461395264 2.5833332538604736 1.6666666269302368 1.4166666269302368 2.2916667461395264 3.25 3.5 3.6666667461395264 3.7083332538604736 3.7083332538604736 3.7916667461395264 3.9583332538604736 4 4 3.25 2.8333332538604736 3.5833332538604736 4 3.9583332538604736 3.875 3.875 3.875
4 3.875 3.8333332538604736 3.875 3.8333332538604736 3.875 3.9583332538604736 3.9166667461395264 3.9166667461395264 4 4 3.9166667461395264 3.9166667461395264 4 3.75 3.5416667461395264 3.5833332538604736 3.6875 4 4 4 3.6875 3.4375 3.75 3.75 3.4375 3.5 3.625 3.625 3.5 3.4375 3.5625 3.6875 3.6875 3.5625 3.625 3.875 4 3.5 2.9375 3.4375 4 4.0625 4.0625 4 4 4 4 4 4 4 4 3.375 2.5625 2.875 2.625 1.875 2.625 3.6875 4 4 4 4 4 4 4 4 4 3 3 4 4 4 4 4
4 4 4 4 4 4 4 4 4 4 4 4 3.6875 3.375 3.3125 3.3125 3.7916667461395264 4 4 4 4 3.9166667461395264 3.5416667461395264 3.375 3.4583332538604736 3.4166667461395264 3.5 3.5833332538604736 3.5416667461395264 3.5833332538604736 3.5833332538604736 3.5833332538604736 3.5833332538604736 3.4583332538604736 3.375 3.5 3.8333332538604736 4 4 2.9583332538604736 2.9583332538604736 4 4 4 4 4 4 4.0416665077209473 4.0416665077209473 4 4 4 3.625 3.1666667461395264 3.0416667461395264 3 2.0833332538604736 2.5 3.4583332538604736 4 4 4 4 4 4 4 4 4 3 2.9583332538604736 3.9166667461395264 3.9583332538604736 4 3.9583332538604736 3.9583332538604736
4 4 4 4 4 4 4 4 3.7916667461395264 3.5416667461395264 3.5833332538604736 3.625 3.5833332538604736 3.5833332538604736 3.7916667461395264 4.0416665077209473 4.0416665077209473 4 4 4 4 4 3.6875 3.375 3.4375 3.4375 3.5 3.625 3.625 3.6875 3.5625 3.4375 3.5 3.5 3.5625 3.5625 3.75 4 4 3.4375 2.9375 3 3.5 4 4 4 4 4 4 4 4 4 4 4 3.375 2.75 2.4375 2.5625 3.4375 3.9375 4 4 4 4 4 4 4 4 3 2.9375 3.875 3.9375 4 3.9375 3.9375
4 4 4 4 4 4 4 4 3.375 3.3125 4 4.0625 4 4 4 4.0416665077209473 4.0416665077209473 4 4 4 4 4 3.875 3.5833332538604736 3.4583332538604736 3.375 3.2916667461395264 3.3333332538604736 3.5 3.7083332538604736 3.625 3.5 3.5833332538604736 3.6666667461395264 3.7083332538604736 3.7916667461395264 3.9166667461395264 4 4 3.9583332538604736 2.9583332538604736 2 3 4 4 4 4 4 4 4 4 4.0416665077209473 4 3.6666667461395264 3.3333332538604736 3.25 2.9166667461395264 2.875 3.3333332538604736 3.5833332538604736 3.8333332538604736 4 4 4 4 4 4 4 3.3333332538604736 2.6666667461395264 3.3333332538604736 3.625 3.9166667461395264 3.9166667461395264 3.875
4 4 4 4 3.75 3.4583332538604736 3.5 3.5833332538604736 3.5833332538604736 3.7916667461395264 4 4 4 4 4 4 4 4 4 3.9375 3.9375 3.9375 3.9375 3.625 3.3125 3.3125 3.25 3.375 3.4375 3.5625 3.625 3.6875 3.75 3.875 4 4 4 4 4 4 3 2 3 4 4 4 4 4 4 4 4 4 3.4375 2.75 2.625 2.625 3.25 3.9375 4 3.6875 3.375 3.6875 4 4 4 4 4 4 4 4 2.9375 2.75 3.625 3.6875 3.625
4 4 3.6875 3.375 3.375 3.625 3.9375 4 4 4 4 4 4 4 4 4 4 4.0416665077209473 4.0833334922790527 4 3.9583332538604736 3.9583332538604736 3.9583332538604736 3.7916667461395264 3.4583332538604736 3.5 3.6666667461395264 3.625 3.7083332538604736 3.8333332538604736 3.8333332538604736 3.9166667461395264 4 4 4 4 4 4 4 4 4 3.25 2.9583332538604736 3.3333332538604736 4 4 4 4 4.0416665077209473 4.125 4.125 3.3333332538604736 2.9583332538604736 3.5416667461395264 3.7083332538604736 3.6666667461395264 3.8333332538604736 4 4 3.9583332538604736 3.4166667461395264 3.4583332538604736 4 4 4 4 4 3.875 3.875 4 2.9166667461395264 2.6666667461395264 3.4166667461395264 3.4166667461395264 3.4583332538604736
3.7916667461395264 3.5416667461395264 3.5 3.5416667461395264 3.8333332538604736 4.0416665077209473 4 4 4 4 4 4 4 4 4 4 4 4.0625 4.125 4.0625 4 4 4 4 3.8125 3.8125 4 4 4 4 4 4 4 4 4 4 4 4 4 4 4 4 3 3 4 4 4 4 4 4.0625 4.125 3.0625 3.125 4.125 4 4 4 4 4 4 3.4375 3.4375 4 4 4 4 4 3.6875 3.6875 4 2.9375 2.625 3.3125 3.3125 3.3125
3.375 3.6875 4 4 4 4 4 4 4 4 4 4 4 4 3.9583332538604736 3.9583332538604736 4 4 4 4 4 4 4 4 4 4 4 4 4 4 4 4 4 4 4 4 4 4 4 4 4 4 3.375 3.0416667461395264 3.7083332538604736 4.0416665077209473 4 4 4 3.875 3.1666667461395264 2.9166667461395264 3.625 4 4 4 4 4 4 4 3.7916667461395264 3.375 3.5833332538604736 4 4 4 3.9166667461395264 3.7083332538604736 3.7916667461395264 4 3 2.6666667461395264 3.375 3.3333332538604736 3.3333332538604736
3.7916667461395264 4 4 4 4 4 4 4 4 3.9583332538604736 3.9583332538604736 4 4 4 3.9583332538604736 4 4 4 4 4 4 4 4 4 4 4 4 4 4 4 4 4 4 4 4 4 4 4 4 4 4 4 4 3 3 4 4 4 3.875 3.1875 2.8125 3.5 4 4 4 4 4 4 4 4 4 3.375 3.375 4 4 4 3.875 3.875 4 4 3.4375 2.6875 2.875 3.3125 3.375
4 4 4 4 4 4 4 4 4 4 4 4 4 4 4 4 4 4 4 4 4 4 4 4 4.0416665077209473 4.0416665077209473 4 4 4 4 4 4 4 4 4 4 4 4 4 4 4 3.625 3.2916667461395264 2.8333332538604736 2.5 2.75 2.875 2.875 2.625 2.9166667461395264 3.625 3.9166667461395264 4 4 4 3.9583332538604736 3.875 3.875 3.9583332538604736 4 3.9583332538604736 3.5416667461395264 3.375 3.7916667461395264 3.9583332538604736 3.9583332538604736 4 3.9583332538604736 3.8333332538604736 3.75 3.6666667461395264 2.6666667461395264 2.5 3.2916667461395264 3.3333332538604736
4 4 4 4 4 4 4 4 4 4 4 4 4 4 4 4 4 4 4 4 4 4 4 4 4.0625 4.125 4 4 4 4 4 4 4 4 4 4 4 4.0625 3.875 3.3125 3 2.6875 2.625 3.125 3.25 3.1875 3.0625 3.0625 3.125 3 3.375 3.875 4 4 4 3.9375 3.8125 3.8125 3.9375 3.9375 3.875 3.9375 3.3125 3.1875 3.6875 3.625 3.625 3.5625 3.5 3.625 3.8125 2.875 2.5 3.25 3.3125
4 4 4 4 4 4 4 4 4 4 4 4 4 4 4 4 4 4 4 4.0416665077209473 4.0416665077209473 4 4 4 4 4 4 4 4 4 4 4 4 4 4 4 3.5833332538604736 2.9583332538604736 2.5416667461395264 2.8333332538604736 3.3333332538604736 3.5 3.7916667461395264 3.9166667461395264 3.9583332538604736 3.9583332538604736 3.8333332538604736 3.7916667461395264 3.9166667461395264 3.75 3.4583332538604736 3.7083332538604736 4 4 4 4 4 4 3.875 3.625 3.75 4 3.5833332538604736 3.2916667461395264 3.625 3.7916667461395264 3.75 3.7083332538604736 3.6666667461395264 3.8333332538604736 4 2.9166667461395264 2.625 3.4583332538604736 3.4583332538604736
4 4 4 4 4 4 4 4 4 4 4 4 4 4 4 4 4 4 4 4 4 4 4 4 4 4 4 4 4 4 4 4 4 4 4 4 3.5 2.4375 2.4375 3 4.125 4.0625 4 4 4 4 3.9375 3.875 4 4.25 4.25 4.0625 4 4 4 4 3.9375 3.875 3.5625 3.5 3.875 4 4 3.6875 3.375 3.6875 4 4 4 4 4 3 2.6875 3.375 3.4375
4 4 4 4 4 4 4 4 4 3.875 3.875 4 4 4 4 4 4 4 4 4 4 4 4 4 4 4 4 4 4 4 4 4 4 4 4 4 3.9166667461395264 2.75 2.8333332538604736 4 4 4 4 3.9583332538604736 3.9583332538604736 4.0416665077209473 4 4.0416665077209473 4.125 4.0833334922790527 4.0833334922790527 4.0416665077209473 4 4 4 4 3.9583332538604736 3.9166667461395264 3.7083332538604736 3.75 4 4 4 4 3.5 3.25 3.75 4 4 4 3.9583332538604736 2.9583332538604736 2.625 3.2916667461395264 3.375
4 4 4 4 4 4.0416665077209473 4.0833334922790527 4.0416665077209473 4 3.9166667461395264 3.8333332538604736 4 4 4 4 4 4 4 4 4 4 4 4 4 4 4 4 4 4 4 4 4 4.0625 4.0625 4 3.6875 3 2.75 3.4375 4 4 4.0625 4.0625 4 4 4.0625 4.0625 4 3.9375 3.8125 3.875 4 3.875 3.75 4 4 4 4 3.8125 3.8125 4 4 4 4 3.875 3.0625 3.0625 3.6875 3.625 3.625 3.5625 2.75 2.6875 3.375 3.375
4 4 4 4 4 4.0625 4.125 4.0625 4 4 4 4 4 4 4 4 4 4 4 4 4 4 4 4 4 4 3.9583332538604736 3.9166667461395264 3.625 3.0833332538604736 3.0833332538604736 3.2916667461395264 3.25 3.25 3.125 2.9583332538604736 3.0833332538604736 3.625 4 4 4 4.0416665077209473 4.0416665077209473 4 4 4 4 3.9583332538604736 3.9166667461395264 3.75 3.6666667461395264 3.875 3.7916667461395264 3.5833332538604736 3.7916667461395264 4 4 3.9166667461395264 3.8333332538604736 3.9166667461395264 4 3.875 3.8333332538604736 3.7916667461395264 3.625 3.0833332538604736 2.9166667461395264 3.2916667461395264 3.3333332538604736 3.3333332538604736 3.2916667461395264 3 2.625 2.9166667461395264 3.1666667461395264
4 4 3.9166667461395264 3.9166667461395264 4 4 4 4 4 4 4 4 4 4 4 4 4 4 4 4 4 4 4 4 4 4 4 3.9375 3.125 2.125 2.1875 2.4375 1.9375 2.0625 3.125 3.6875 3.8125 3.875 3.875 3.875 3.9375 4 4 4 4 4 4 3.9375 3.9375 3.9375 3.8125 3.8125 3.875 3.875 3.9375 4 4 3.6875 3.5625 3.8125 3.875 3.625 3.6875 3.875 3.625 3.25 2.875 3.25 3.75 3.625 3.375 3.125 2.5 2.5625 2.9375
4.0625 4.0625 4 4 4 4 4 4 4 4 4 4 4.0416665077209473 4.0416665077209473 4 4 4.0416665077209473 4.0833334922790527 4.0833334922790527 4.0416665077209473 4 3.9583332538604736 3.9583332538604736 4 4 4 4 4 3.5833332538604736 2.75 2.8333332538604736 3.3333332538604736 2.6666667461395264 2.9166667461395264 3.9166667461395264 3.9166667461395264 3.9166667461395264 3.9583332538604736 3.9166667461395264 3.9166667461395264 3.9583332538604736 4.0416665077209473 4.0416665077209473 4 4 4 4 4 4 3.9583332538604736 3.9583332538604736 3.9583332538604736 3.9583332538604736 4 3.9583332538604736 3.9583332538604736 3.9166667461395264 3.5416667461395264 3.3333332538604736 3.4583332538604736 3.4583332538604736 3.2916667461395264 3.5 3.7916667461395264 3.625 3.3333332538604736 2.875 2.5833332538604736 3.3333332538604736 3.2916667461395264 3.2083332538604736 3.0833332538604736 2.4583332538604736 2.2083332538604736 2.6666667461395264
4.0416665077209473 4.0416665077209473 4 4 4 4 4 4.0416665077209473 4.0833334922790527 4.0416665077209473 4 4 4.0625 4.0625 4 4 4 4 4 4 4 4 4 4 4 4 4 4 4 3.125 2.6875 3.1875 2.75 3.125 4 4 4 4 4 4 4 4 4 4 4 4 3.9375 3.9375 4 4 4 3.8125 3.625 3.625 3.5 3.5 3.5 3.5 3.5625 3.375 3.125 3.0625 3.4375 3.6875 3.4375 3.25 2.875 2.5 2.5 2.8125 2.8125 2.375 2.25 2.3125 2.4375
4 4 4 4 4 4 4 4.0625 4.125 4.0625 4 3.25 3.25 3.25 3.5 3.875 4 4 4 4 3.9583332538604736 3.875 3.9166667461395264 4 4 4 4 4 4 3.125 2.625 3.0833332538604736 2.7083332538604736 2.9166667461395264 3.7916667461395264 4 4 4 4 4 4 4 4 4 3.9166667461395264 3.875 3.9166667461395264 3.9583332538604736 4 3.9583332538604736 3.7083332538604736 3.5416667461395264 3.6666667461395264 3.75 3.5833332538604736 3.375 3.2916667461395264 3.375 3.4583332538604736 3.2916667461395264 2.75 2.375 2.9166667461395264 3.375 3.2083332538604736 3.125 3 2.8333332538604736 2.8333332538604736 2.9000000953674316 2.2000000476837158 1.5416666269302368 1.3333333730697632 1.7999999523162842 2.625
3.9583332538604736 3.5833332538604736 3.25 3.25 3.25 3.25 3.25 3.25 3.25 3.25 3.25 3.25 2.875 2.9375 2.75 2.6875 2.875 2.875 3.4375 4 3.875 3.625 3.6875 3.9375 4 4 4 4 3.5 2.875 2.8125 2.75 2.875 3.3125 3.75 4 4 4 4 4 4 4 4 4 3.875 3.75 3.875 3.9375 3.875 3.8125 3.5 3.3125 3.5 3.625 3.375 3.0625 2.625 2.25 2.25 2.1875 1.75 1 2 3 3 3 3 3 3 3 1.5 1.125 0.625 0.5 -1
2.8125 2.8125 2.875 2.875 2.875 3.4375 4 4 4 4 4 4 4 4.0416665077209473 3.6666667461395264 2.7916667461395264 2.7916667461395264 3.25 3.25 3.25 3.1666667461395264 3.0416667461395264 3.0416667461395264 3.5 3.9166667461395264 4 4.0416665077209473 4 3 2.6666667461395264 3.125 2.625 3.1666667461395264 4 4 4 4 4 4 4 3.9583332538604736 3.9583332538604736 4 4 4 3.9166667461395264 3.9166667461395264 3.9166667461395264 3.75 3.2916667461395264 2.75 2.5416667461395264 2.5 2.25 2.1875 2.125 1.875 1.6875 2.125 2.5625 2.875 3 3.0625 3.25 -1 -1 -1 -1 -1 -1 -1 -1 -1 -1 -1
3.25 3.625 4 4 4 4 4 4 4 4 4 3.9375 3.9375 4 4 4 4 4 4 4 4 4.0625 3.75 3.6875 4 4.0625 4.0625 4.125 3.3125 2.5 2.6875 2.75 3.3125 3.9375 4 4 4 4 4 4 3.9375 3.9375 4 4 4 3.9375 3.875 3.1875 2.375 1.9166666269302368 1.25 1.25 1.25 1.625 2.375 3.625 3.5 3 3.375 3.875 3.9375 3.8125 3.875 4 -1 -1 -1 -1 -1 -1 -1 -1 -1 -1 -1
4.0625 4 4 4 4 4 3.9375 3.9375 4 4 4 3.8333332538604736 3.8333332538604736 4 4.0416665077209473 4.0416665077209473 3.625 3.3333332538604736 3.6666667461395264 3.9583332538604736 4.0416665077209473 4.0833334922790527 3.6666667461395264 3.25 2.9166667461395264 3.0416667461395264 3.1666667461395264 3.2083332538604736 2.9166667461395264 2.5833332538604736 2.6666667461395264 2.875 2.9583332538604736 3.1666667461395264 3.1666667461395264 3.0833332538604736 3.0833332538604736 2.9166667461395264 2.9166667461395264 2.9583332538604736 2.9583332538604736 3 3.0833332538604736 3.0416667461395264 2.625 2.3499999046325684 2.5 2.1875 2.125 2.875 3.4375 3.625 3.75 2.8499999046325684 2.7916667461395264 3.875 4.2083334922790527 3.875 3.7916667461395264 3.875 3.9166667461395264 3.9166667461395264 3.9375 4 -1 -1 -1 -1 -1 -1 -1 -1 -1 -1 -1
4.0416665077209473 4 4 4 4 3.9583332538604736 3.8333332538604736 3.7916667461395264 3.8333332538604736 3.8333332538604736 3.7916667461395264 3.375 3.4375 3.9375 3.75 3.125 2.6875 2.5 2.625 2.75 2.8125 2.875 2.75 2.625 2.4375 2.25 2.3125 2.375 2.6875 3.125 3.25 3.25 2.875 2.125 1.9375 2.8125 2.25 1.1875 1.375 1.375 1.375 1.375 1.625 1.875 1.75 2.125 3.375 3.5 3.5 3.875 4.25 4.25 4 3.5 3.375 3.8125 3.875 3.875 3.875 3.875 3.875 3.9375 4 -1 -1 -1 -1 -1 -1 -1 -1 -1 -1 -1 -1
4 4 4 4 4 3.9375 3.8125 3.5625 2.9375 2 2.0416667461395264 1.9166666269302368 1.9166666269302368 2.25 2.2916667461395264 2.2083332538604736 2.4583332538604736 2.625 2.375 1.9583333730697632 1.9166666269302368 2.0833332538604736 2.4583332538604736 2.8333332538604736 2.6666667461395264 2.5416667461395264 2.5833332538604736 2.5833332538604736 2.5416667461395264 2.5833332538604736 2.6666667461395264 2.6666667461395264 2.6666667461395264 2.375 2.0833332538604736 2.3333332538604736 2.4166667461395264 2.25 2.3333332538604736 2.0833332538604736 1.8999999761581421 2.125 2.375 2.9375 3.8125 3.9500000476837158 3.8333332538604736 3.9583332538604736 3.9166667461395264 3.875 3.9166667461395264 3.875 3.8333332538604736 3.8333332538604736 3.9166667461395264 3.9166667461395264 3.9166667461395264 3.9583332538604736 3.9583332538604736 3.9583332538604736 3.9000000953674316 4 4.125 -1 -1 -1 -1 -1 -1 -1 -1 -1 -1 -1 -1
3.5833332538604736 3.5833332538604736 3.625 3.5416667461395264 3.2916667461395264 2.9166667461395264 2.375 2.125 2.1666667461395264 1.8333333730697632 2.0625 2.125 2.1875 2.5 2.375 2.125 2.3125 2.4375 2.375 2.25 2.625 3.0625 3.125 3.125 3.0625 3.125 3.1875 3.125 3.25 3.3125 3.25 3.1875 3.1875 3.1875 3.1875 3 2.75 2.75 2.9166667461395264 3.125 2.5 3 3.5833332538604736 3.75 4.3125 4.3125 4 3.875 3.8125 3.75 3.75 3.8125 3.875 3.8125 3.875 3.9375 4 4.0833334922790527 4.125 4 3.75 -1 -1 -1 -1 -1 -1 -1 -1 -1 -1 -1 -1 -1 -1
3.1875 3.3125 3.625 3.9375 3.0625 1.9249999523162842 1.7374999523162842 2.375 2.875 2.9166667461395264 2.9583332538604736 2.9583332538604736 3 3.4166667461395264 3.2916667461395264 2.5 2.6666667461395264 3.0416667461395264 2.9583332538604736 2.875 2.9166667461395264 3.0833332538604736 3.1666667461395264 3.1666667461395264 3.125 3.125 3.125 3.0416667461395264 3.1666667461395264 3.2083332538604736 3.0833332538604736 2.9583332538604736 2.8333332538604736 2.9000000953674316 2.875 2.5 2.875 3.5 3.1875 3.3125 3.7999999523162842 3.875 4 4.0416665077209473 4.0416665077209473 3.9583332538604736 3.8333332538604736 3.8333332538604736 3.8333332538604736 3.7916667461395264 3.75 3.7916667461395264 3.8333332538604736 3.875 3.9500000476837158 4 4 4 -1 -1 -1 -1 -1 -1 -1 -1 -1 -1 -1 -1 -1 -1 -1 -1 -1
3.5833332538604736 3.6666667461395264 3.5416667461395264 3.25 1.8374999761581421 1.559999942779541 2.0899999141693115 2.1500000953674316 2.25 2.4583332538604736 2.75 3 3 3.1875 3.1875 2.625 2.5625 2.875 2.875 2.9375 2.9375 2.875 3.0625 3.25 3.25 3.1875 3.1875 3.125 3.0625 2.875 2.625 2.4166667461395264 2 2.125 3.125 3.4166667461395264 3.5625 4 4 3.9375 4.125 4.1875 3.9375 3.8125 3.375 3.375 3.8125 3.875 3.875 3.8125 3.75 3.75 4 4 4 -1 -1 -1 -1 -1 -1 -1 -1 -1 -1 -1 -1 -1 -1 -1 -1 -1 -1 -1 -1
3.0625 2.5625 2.75 3.25 0.10000000149011612 2.0333333015441895 3 2.25 2.25 2.4166667461395264 2.7916667461395264 3 2.9166667461395264 2.875 2.4166667461395264 2.2916667461395264 2.4583332538604736 2.5833332538604736 2.9166667461395264 2.9583332538604736 2.9166667461395264 2.7083332538604736 2.5833332538604736 2.9166667461395264 2.875 2.8333332538604736 2.875 2.8333332538604736 2.7083332538604736 2.7000000476837158 2.0499999523162842 2.2000000476837158 3.5625 3.6500000953674316 3.6666667461395264 3.9166667461395264 3.9583332538604736 4 3.9583332538604736 3.8333332538604736 3.875 3.9583332538604736 4 3.9166667461395264 3.5 3.5416667461395264 3.8333332538604736 3.8333332538604736 3.7916667461395264 3.75 3.75 3.75 3.9166667461395264 4.25 -1 -1 -1 -1 -1 -1 -1 -1 -1 -1 -1 -1 -1 -1 -1 -1 -1 -1 -1 -1 -1
1.1833332777023315 1.0166666507720947 1 0.9375 1 1.9500000476837158 2.4333333969116211 2.9583332538604736 3 2.9375 2.1500000953674316 1.4874999523162842 1.5499999523162842 1.6499999761581421 1.5 1.1333333253860474 0.94999998807907104 1.4125000238418579 2.125 2.0625 2.0625 2.1875 2.25 2.4375 2.6875 2.875 2.8125 2.5 2.375 3.125 3.4166667461395264 3.625 4 4 3.875 3.75 3.75 3.75 3.75 3.75 3.8125 3.9375 4 3.9375 3.8125 3.8125 3.875 3.8125 3.75 3.75 3.75 -1 -1 -1 -1 -1 -1 -1 -1 -1 -1 -1 -1 -1 -1 -1 -1 -1 -1 -1 -1 -1 -1 -1 -1
0.9375 0.9375 0.8125 0.875 1 0.55000001192092896 1.4249999523162842 2.875 3 1.9833333492279053 0.77999997138977051 1.0499999523162842 1.9083333015441895 2.0583333969116211 2.25 1.8500000238418579 1.7100000381469727 2.0799999237060547 2.1500000953674316 1.5249999761581421 1.6083333492279053 2.625 2.9166667461395264 3.0416667461395264 3.2999999523162842 3.625 3.4375 3.0625 3.4375 3.8499999046325684 3.9166667461395264 4 3.875 3.7916667461395264 3.7916667461395264 3.7916667461395264 3.9166667461395264 4 3.875 3.75 3.7916667461395264 3.875 3.8333332538604736 3.875 3.9166667461395264 3.9166667461395264 4 3.9500000476837158 3.8333332538604736 3.75 -1 -1 -1 -1 -1 -1 -1 -1 -1 -1 -1 -1 -1 -1 -1 -1 -1 -1 -1 -1 -1 -1 -1 -1 -1
