SimulationData/Scenarios/Alblasserwaard/Flooding/Gorinchem/20160.asc
ncols        410
nrows        139
xllcorner    4.624486754327
yllcorner    51.814562674375
cellsize     0.001350341696
NODATA_value  -1
[rows 99 to 131 of 139, columns 0 to 74 of 410]
-1 -1 -1 -1 -1 -1 -1 -1 -1 -1 -1 -1 -1 -1 4.5 4.5 4.3125 4.1875 4.1875 4.125 4.125 3.9375 3.625 3.5 3.5625 3.75 3.5 3.5625 3.9375 3.875 3.9375 3.75 3.5 3.875 4.25 3 2.625 3.125 4 4 3.9375 3.9583332538604736 4 4 3.7083332538604736 3.2916667461395264 3.0416667461395264 2.875 3.0416667461395264 3.25 3.2916667461395264 3.6666667461395264 4.0833334922790527 4.1666665077209473 4.1666665077209473 4.0833334922790527 4 4 4 4 4.0416665077209473 4.1666665077209473 4.1666665077209473 4.0833334922790527 4.0833334922790527 4.0416665077209473 4 4 4.0416665077209473 4.0833334922790527 4.125 4.1666665077209473 4.2083334922790527 4.1666665077209473 4.125
-1 -1 -1 -1 -1 -1 -1 -1 -1 -1 -1 -1 -1 -1 -1 4.5 4.3333334922790527 3.6500000953674316 3.5833332538604736 3.5416667461395264 3.1666667461395264 3.1666667461395264 2.875 3.125 3.4166667461395264 3.5416667461395264 3.7083332538604736 3.75 3.7916667461395264 3.7083332538604736 3.9166667461395264 3.8333332538604736 3.75 3.9166667461395264 4 3.9166667461395264 3.25 2.9583332538604736 3.125 3.1666667461395264 3.6666667461395264 4 4 4 3.1875 2.75 3.0625 3.1875 3.3125 3.25 2.9375 2.9375 3.6875 4.1875 4.1875 4.125 4.0625 4 4.0625 4.0625 4.0625 4.125 4.125 4.125 4.1875 4.1875 4.125 4.125 4.1875 4.1875 4.125 4.1875 4.1875 4.1875 4.1875
-1 -1 -1 -1 -1 -1 -1 -1 -1 -1 -1 -1 -1 -1 -1 -1 -1 1.5 2.375 2.25 1.25 1.3333333730697632 2.125 3.5 3.5 3.375 3.75 3.6875 3.625 3.625 3.75 3.8125 3.9375 4 4 3.5 2.875 2.9375 3 2.875 3.4375 3.9166667461395264 4 3.4583332538604736 2.875 3 3.3333332538604736 3.7083332538604736 3.9166667461395264 3.5833332538604736 3.2916667461395264 3.0416667461395264 3.0416667461395264 3.5416667461395264 4.0416665077209473 4.0416665077209473 4.0833334922790527 4.0833334922790527 4.125 4.125 4.125 4.1666665077209473 4.2083334922790527 4.25 4.1666665077209473 4.1666665077209473 4.2083334922790527 4.1666665077209473 4.1666665077209473 4.1666665077209473 4.0833334922790527 4.0416665077209473 4.0416665077209473 4.0833334922790527 4.1666665077209473
-1 -1 -1 -1 -1 -1 -1 -1 -1 -1 -1 -1 -1 -1 -1 -1 -1 -1 -1 -1 -1 0.75 1.875 3.75 3.25 2.4375 2.5999999046325684 3.2083332538604736 3.6666667461395264 3.5833332538604736 3.3333332538604736 3.0416667461395264 3.25 3.375 3.125 2.8499999046325684 3.0416667461395264 3.5 3.5833332538604736 2.8333332538604736 2.7916667461395264 3.75 3.9375 3.125 2.6875 3.25 3.6875 3.9375 4 4 3.5625 3.3125 2.9375 3.1875 4 4 4.0625 4.125 4.0625 4.0625 4.0625 4.0625 4.125 4.125 4.125 4.125 4.0625 4.0625 4.0625 4.125 4.125 4 4 4.0625 4.125
-1 -1 -1 -1 -1 -1 -1 -1 -1 -1 -1 -1 -1 -1 -1 -1 -1 -1 -1 -1 -1 -1 -1 -1 -1 -1 0.5 1.6666666269302368 2.25 2.25 2.3125 2.1875 1.5833333730697632 1.875 3 3.1666667461395264 3.625 3.9375 3.625 2.75 2.5416667461395264 2.75 3.0416667461395264 2.9583332538604736 3.2083332538604736 3.7083332538604736 3.875 3.9583332538604736 4 4 3.6666667461395264 2.9166667461395264 2.9583332538604736 3.75 4.0416665077209473 4.0416665077209473 4.0833334922790527 4.0416665077209473 4.0416665077209473 4.2083334922790527 4.25 4.125 4.0833334922790527 4.0416665077209473 4.0416665077209473 4.0416665077209473 4.0416665077209473 4.0416665077209473 4.0416665077209473 4.125 4.1666665077209473 4 3.6666667461395264 3.5 3.5
-1 -1 -1 -1 -1 -1 -1 -1 -1 -1 -1 -1 -1 -1 -1 -1 -1 -1 -1 -1 -1 -1 -1 -1 -1 -1 3.75 2.625 2.4166667461395264 2.0416667461395264 1.5833333730697632 2.0833332538604736 2.75 3 3.4166667461395264 3.4583332538604736 3.5833332538604736 3.7083332538604736 3.5833332538604736 3.2083332538604736 2.5833332538604736 2.125 2.875 3.4375 3.8125 4 3.9375 3.875 3.875 3.8125 3.25 2.625 3.3125 4.0625 4.0625 4.0625 4.0625 3.5625 2.9375 3.125 3.375 3.25 3.125 3.125 3.0625 3 3.1875 3.3125 3.625 4.0625 4.125 3.625 2.875 2.6875 2.875
-1 -1 -1 -1 -1 -1 -1 -1 -1 -1 -1 -1 -1 -1 -1 -1 -1 -1 -1 -1 -1 -1 -1 -1 -1 -1 3.625 3.8125 4 2.625 1.75 2.9375 3.9375 4.25 3.375 3.1875 3.6875 3.3125 3.625 3.9583332538604736 3.5 3.375 3.375 3.3333332538604736 3.3333332538604736 3.125 3.2083332538604736 3.3333332538604736 3.3333332538604736 3.125 2.5833332538604736 2.75 3.625 3.7916667461395264 3.4583332538604736 3.0833332538604736 3.0416667461395264 3.1666667461395264 2.5833332538604736 2.75 3.2916667461395264 3.125 3.0833332538604736 3.2083332538604736 3.3333332538604736 3.4166667461395264 3.375 3.1666667461395264 3.3333332538604736 3.5 3.4166667461395264 3.5416667461395264 3.7083332538604736 3.7916667461395264 3.875
-1 -1 -1 -1 -1 -1 -1 -1 -1 -1 -1 -1 -1 -1 -1 -1 -1 -1 -1 -1 -1 -1 -1 -1 -1 -1 3.5 2.6666667461395264 2.8333332538604736 2.375 2.4166667461395264 3.5999999046325684 3.7916667461395264 3.75 3.3499999046325684 2.75 3.2916667461395264 3.25 3.375 4.125 4 4.25 4.25 4.125 3.5625 3 3.125 3.25 3.1875 2.875 2.8125 2.9375 2.9375 3.0625 3 3.25 3.6875 3.875 3.75 4 4.25 4 4 4.0625 4.25 4.3125 3.9375 3.75 4.0625 4.0625 4 4.125 4.1875 4.25 4.1875
-1 -1 -1 -1 -1 -1 -1 -1 -1 -1 -1 -1 -1 -1 -1 -1 -1 -1 -1 -1 -1 -1 -1 -1 -1 -1 -1 -1 -1 2 2.625 3.625 3.0833332538604736 2.625 3.3125 3.6875 3.6875 3.3125 3.375 4.125 4.0833334922790527 4.0416665077209473 4.0416665077209473 4 4.0416665077209473 4.0416665077209473 4.0833334922790527 4.1666665077209473 4.1666665077209473 4 3.8333332538604736 3.5833332538604736 3.25 3.5 3.6666667461395264 3.8333332538604736 4.0416665077209473 3.875 3.8333332538604736 3.9166667461395264 4 4 4 4.0416665077209473 4.0833334922790527 4.0416665077209473 3.9583332538604736 3.9583332538604736 3.9583332538604736 3.875 3.9583332538604736 4.125 4.125 4.0833334922790527 4.125
-1 -1 -1 -1 -1 -1 -1 -1 -1 -1 -1 -1 -1 -1 -1 -1 -1 -1 -1 -1 -1 -1 -1 -1 -1 -1 -1 -1 -1 2 2.75 3.0625 2.4000000953674316 2 2.4166667461395264 3 3.5833332538604736 3.5833332538604736 3.5 3.9583332538604736 3.9375 3.875 3.8125 3.6875 3.8125 4.0625 4.0625 4 4 3.9375 3.9375 3.875 3.5625 3.5 3.4375 3.3125 3.5 3.6875 3.8125 3.9375 4 4 4 4 4 4 4.0625 4.0625 3.9375 3.9375 4.0625 4.0625 4.0625 4.0625 4.125
-1 -1 -1 -1 -1 -1 -1 -1 -1 -1 -1 -1 -1 -1 -1 -1 -1 -1 -1 -1 -1 -1 -1 -1 -1 -1 -1 -1 -1 -1 -1 3 3 3 2.875 2.5625 3 3.8125 2.7083332538604736 2.0999999046325684 2.9500000476837158 3.5416667461395264 3.6666667461395264 3.3333332538604736 3.2916667461395264 3.6666667461395264 3.7083332538604736 3.5833332538604736 3.5416667461395264 3.5833332538604736 3.875 4 3.875 3.875 3.875 3.7916667461395264 3.7916667461395264 3.9166667461395264 4.0833334922790527 4.125 4.125 4.1666665077209473 4.0833334922790527 4 4.0416665077209473 4.0416665077209473 4.0416665077209473 4.0416665077209473 4 4 4.0416665077209473 4.0833334922790527 4.0833334922790527 4.0416665077209473 4.0833334922790527
-1 -1 -1 -1 -1 -1 -1 -1 -1 -1 -1 -1 -1 -1 -1 -1 -1 -1 -1 -1 -1 -1 -1 -1 -1 -1 -1 -1 -1 -1 -1 -1 -1 2.125 2.75 2.7083332538604736 2.5833332538604736 3.1666667461395264 2.5416667461395264 1.4375 1.9166666269302368 3.25 4 3.6875 3.5 3.625 3.625 3.75 3.6875 3.8125 4.0625 4.0625 4 4 4 4 4 4 4.0625 4.0625 4.0625 4.125 4.0625 4 4 4 3.875 3.875 4 4 4 4.0625 4.0625 4 4
-1 -1 -1 -1 -1 -1 -1 -1 -1 -1 -1 -1 -1 -1 -1 -1 -1 -1 -1 -1 -1 -1 -1 -1 -1 -1 -1 -1 -1 -1 -1 -1 -1 -1 2.625 2.1875 2.375 3 3.2000000476837158 3.0833332538604736 2.625 2.9583332538604736 3.7916667461395264 4.0833334922790527 4 4 4 4.0416665077209473 4.0416665077209473 4 4.0416665077209473 4.0416665077209473 4 4 4 4 4 4.0416665077209473 4.0416665077209473 4 4.0833334922790527 4.1666665077209473 4.125 4.0416665077209473 4 3.9583332538604736 3.9166667461395264 4 4.0416665077209473 4 4.0416665077209473 4.0833334922790527 4.0416665077209473 4.0416665077209473 4.0416665077209473
-1 -1 -1 -1 -1 -1 -1 -1 -1 -1 -1 -1 -1 -1 -1 -1 -1 -1 -1 -1 -1 -1 -1 -1 -1 -1 -1 -1 -1 -1 -1 -1 -1 -1 2.25 2.6875 2.9583332538604736 2.8333332538604736 3.0499999523162842 2.375 2.6666667461395264 3.125 3 3.75 4.0625 4 4 4.0625 4.0625 4 4.0625 4.0625 4 4 4 4 4 4 4 4 4 4.125 4.125 4.0625 3.9375 4 4.125 4.125 4.0625 4 4.0625 4.125 4.125 4.125 4.0625
-1 -1 -1 -1 -1 -1 -1 -1 -1 -1 -1 -1 -1 -1 -1 -1 -1 -1 -1 -1 -1 -1 -1 -1 -1 -1 -1 -1 -1 -1 -1 -1 -1 -1 -1 3.5 2.6666667461395264 1.6875 2.8499999046325684 3.4583332538604736 3.375 3.375 2.9166667461395264 2.7916667461395264 3.1666667461395264 3.7916667461395264 3.9166667461395264 3.8333332538604736 3.8333332538604736 3.9583332538604736 4.0833334922790527 4.125 4.0416665077209473 4 4 4 4 4 4 4 4 4 4.0833334922790527 4.0833334922790527 3.7916667461395264 3.8333332538604736 4.0416665077209473 4 4 4 4.0416665077209473 4.0416665077209473 4.0833334922790527 4.0833334922790527 4
-1 -1 -1 -1 -1 -1 -1 -1 -1 -1 -1 -1 -1 -1 -1 -1 -1 -1 -1 -1 -1 -1 -1 -1 -1 -1 -1 -1 -1 -1 -1 -1 -1 -1 -1 -1 1.75 1.125 2.8333332538604736 4 3.875 3.4375 2.625 2.1875 2.5 3.1666667461395264 3.25 3.0625 3.125 3.625 4 4.125 4.0625 4 4 4.0625 4.0625 4 4 4.0625 4.125 4.0625 4.0625 4.0625 3.6875 3.75 4.125 4.125 4.0625 4.0625 4.0625 4 4 4 4
-1 -1 -1 -1 -1 -1 -1 -1 -1 -1 -1 -1 -1 -1 -1 -1 -1 -1 -1 -1 -1 -1 -1 -1 -1 -1 -1 -1 -1 -1 -1 -1 -1 -1 -1 -1 -1 -1 -1 4 3.4166667461395264 2.875 2.5 2.6666667461395264 3.3499999046325684 4 3 3.1500000953674316 3 2.5833332538604736 3.0833332538604736 3.9166667461395264 3.5 3.6666667461395264 4.2083334922790527 4.125 4.125 4 4.0416665077209473 4.0833334922790527 4.0833334922790527 4.0416665077209473 4.0416665077209473 4.0416665077209473 3.6666667461395264 3.7083332538604736 4.0833334922790527 4.0833334922790527 4.0833334922790527 4.0833334922790527 4.0416665077209473 4 4 3.9166667461395264 3.8333332538604736
-1 -1 -1 -1 -1 -1 -1 -1 -1 -1 -1 -1 -1 -1 -1 -1 -1 -1 -1 -1 -1 -1 -1 -1 -1 -1 -1 -1 -1 -1 -1 -1 -1 -1 -1 -1 -1 -1 -1 -1 -1 -1 4 3.0833332538604736 3.1875 3.75 3.5625 3.625 3.375 2.5625 2.5 3 2.6666667461395264 2.875 3.5625 4.25 4.25 3.9375 4.0625 4.0625 4 4 3.9375 3.75 3.6875 3.875 4 4 4.0625 4.0625 4 3.875 3.875 3.875 3.75
-1 -1 -1 -1 -1 -1 -1 -1 -1 -1 -1 -1 -1 -1 -1 -1 -1 -1 -1 -1 -1 -1 -1 -1 -1 -1 -1 -1 -1 -1 -1 -1 -1 -1 -1 -1 -1 -1 -1 -1 -1 -1 -1 3.75 3.5833332538604736 3.4166667461395264 3.5416667461395264 3.9166667461395264 3.875 3.75 3.9500000476837158 3.75 3.0999999046325684 2.2916667461395264 2.2916667461395264 3 3.25 3.625 3.7083332538604736 3.5 4.3333334922790527 4.0416665077209473 3.8333332538604736 3.8333332538604736 3.875 4 4.0416665077209473 3.9583332538604736 3.8333332538604736 3.8333332538604736 3.8333332538604736 3.8333332538604736 3.9583332538604736 4.0833334922790527 4.0833334922790527
-1 -1 -1 -1 -1 -1 -1 -1 -1 -1 -1 -1 -1 -1 -1 -1 -1 -1 -1 -1 -1 -1 -1 -1 -1 -1 -1 -1 -1 -1 -1 -1 -1 -1 -1 -1 -1 -1 -1 -1 -1 1.25 1.375 3.0833332538604736 3.9375 4 3.9375 4.0625 3.9375 3.8125 3.9375 3.75 3.75 3.25 2.625 3.0625 3.1875 2.4375 2.4375 2.875 3.4375 3.6875 3.5 3.6875 3.9375 3.625 2.8125 3.1875 3.8125 3.875 4 4 4 4.0625 4.125
-1 -1 -1 -1 -1 -1 -1 -1 -1 -1 -1 -1 -1 -1 -1 -1 -1 -1 -1 -1 -1 -1 -1 -1 -1 -1 -1 -1 -1 -1 -1 -1 -1 -1 -1 -1 -1 -1 -1 -1 2.625 2.75 2.9166667461395264 3.2916667461395264 3.7916667461395264 4 4.0416665077209473 3.9583332538604736 3.9166667461395264 3.9583332538604736 3.9166667461395264 3.9166667461395264 3.6666667461395264 3.4166667461395264 3.5416667461395264 3.8333332538604736 3.625 3.0416667461395264 3.2916667461395264 3.75 3.5 3.2916667461395264 3.1666667461395264 3.0833332538604736 2.9166667461395264 2.6500000953674316 2.0499999523162842 2.5 3.3333332538604736 3.6666667461395264 4 4 4 4 4
-1 -1 -1 -1 -1 -1 -1 -1 -1 -1 -1 -1 -1 -1 -1 -1 -1 -1 -1 -1 -1 -1 -1 -1 -1 -1 -1 -1 -1 -1 -1 -1 -1 -1 -1 -1 -1 -1 -1 3.5 3.6666667461395264 3.75 3.6875 3.25 2.875 4 4.0625 3.875 3.875 4 3.875 3.75 3.625 3.75 3.75 3.75 3.875 3.875 3.875 3.875 3.8125 3.625 3.25 3 3 3.1666667461395264 2.6875 2.25 2.4375 2.75 3 3 3.5 4 4
-1 -1 -1 -1 -1 -1 -1 -1 -1 -1 -1 -1 -1 -1 -1 -1 -1 -1 -1 -1 -1 -1 -1 -1 -1 -1 -1 -1 -1 -1 -1 -1 -1 -1 -1 -1 -1 -1 3.375 3.5499999523162842 3.7916667461395264 3.75 3.625 3.5416667461395264 3.4166667461395264 3.5 3.7083332538604736 3.7083332538604736 3.7083332538604736 3.875 3.625 3.4583332538604736 3.7916667461395264 3.9166667461395264 3.75 3.7916667461395264 3.5 3.375 3.7083332538604736 3.75 3.875 3.8333332538604736 3.5833332538604736 2.7999999523162842 1.5833333730697632 2.067500114440918 2.2539999485015869 3.0499999523162842 3.0333333015441895 2.7416665554046631 3.125 3.0833332538604736 3 3 3.0416667461395264
-1 -1 -1 -1 -1 -1 -1 -1 -1 -1 -1 -1 -1 -1 -1 -1 -1 -1 -1 -1 -1 -1 -1 -1 -1 -1 -1 -1 -1 -1 -1 -1 -1 -1 -1 -1 -1 -1 3.5 3.75 4 3.875 3.6875 3.8125 4 3.5625 3.5 3.8125 3.4375 3.25 2.9375 2.75 3.375 3.8125 3.875 3.9375 3.25 3.0625 3.625 3.375 3.5625 3.8125 3.5625 2.8125 2.375 0.019999999552965164 2.3849999904632568 3.8333332538604736 2.6749999523162842 2.7374999523162842 3.75 3.8125 3.5625 3.5 3.5625
-1 -1 -1 -1 -1 -1 -1 -1 -1 -1 -1 -1 -1 -1 -1 -1 -1 -1 -1 -1 -1 -1 -1 -1 -1 -1 -1 -1 -1 -1 -1 -1 -1 -1 -1 -1 4.5 3.5 3.1500000953674316 3.625 3.8333332538604736 3.8333332538604736 3.7916667461395264 3.5833332538604736 3.5833332538604736 3.6666667461395264 3.875 3.625 3.25 3.25 3.25 3.25 3.4583332538604736 3.4583332538604736 3.4583332538604736 3.6666667461395264 3.5 3.375 3.4166667461395264 3.2083332538604736 3.25 3.5416667461395264 2.9166667461395264 2.5499999523162842 2.9166667461395264 2.0333333015441895 3.2200000286102295 3.7916667461395264 3.5833332538604736 3.75 3.75 3.7916667461395264 3.8333332538604736 3.9166667461395264 3.9583332538604736
-1 -1 -1 -1 -1 -1 -1 -1 -1 -1 -1 -1 -1 -1 -1 -1 -1 -1 -1 -1 -1 -1 -1 -1 -1 -1 -1 -1 -1 -1 -1 -1 -1 -1 -1 -1 4.25 3.75 3.5 3.75 3.75 3.375 3.5 3.5625 3.125 3.4375 3.875 3.9375 3.8125 3.5625 3.5 3.5625 3.5 2.875 2.3125 2.8125 3 2.9375 3.125 3.1875 3.25 2.75 2.25 2.6875 2.625 2.8125 3.625 3.6875 3.5625 3.75 3.875 3.8125 3.875 3.875 3.6875
-1 -1 -1 -1 -1 -1 -1 -1 -1 -1 -1 -1 -1 -1 -1 -1 -1 -1 -1 -1 -1 -1 -1 -1 -1 -1 -1 -1 -1 -1 -1 -1 -1 -1 -1 -1 4 3.9583332538604736 3.8333332538604736 3.75 3.6666667461395264 3.4583332538604736 3.4583332538604736 3.5833332538604736 3.25 2.6666667461395264 2.7916667461395264 3.125 3.1666667461395264 3.6666667461395264 3.6666667461395264 3.4166667461395264 3.25 2.4166667461395264 2.2083332538604736 3.2916667461395264 3.5416667461395264 3 2.6666667461395264 3.1666667461395264 2.4333333969116211 1.0666667222976685 1.3416666984558105 2.125 2.0833332538604736 2.5416667461395264 3.2083332538604736 3.3333332538604736 3.5 3.5833332538604736 3.875 3.9166667461395264 3.9166667461395264 3.6666667461395264 3.4583332538604736
-1 -1 -1 -1 -1 -1 -1 -1 -1 -1 -1 -1 -1 -1 -1 -1 -1 -1 -1 -1 -1 -1 -1 -1 -1 -1 -1 -1 -1 -1 -1 -1 -1 -1 -1 1.75 3.1666667461395264 3.8125 4 4.0625 3.8125 3.75 3.75 3.75 3.5 2.625 2.5 2.3125 2.4375 3.25 3.25 3.375 3.75 3.375 3.3125 3.75 3.8125 3.375 2.75 3.375 2.0499999523162842 1.2999999523162842 2.4375 2.4375 2.875 3.25 2.5833332538604736 2.5 3.9166667461395264 3.8125 3.875 4 3.875 4 4.0625
-1 -1 -1 -1 -1 -1 -1 -1 -1 -1 -1 -1 -1 -1 -1 -1 -1 -1 -1 -1 -1 -1 -1 -1 -1 -1 -1 -1 -1 -1 -1 -1 -1 -1 -1 1.0750000476837158 1.7250000238418579 2.2999999523162842 3.2083332538604736 3.7916667461395264 3.3333332538604736 3.1666667461395264 3.375 3.6666667461395264 3.7083332538604736 3.7083332538604736 3.625 3.5 3.3333332538604736 3.375 3.5 3.875 3.5416667461395264 3.3333332538604736 3.875 3.4166667461395264 3.3333332538604736 3.75 3.5 3.0833332538604736 1.7200000286102295 2.0199999809265137 3.1666667461395264 3.4583332538604736 3.75 3.8333332538604736 4 -1 4.25 4 4 4 3.75 4 4.125
-1 -1 -1 -1 -1 -1 -1 -1 -1 -1 -1 -1 -1 -1 -1 -1 -1 -1 -1 -1 -1 -1 -1 -1 -1 -1 -1 -1 -1 -1 -1 -1 -1 -1 -1 -1 -1 1 1.9166666269302368 2.5625 2.8125 3.25 3.625 3.625 3.8125 4 4 3.9375 3.8125 3.625 3.5 3.75 3.375 3.375 3.1875 2.75 3.125 3.125 3 2.375 1.875 4 3.75 3.5833332538604736 3.75 -1 -1 -1 -1 -1 -1 -1 -1 -1 -1
-1 -1 -1 -1 -1 -1 -1 -1 -1 -1 -1 -1 -1 -1 -1 -1 -1 -1 -1 -1 -1 -1 -1 -1 -1 -1 -1 -1 -1 -1 -1 -1 -1 -1 -1 -1 -1 -1 1.25 1.75 1.8500000238418579 2.3166666030883789 2.8833334445953369 2.75 2.875 3.4583332538604736 3.75 3.7916667461395264 4 3.875 3.2916667461395264 3.25 3.6666667461395264 3.7916667461395264 2.9500000476837158 1.5700000524520874 2.1833333969116211 2.75 3 3.4166667461395264 3.5833332538604736 2.1500000953674316 2.7666666507720947 4 -1 -1 -1 -1 -1 -1 -1 -1 -1 -1 -1
-1 -1 -1 -1 -1 -1 -1 -1 -1 -1 -1 -1 -1 -1 -1 -1 -1 -1 -1 -1 -1 -1 -1 -1 -1 -1 -1 -1 -1 -1 -1 -1 -1 -1 -1 -1 -1 -1 -1 -1 0.5 0.44999998807907104 0.40000000596046448 0.69999998807907104 2 2.2833333015441895 1.9375 2.6333334445953369 4 2.7000000476837158 1.4874999523162842 1.6166666746139526 2.2000000476837158 2.5875000953674316 2.75 2.3125 2.1875 1.875 2.5 3.875 4 -1 -1 -1 -1 -1 -1 -1 -1 -1 -1 -1 -1 -1 -1
-1 -1 -1 -1 -1 -1 -1 -1 -1 -1 -1 -1 -1 -1 -1 -1 -1 -1 -1 -1 -1 -1 -1 -1 -1 -1 -1 -1 -1 -1 -1 -1 -1 -1 -1 -1 -1 -1 -1 -1 -1 -1 -1 -1 -1 0.10000000149011612 0.25 0.40000000596046448 -1 0.10000000149011612 0.10000000149011612 0.10000000149011612 0.10000000149011612 1.4249999523162842 2.375 2.5 2.5 2 2 -1 -1 -1 -1 -1 -1 -1 -1 -1 -1 -1 -1 -1 -1 -1 -1
