SimulationData/Scenarios/Alblasserwaard/Flooding/Gorinchem/23700.asc
ncols        410
nrows        139
xllcorner    4.624486754327
yllcorner    51.814562674375
cellsize     0.001350341696
NODATA_value  -1
[rows 96 to 127 of 139, columns 0 to 71 of 410]
-1 -1 -1 -1 -1 -1 -1 -1 -1 3 4 3.5999999046325684 3.625 4.2083334922790527 4.2083334922790527 4.25 4.0416665077209473 4.0416665077209473 4.0833334922790527 4.0833334922790527 4.25 4.25 4.2083334922790527 4.25 4.2916665077209473 4.2083334922790527 4.2083334922790527 4.25 4.0416665077209473 4 4.1666665077209473 4.0833334922790527 3.7916667461395264 3.7916667461395264 3.625 3.25 2.8333332538604736 3.3333332538604736 4.2916665077209473 4.2916665077209473 4.25 4.25 4.2916665077209473 4.25 4.25 4.25 4.25 4.25 4.25 4.25 4.25 4.25 4.25 4.25 4.25 4.25 4.25 4.25 4.25 4.25 4.25 4.25 4.25 4.25 4.25 4.25 4.25 4.25 4.25 4.25 4.25 4.25
-1 -1 -1 -1 -1 -1 -1 -1 -1 -1 -1 1.25 3.25 4.25 4.3125 4.25 4.0625 3.9375 4 4.1875 4.25 4.25 4.1875 4.25 4.3125 4.25 4.25 3.8125 3.4375 3.875 4.1875 3.5625 3.5 4.125 4.125 4 3.25 3.4375 4.375 4.3125 4.25 4.25 4.25 4.25 4.25 4.25 4.25 4.25 4.2083334922790527 4.1666665077209473 4.1666665077209473 4.2083334922790527 4.25 4.25 4.25 4.25 4.25 4.25 4.25 4.25 4.25 4.25 4.25 4.25 4.25 4.25 4.25 4.25 4.25 4.25 4.25 4.25
-1 -1 -1 -1 -1 -1 -1 -1 -1 -1 -1 -1 4.25 4.1666665077209473 4.3000001907348633 4.4166665077209473 4.4166665077209473 4.3333334922790527 4.25 4.3333334922790527 4.4166665077209473 3.9166667461395264 4.2083334922790527 4.3333334922790527 4.0833334922790527 4.0416665077209473 4.0833334922790527 3.75 3.75 4.1666665077209473 4.25 3.75 3.6666667461395264 4.2083334922790527 4 3.6666667461395264 3 3.3333332538604736 4.2916665077209473 4.25 4.2083334922790527 4.2083334922790527 4.25 4.25 4.1875 4.1875 3.75 3.25 3.75 4.25 4.25 4.25 4.25 4.25 4.25 4.25 4.25 4.25 4.25 4.25 4.25 4.25 4.25 4.25 4.25 4.25 4.25 4.25 4.25 4.25 4.25 4.25
-1 -1 -1 -1 -1 -1 -1 -1 -1 -1 -1 -1 -1 -1 4.5 4.6666665077209473 4.5625 4.375 4.3125 4.25 4.25 4.0625 3.8125 3.75 3.8125 4 3.625 3.6875 4.1875 4.0625 4.125 3.9375 3.625 4.0625 4.5 3.125 2.6875 3.25 4.25 4.1875 4.125 4.2083334922790527 4.25 4.25 3.875 3.375 3.1666667461395264 3 3.0833332538604736 3.25 3.3333332538604736 3.7916667461395264 4.2083334922790527 4.25 4.25 4.25 4.25 4.25 4.25 4.25 4.25 4.25 4.25 4.25 4.25 4.25 4.25 4.25 4.25 4.25 4.25 4.25
-1 -1 -1 -1 -1 -1 -1 -1 -1 -1 -1 -1 -1 -1 -1 4.75 4.5 3.7999999523162842 3.7083332538604736 3.5833332538604736 3.1666667461395264 3.25 3 3.2916667461395264 3.6666667461395264 3.7916667461395264 3.875 3.9166667461395264 3.9583332538604736 3.8333332538604736 4.0833334922790527 4 3.9166667461395264 4.125 4.25 4.1666665077209473 3.375 3.0416667461395264 3.25 3.25 3.8333332538604736 4.25 4.25 4.1875 3.25 2.8125 3.25 3.375 3.375 3.25 3 3 3.6875 4.1875 4.25 4.25 4.25 4.25 4.25 4.25 4.25 4.25 4.25 4.25 4.25 4.25 4.3125 4.3125 4.25 4.25 4.25 4.25
-1 -1 -1 -1 -1 -1 -1 -1 -1 -1 -1 -1 -1 -1 -1 -1 -1 1.75 2.625 2.375 1.25 1.3333333730697632 2.125 3.625 3.75 3.625 3.9375 3.8125 3.6875 3.75 3.9375 4 4.1875 4.25 4.25 3.6875 3 3.125 3.1875 2.9375 3.5 4.0833334922790527 4.25 3.5833332538604736 2.9166667461395264 3.1666667461395264 3.5 3.8333332538604736 4.0833334922790527 3.6666667461395264 3.4583332538604736 3.2083332538604736 3.0833332538604736 3.625 4.25 4.25 4.25 4.25 4.25 4.25 4.25 4.25 4.25 4.25 4.25 4.25 4.2916665077209473 4.2916665077209473 4.25 4.25 4.25 4.25
-1 -1 -1 -1 -1 -1 -1 -1 -1 -1 -1 -1 -1 -1 -1 -1 -1 -1 -1 -1 -1 0.75 1.875 3.9166667461395264 3.5 2.625 2.7999999523162842 3.4166667461395264 3.8333332538604736 3.75 3.5 3.25 3.4500000476837158 2.8039999008178711 2.1733334064483643 2.4616665840148926 3.1666667461395264 3.625 3.7083332538604736 2.9166667461395264 2.8333332538604736 3.9166667461395264 4.125 3.25 2.875 3.5 3.8125 4 4.125 4.125 3.6875 3.375 2.9375 3.3125 4.25 4.25 4.25 4.25 4.25 4.25 4.25 4.25 4.25 4.25 4.25 4.25 4.25 4.25 4.25 4.25 4.25 4.25
-1 -1 -1 -1 -1 -1 -1 -1 -1 -1 -1 -1 -1 -1 -1 -1 -1 -1 -1 -1 -1 -1 -1 -1 -1 -1 0.75 1.9166666269302368 2.4375 2.4375 2.5 2.3125 1.75 1.3400000333786011 1.5099999904632568 2.380000114440918 3.625 3.9375 3.75 2.875 2.6666667461395264 2.9583332538604736 3.125 3.0416667461395264 3.375 3.9166667461395264 4 3.9583332538604736 4 4.0416665077209473 3.75 2.9583332538604736 3.0416667461395264 3.9166667461395264 4.25 4.25 4.25 4.25 4.25 4.2916665077209473 4.3333334922790527 4.2916665077209473 4.25 4.2083334922790527 4.2083334922790527 4.25 4.25 4.25 4.2083334922790527 4.2083334922790527 4.25 4.125
-1 -1 -1 -1 -1 -1 -1 -1 -1 -1 -1 -1 -1 -1 -1 -1 -1 -1 -1 -1 -1 -1 -1 -1 -1 -1 4 2.8125 2.5833332538604736 2.25 1.7916666269302368 2.2083332538604736 2.9166667461395264 3.25 3.5 3.5416667461395264 3.625 3.75 3.75 3.3333332538604736 2.6666667461395264 2.3125 3.0625 3.5 3.8125 4.0625 4 3.875 3.875 3.8125 3.25 2.6875 3.4375 4.25 4.25 4.25 4.3125 3.75 3.125 3.25 3.4375 3.3125 3.125 3.125 3.125 3.125 3.25 3.375 3.6875 4.125 4.1875 3.625
-1 -1 -1 -1 -1 -1 -1 -1 -1 -1 -1 -1 -1 -1 -1 -1 -1 -1 -1 -1 -1 -1 -1 -1 -1 -1 3.875 4.0625 4.25 2.875 2 3.1875 4.1875 4.5 3.625 3.4375 3.875 3.375 3.75 4.125 3.625 3.5 3.5 3.4166667461395264 3.375 3.1666667461395264 3.2083332538604736 3.3333332538604736 3.4166667461395264 3.25 2.6666667461395264 2.8333332538604736 3.7916667461395264 3.9166667461395264 3.5 3.1666667461395264 3.2083332538604736 3.2916667461395264 2.7083332538604736 2.9166667461395264 3.4583332538604736 3.25 3.1666667461395264 3.2916667461395264 3.4166667461395264 3.4583332538604736 3.375 3.25 3.4583332538604736 3.5833332538604736 3.4583332538604736 3.5833332538604736
-1 -1 -1 -1 -1 -1 -1 -1 -1 -1 -1 -1 -1 -1 -1 -1 -1 -1 -1 -1 -1 -1 -1 -1 -1 -1 3.75 2.9166667461395264 3.0833332538604736 2.625 2.6666667461395264 3.8499999046325684 4 3.9166667461395264 3.5499999523162842 2.9500000476837158 3.5 3.375 3.4583332538604736 4.25 4.1666665077209473 4.375 4.375 4.3125 3.6875 3.125 3.1875 3.25 3.25 3.0625 2.9375 3 3.0625 3.1875 3.0625 3.375 3.9375 4.125 4 4.25 4.5 4.25 4.25 4.25 4.3125 4.375 4 3.875 4.1875 4.125 4.0625 4.1875
-1 -1 -1 -1 -1 -1 -1 -1 -1 -1 -1 -1 -1 -1 -1 -1 -1 -1 -1 -1 -1 -1 -1 -1 -1 -1 -1 -1 -1 2 2.75 3.875 3.1666667461395264 2.625 3.375 3.8125 3.8125 3.4375 3.5 4.2916665077209473 4.2916665077209473 4.25 4.2083334922790527 4.2083334922790527 4.25 4.25 4.25 4.25 4.3333334922790527 4.25 3.9583332538604736 3.625 3.3333332538604736 3.5833332538604736 3.75 3.9583332538604736 4.2083334922790527 4.0416665077209473 4 4.125 4.25 4.25 4.25 4.25 4.25 4.25 4.1666665077209473 4.125 4.0833334922790527 3.9583332538604736 4.0833334922790527 4.25
-1 -1 -1 -1 -1 -1 -1 -1 -1 -1 -1 -1 -1 -1 -1 -1 -1 -1 -1 -1 -1 -1 -1 -1 -1 -1 -1 -1 -1 2 2.9166667461395264 3.25 2.4500000476837158 2 2.4166667461395264 3.0416667461395264 3.7083332538604736 3.75 3.7083332538604736 4.2083334922790527 4.125 4 3.875 3.75 4 4.25 4.25 4.25 4.25 4.125 4.0625 3.9375 3.5625 3.5 3.5 3.4375 3.5625 3.6875 3.8125 4.0625 4.25 4.25 4.25 4.25 4.25 4.25 4.25 4.25 4.1875 4.125 4.1875 4.25
-1 -1 -1 -1 -1 -1 -1 -1 -1 -1 -1 -1 -1 -1 -1 -1 -1 -1 -1 -1 -1 -1 -1 -1 -1 -1 -1 -1 -1 -1 -1 3 3 3 2.9375 2.625 3.0625 4 2.875 2.25 3.1500000953674316 3.6666667461395264 3.75 3.4583332538604736 3.4166667461395264 3.7083332538604736 3.75 3.6666667461395264 3.6666667461395264 3.6666667461395264 3.9583332538604736 4.125 4 4.0416665077209473 4.0416665077209473 4 4 4.0833334922790527 4.2083334922790527 4.25 4.25 4.25 4.25 4.25 4.25 4.25 4.25 4.2083334922790527 4.1666665077209473 4.2083334922790527 4.25 4.25
-1 -1 -1 -1 -1 -1 -1 -1 -1 -1 -1 -1 -1 -1 -1 -1 -1 -1 -1 -1 -1 -1 -1 -1 -1 -1 -1 -1 -1 -1 -1 -1 -1 2.125 2.7999999523162842 2.7916667461395264 2.7083332538604736 3.3333332538604736 2.625 1.5 2.0833332538604736 3.375 4.0625 3.75 3.5625 3.625 3.625 3.875 3.875 4 4.1875 4.1875 4.1875 4.25 4.25 4.25 4.25 4.25 4.25 4.25 4.25 4.25 4.25 4.25 4.25 4.25 4.0625 4.0625 4.25 4.25 4.25 4.25
-1 -1 -1 -1 -1 -1 -1 -1 -1 -1 -1 -1 -1 -1 -1 -1 -1 -1 -1 -1 -1 -1 -1 -1 -1 -1 -1 -1 -1 -1 -1 -1 -1 -1 2.75 2.3125 2.5 3.0625 3.25 3.25 2.75 3 3.875 4.2083334922790527 4.125 4.1666665077209473 4.1666665077209473 4.2083334922790527 4.25 4.25 4.25 4.25 4.25 4.25 4.25 4.25 4.25 4.25 4.25 4.25 4.25 4.25 4.25 4.25 4.25 4.2083334922790527 4.0833334922790527 4.125 4.25 4.25 4.25 4.25
-1 -1 -1 -1 -1 -1 -1 -1 -1 -1 -1 -1 -1 -1 -1 -1 -1 -1 -1 -1 -1 -1 -1 -1 -1 -1 -1 -1 -1 -1 -1 -1 -1 -1 2.5 2.75 3 2.875 3.1500000953674316 2.5 2.75 3.1875 3.0625 3.875 4.25 4.25 4.25 4.25 4.25 4.25 4.25 4.25 4.25 4.25 4.25 4.25 4.25 4.25 4.25 4.25 4.25 4.25 4.25 4.25 4.125 4.125 4.25 4.25 4.25 4.25 4.25 4.25
-1 -1 -1 -1 -1 -1 -1 -1 -1 -1 -1 -1 -1 -1 -1 -1 -1 -1 -1 -1 -1 -1 -1 -1 -1 -1 -1 -1 -1 -1 -1 -1 -1 -1 -1 3.5 2.6666667461395264 1.6875 2.9500000476837158 3.5833332538604736 3.5 3.5 3.0416667461395264 2.9583332538604736 3.3333332538604736 4 4.1666665077209473 4 3.9583332538604736 4.1666665077209473 4.25 4.25 4.25 4.25 4.25 4.2083334922790527 4.2083334922790527 4.25 4.25 4.25 4.25 4.25 4.25 4.25 3.9166667461395264 3.9166667461395264 4.25 4.25 4.25 4.25 4.25 4.25
-1 -1 -1 -1 -1 -1 -1 -1 -1 -1 -1 -1 -1 -1 -1 -1 -1 -1 -1 -1 -1 -1 -1 -1 -1 -1 -1 -1 -1 -1 -1 -1 -1 -1 -1 -1 1.75 1.125 2.9166667461395264 4.1666665077209473 4.125 3.625 2.8125 2.375 2.5833332538604736 3.3333332538604736 3.5 3.25 3.1875 3.6875 4.125 4.25 4.1875 4.1875 4.25 4.1875 4.1875 4.25 4.25 4.25 4.25 4.25 4.25 4.25 3.875 3.875 4.25 4.25 4.25 4.25 4.25 4.25
-1 -1 -1 -1 -1 -1 -1 -1 -1 -1 -1 -1 -1 -1 -1 -1 -1 -1 -1 -1 -1 -1 -1 -1 -1 -1 -1 -1 -1 -1 -1 -1 -1 -1 -1 -1 -1 -1 -1 4.25 3.6666667461395264 3 2.5999999046325684 2.7916667461395264 3.4000000953674316 4 3.1666667461395264 3.2999999523162842 3.0999999046325684 2.625 3.125 4 3.5416667461395264 3.75 4.4166665077209473 4.25 4.2083334922790527 4.2083334922790527 4.25 4.25 4.25 4.25 4.25 4.2083334922790527 3.8333332538604736 3.875 4.25 4.25 4.25 4.25 4.25 4.25
-1 -1 -1 -1 -1 -1 -1 -1 -1 -1 -1 -1 -1 -1 -1 -1 -1 -1 -1 -1 -1 -1 -1 -1 -1 -1 -1 -1 -1 -1 -1 -1 -1 -1 -1 -1 -1 -1 -1 -1 -1 -1 4 3.0833332538604736 3.1875 3.75 3.625 3.8125 3.5625 2.6875 2.5833332538604736 3 2.6666667461395264 2.9375 3.6875 4.375 4.3125 4.0625 4.25 4.25 4.25 4.25 4.1875 3.9375 3.875 4.125 4.25 4.25 4.25 4.25 4.25 4.0625
-1 -1 -1 -1 -1 -1 -1 -1 -1 -1 -1 -1 -1 -1 -1 -1 -1 -1 -1 -1 -1 -1 -1 -1 -1 -1 -1 -1 -1 -1 -1 -1 -1 -1 -1 -1 -1 -1 -1 -1 -1 -1 -1 3.75 3.5833332538604736 3.4166667461395264 3.6666667461395264 4.1666665077209473 4.125 3.9583332538604736 4.1500000953674316 4 3.25 2.375 2.4166667461395264 3.1666667461395264 3.3333332538604736 3.6666667461395264 3.8333332538604736 3.6666667461395264 4.4166665077209473 4.1666665077209473 4 4.0416665077209473 4.125 4.25 4.25 4.125 4.0416665077209473 4.0416665077209473 4 4
-1 -1 -1 -1 -1 -1 -1 -1 -1 -1 -1 -1 -1 -1 -1 -1 -1 -1 -1 -1 -1 -1 -1 -1 -1 -1 -1 -1 -1 -1 -1 -1 -1 -1 -1 -1 -1 -1 -1 -1 -1 1.25 1.5 3.1666667461395264 4 4.125 4.125 4.3125 4.1875 4.0625 4.125 3.9375 4 3.375 2.75 3.25 3.25 2.4375 2.4375 2.875 3.5 3.8125 3.625 3.8125 4.0625 3.75 2.9375 3.25 3.9375 4.125 4.25 4.25
-1 -1 -1 -1 -1 -1 -1 -1 -1 -1 -1 -1 -1 -1 -1 -1 -1 -1 -1 -1 -1 -1 -1 -1 -1 -1 -1 -1 -1 -1 -1 -1 -1 -1 -1 -1 -1 -1 -1 -1 2.75 2.9000000953674316 3.0833332538604736 3.4583332538604736 4 4.25 4.2916665077209473 4.2083334922790527 4.125 4.1666665077209473 4.125 4.125 3.8333332538604736 3.5416667461395264 3.75 4.0833334922790527 3.8333332538604736 3.1666667461395264 3.4166667461395264 3.9166667461395264 3.7083332538604736 3.4583332538604736 3.2916667461395264 3.25 3.0416667461395264 2.75 2.25 2.6666667461395264 3.4583332538604736 3.875 4.25 4.25
-1 -1 -1 -1 -1 -1 -1 -1 -1 -1 -1 -1 -1 -1 -1 -1 -1 -1 -1 -1 -1 -1 -1 -1 -1 -1 -1 -1 -1 -1 -1 -1 -1 -1 -1 -1 -1 -1 -1 3.75 3.9166667461395264 4 3.9375 3.4375 3 4.125 4.25 4.125 4.125 4.25 4.125 3.9375 3.75 3.9375 4 4 4.125 4.125 4.125 4.125 4.0625 3.8125 3.4375 3.25 3.25 3.4166667461395264 2.9375 2.4375 2.5625 2.875 3.125 3.125
-1 -1 -1 -1 -1 -1 -1 -1 -1 -1 -1 -1 -1 -1 -1 -1 -1 -1 -1 -1 -1 -1 -1 -1 -1 -1 -1 -1 -1 -1 -1 -1 -1 -1 -1 -1 -1 -1 3.625 3.7999999523162842 4.0416665077209473 4 3.875 3.75 3.5833332538604736 3.6666667461395264 3.875 3.9166667461395264 3.9583332538604736 4.125 3.7916667461395264 3.5833332538604736 4 4.1666665077209473 4 4 3.7083332538604736 3.625 3.9583332538604736 4 4.125 4.0833334922790527 3.8333332538604736 2.9500000476837158 1.5833333730697632 2.130000114440918 2.4040000438690186 3.25 3.1583333015441895 2.8250000476837158 3.1666667461395264 3.1666667461395264
-1 -1 -1 -1 -1 -1 -1 -1 -1 -1 -1 -1 -1 -1 -1 -1 -1 -1 -1 -1 -1 -1 -1 -1 -1 -1 -1 -1 -1 -1 -1 -1 -1 -1 -1 -1 -1 -1 3.625 3.9375 4.25 4.125 3.9375 4.0625 4.25 3.8125 3.75 4.0625 3.6875 3.5 3.0625 2.8125 3.5625 4.0625 4.125 4.1875 3.5 3.3125 3.875 3.625 3.8125 4.0625 3.8125 3 2.5 0.019999999552965164 2.5099999904632568 4 2.7374999523162842 2.8624999523162842 3.875 3.9375
-1 -1 -1 -1 -1 -1 -1 -1 -1 -1 -1 -1 -1 -1 -1 -1 -1 -1 -1 -1 -1 -1 -1 -1 -1 -1 -1 -1 -1 -1 -1 -1 -1 -1 -1 -1 4.75 3.6666667461395264 3.25 3.7916667461395264 4.0833334922790527 4.0833334922790527 4.0416665077209473 3.8333332538604736 3.8333332538604736 3.9166667461395264 4.0833334922790527 3.7916667461395264 3.4166667461395264 3.4166667461395264 3.4166667461395264 3.4166667461395264 3.625 3.625 3.625 3.875 3.75 3.625 3.6666667461395264 3.4166667461395264 3.4583332538604736 3.7916667461395264 3.125 2.7000000476837158 3.0833332538604736 2.1166665554046631 3.369999885559082 4 3.75 3.9166667461395264 3.9166667461395264 4
-1 -1 -1 -1 -1 -1 -1 -1 -1 -1 -1 -1 -1 -1 -1 -1 -1 -1 -1 -1 -1 -1 -1 -1 -1 -1 -1 -1 -1 -1 -1 -1 -1 -1 -1 -1 4.5 3.9375 3.6875 4 4 3.5625 3.6875 3.8125 3.375 3.625 3.9375 4.0625 4 3.6875 3.6875 3.75 3.625 2.9375 2.3125 2.875 3.1875 3.1875 3.375 3.4375 3.4375 2.875 2.375 2.75 2.6875 2.875 3.75 3.9375 3.75 3.8125 3.9375 3.9375
-1 -1 -1 -1 -1 -1 -1 -1 -1 -1 -1 -1 -1 -1 -1 -1 -1 -1 -1 -1 -1 -1 -1 -1 -1 -1 -1 -1 -1 -1 -1 -1 -1 -1 -1 -1 4.25 4.2083334922790527 4.0833334922790527 3.9583332538604736 3.875 3.6666667461395264 3.625 3.75 3.4166667461395264 2.7916667461395264 2.8333332538604736 3.2083332538604736 3.375 3.875 3.875 3.5833332538604736 3.375 2.5 2.2916667461395264 3.4583332538604736 3.75 3.25 2.9166667461395264 3.375 2.5333333015441895 1.0833333730697632 1.3833333253860474 2.25 2.1666667461395264 2.625 3.375 3.5 3.5833332538604736 3.625 3.9583332538604736 4.0416665077209473
-1 -1 -1 -1 -1 -1 -1 -1 -1 -1 -1 -1 -1 -1 -1 -1 -1 -1 -1 -1 -1 -1 -1 -1 -1 -1 -1 -1 -1 -1 -1 -1 -1 -1 -1 2 3.4166667461395264 4 4.1875 4.25 4 4 4 4 3.75 2.875 2.625 2.4375 2.6875 3.5 3.5 3.5625 3.875 3.4375 3.4375 4 4 3.5625 3 3.5625 2.1624999046325684 1.3500000238418579 2.5 2.625 3.0625 3.4375 2.75 2.5 3.9166667461395264 3.8125 4 4.25
-1 -1 -1 -1 -1 -1 -1 -1 -1 -1 -1 -1 -1 -1 -1 -1 -1 -1 -1 -1 -1 -1 -1 -1 -1 -1 -1 -1 -1 -1 -1 -1 -1 -1 -1 1.25 1.9375 2.5 3.4166667461395264 4 3.5 3.3333332538604736 3.5833332538604736 3.9166667461395264 3.9583332538604736 3.9583332538604736 3.8333332538604736 3.7083332538604736 3.5833332538604736 3.625 3.7083332538604736 4 3.625 3.4583332538604736 4.0833334922790527 3.625 3.4583332538604736 3.8333332538604736 3.75 3.2083332538604736 1.7899999618530273 2.190000057220459 3.375 3.7083332538604736 4 4.0833334922790527 4.25 -1 4.25 4 4.125 4.25
