SimulationData/Scenarios/Alblasserwaard/Flooding/Gorinchem/23700.asc
ncols        410
nrows        139
xllcorner    4.624486754327
yllcorner    51.814562674375
cellsize     0.001350341696
NODATA_value  -1
[rows 32 to 63 of 139, columns 288 to 359 of 410]
3.0833332538604736 3.125 3.0833332538604736 3.0416667461395264 3.125 3.2083332538604736 3.125 3.0416667461395264 2.8333332538604736 2.625 2.6666667461395264 2.375 2.0833332538604736 2.1666667461395264 2.25 2.0833332538604736 2 2.2083332538604736 2.2083332538604736 2.1666667461395264 2.25 2.25 2.25 2.25 2.25 2.2916667461395264 2.4166667461395264 2.4166667461395264 2.5 2.625 2.4583332538604736 1.3666666746139526 1.3666666746139526 2.4583332538604736 2.5 2.5 2.5 2.375 2.3333332538604736 2.2916667461395264 2.25 2.3333332538604736 2.0833332538604736 1.75 1.75 1.7083333730697632 1.6666666269302368 1.7083333730697632 1.8333333730697632 2.125 2.3333332538604736 2.4166667461395264 2.5 2.5416667461395264 2.625 2.7083332538604736 2.625 2.625 2.75 2.7916667461395264 2.8333332538604736 2.7083332538604736 2.75 2.75 2.4166667461395264 2.25 2.25 2.2916667461395264 2.3333332538604736 2.3333332538604736 2.2916667461395264 2.2916667461395264
3.1875 3.25 3.125 3.125 3.25 3.1875 3.0625 3.125 2.4375 2 2.75 2 1.2875000238418579 1.3833333253860474 2.25 2.25 2.25 2.25 2 2 2.25 2.25 2.25 2.25 2.25 2.375 2.5 2.375 2.375 2.5 2.375 1.3250000476837158 1.3250000476837158 2.375 2.5 2.5 2.5 2.375 2.25 2.25 1.6666666269302368 1.375 1.5 1.5625 1.5 1.875 2.25 2.25 2.25 2.25 2.25 2.25 2.25 2.3125 2.5 2.5 2.5 2.5625 2.625 2.6875 2.75 2.8125 2.875 2.75 2.5625 2.4375 2.25 2.375 2.375 2.3125 2.375 2.375
3.25 3.25 3.125 3.125 2.8333332538604736 2.25 1.8083332777023315 2.0199999809265137 2.125 1.75 2.25 1.875 1.5249999761581421 1.5299999713897705 2.0625 2.25 2.25 2.25 2.3125 2.3125 2.25 2.25 2.25 2.3125 2.375 2.3125 2.25 2.25 2.25 1.7124999761581421 1.3125 1.8500000238418579 2.25 2.4375 2.6875 2.75 2.5625 2.5 2.625 2.4375 1.9500000476837158 1.7916666269302368 2.0833332538604736 2.3333332538604736 2.2916667461395264 2.25 2.25 2.25 2.25 2.25 2.25 2.25 2.25 2.3333332538604736 2.5416667461395264 2.5833332538604736 2.5833332538604736 2.6666667461395264 2.75 2.875 2.7916667461395264 2.6666667461395264 2.75 2.75 2.75 2.5416667461395264 2.25 2.2916667461395264 2.2916667461395264 2.2916667461395264 2.375 2.3333332538604736
3.125 3.125 3.0625 2.5 1.625 1.5625 2 2.25 2.25 2.0625 2 2 2.125 2.25 2.3125 2.3125 2.375 2.5 2.5 2.375 2.3125 2.3125 2.3125 2.375 2.375 2.375 2.3125 2.25 2.25 1.1749999523162842 1.2374999523162842 2.3125 2.25 2.4375 2.75 2.6875 2.4375 2.375 2.375 2.3125 2.375 2.5 2.4375 2.3125 2.25 2.25 2.25 2.3125 2.375 2.375 2.375 2.3125 2.25 2.25 2.4375 2.5625 2.625 2.75 3 3.1875 2.9375 2.75 2.75 2.6875 2.75 2.5625 2.25 2.25 2.25 2.25 2.25 2.25
3.1666667461395264 2.7083332538604736 2.1666667461395264 1.875 2 2.5833332538604736 2.75 2.5833332538604736 2.2916667461395264 2.0833332538604736 2.0833332538604736 2.1666667461395264 2.3333332538604736 2.5833332538604736 2.75 2.75 2.875 2.9166667461395264 2.75 2.5416667461395264 2.4166667461395264 2.375 2.375 2.375 2.3333332538604736 2.3333332538604736 2.2916667461395264 2.25 1.5499999523162842 1.1916667222976685 1.8916666507720947 2.25 2.2916667461395264 2.3333332538604736 2.4583332538604736 2.5 2.3333332538604736 2.2916667461395264 2.3333332538604736 2.2916667461395264 2.3333332538604736 2.375 2.3333332538604736 2.2916667461395264 2.2916667461395264 2.375 2.4166667461395264 2.4166667461395264 2.4583332538604736 2.5416667461395264 2.6666667461395264 2.5 2.25 2.25 2.3333332538604736 2.5416667461395264 2.6666667461395264 2.7916667461395264 2.9583332538604736 2.9583332538604736 2.875 2.875 2.75 2.7083332538604736 2.75 2.5 2.3333332538604736 2.2916667461395264 2.25 2.1666667461395264 2.1666667461395264 2.25
2.6875 2.0625 2.0625 2.6875 3.1875 3.0625 2.75 2.375 2.25 2.25 2.25 2.375 2.5625 2.75 2.875 2.9375 3 2.875 2.9375 3 2.625 2.4375 2.5625 2.5 2.375 2.3125 2.25 2.25 1.2250000238418579 1.2250000238418579 2.25 2.25 2.25 2.3125 2.4375 2.5 2.375 2.375 2.5 2.4375 2.4375 2.4375 2.3125 2.25 2.375 2.4375 2.4375 2.5 2.375 2.4375 2.625 2.5 2.375 2.3125 2.3125 2.5625 2.75 2.875 2.8125 2.6875 2.75 2.8125 2.6875 2.6875 2.6875 2.5 2.5 2.375 2.25 2.125 2.125 2.25
1.875 2.5 3 3.0833332538604736 3.125 2.875 2.5416667461395264 2.3333332538604736 2.2916667461395264 2.375 2.4166667461395264 2.5 2.625 2.6666667461395264 2.6666667461395264 2.8333332538604736 2.9166667461395264 2.875 2.9166667461395264 2.75 2.4583332538604736 2.375 2.5416667461395264 2.5833332538604736 2.5 2.4166667461395264 2.2916667461395264 1.8600000143051147 1.7699999809265137 2.2999999523162842 2.5416667461395264 2.5833332538604736 2.5416667461395264 2.5416667461395264 2.625 2.625 2.625 2.6666667461395264 2.6666667461395264 2.5416667461395264 2.3333332538604736 2.375 2.375 2.2916667461395264 2.4166667461395264 2.4583332538604736 2.4583332538604736 2.4583332538604736 2.375 2.375 2.5416667461395264 2.625 2.5833332538604736 2.4166667461395264 2.2916667461395264 2.375 2.4583332538604736 2.5416667461395264 2.5416667461395264 2.6666667461395264 2.75 2.6666667461395264 2.5833332538604736 2.4583332538604736 2.4166667461395264 2.4166667461395264 2.3333332538604736 2.2916667461395264 2.25 2.25 2.25 2.25
1.8125 2.75 2.875 2.9375 2.8125 2.5 2.375 2.3125 2.3125 2.5 2.625 2.6875 2.625 2.5625 2.6875 2.875 2.875 2.75 2.625 2.4375 2.375 2.4375 2.4375 2.375 2.375 2.375 1.8500000238418579 1.4249999523162842 2.2000000476837158 2.8125 2.875 2.875 2.875 2.9375 2.9375 3 3.0625 3.0625 3 2.75 2.25 2.25 2.5 2.5 2.5625 2.625 2.5625 2.4375 2.4375 2.5625 2.6875 2.75 2.5 2.375 2.25 2.25 2.3125 2.3125 2.3125 2.5 2.625 2.5625 2.5 2.4375 2.3125 2.25 2.25 2.25 2.25 2.25 2.25 2.25
2.5 2.6666667461395264 2.5833332538604736 2.5833332538604736 2.375 2.25 2.5416667461395264 2.625 2.6666667461395264 2.9583332538604736 3.0833332538604736 3.125 3.0416667461395264 2.9166667461395264 2.875 2.9166667461395264 3 2.9166667461395264 2.6666667461395264 2.4166667461395264 2.375 2.4166667461395264 2.4166667461395264 2.4166667461395264 2.4166667461395264 2.0250000953674316 1.3083333969116211 2.0333333015441895 2.9583332538604736 3 3.1666667461395264 3.125 3.0833332538604736 3.125 3.1666667461395264 3.2083332538604736 3.25 3.25 3.0833332538604736 3 2.875 2.9166667461395264 2.7916667461395264 2.5833332538604736 2.6666667461395264 2.6666667461395264 2.5 2.4583332538604736 2.4583332538604736 2.4583332538604736 2.5416667461395264 2.5833332538604736 2.4583332538604736 2.3333332538604736 2.3333332538604736 2.375 2.375 2.3333332538604736 2.2916667461395264 2.2916667461395264 2.375 2.375 2.3333332538604736 2.3333332538604736 2.2916667461395264 2.25 2.25 2.3333332538604736 2.5833332538604736 2.6666667461395264 2.4583332538604736 2.3333332538604736
2.875 2.75 2.5 2.3125 2.1875 2.3125 2.625 2.8125 3 3.125 3.25 3.25 3.1875 3.1875 3.125 2.9375 2.875 2.75 2.5 2.5 2.625 2.6875 2.6875 2.625 2.625 1.5125000476837158 1.5750000476837158 3 3.25 3.25 3.25 3.25 3.125 3.0625 3.1875 3.25 3.25 3.25 3.1875 3.0625 3.125 3.1875 3 2.9375 3 2.875 2.6875 2.6875 2.5 2.3125 2.3125 2.25 2.375 2.4375 2.375 2.4375 2.4375 2.4375 2.4375 2.3125 2.25 2.25 2.25 2.25 2.3125 2.375 2.5 2.6875 2.875 3 2.75 2.4375
3 2.9583332538604736 2.7916667461395264 2.4583332538604736 2.4166667461395264 2.6666667461395264 2.75 2.875 3.125 3.25 3.25 3.2083332538604736 3.2083332538604736 3.2083332538604736 3 2.7083332538604736 2.5416667461395264 2.5 2.5 2.5 2.625 2.7916667461395264 2.7916667461395264 2.75 2.2333333492279053 1.5083333253860474 2.2333333492279053 3.2083332538604736 3.2083332538604736 3.2083332538604736 3.25 3.1666667461395264 3.1666667461395264 3.1666667461395264 3.1666667461395264 3.25 3.25 3.25 3.25 3.2083332538604736 3.1666667461395264 3.125 3.0833332538604736 3.1666667461395264 3.1666667461395264 3.0833332538604736 3.125 3.0416667461395264 2.8333332538604736 2.75 2.7083332538604736 2.6666667461395264 2.6666667461395264 2.5833332538604736 2.625 2.5833332538604736 2.4166667461395264 2.4166667461395264 2.5 2.4583332538604736 2.3333332538604736 2.2916667461395264 2.2916667461395264 2.3333332538604736 2.4166667461395264 2.5 2.625 2.625 2.5416667461395264 2.6666667461395264 2.6666667461395264 2.4166667461395264
3.125 3 2.75 2.4375 2.6875 3.0625 3 2.9375 3.0625 3.125 3.1875 3.1875 3.1875 3.125 3 2.875 2.625 2.625 2.625 2.4375 2.5625 2.75 2.5625 2.375 1.3875000476837158 1.7625000476837158 3.125 3.1875 3.1875 3.1875 3.1875 3.0625 3.0625 3.125 3.1875 3.25 3.25 3.25 3.25 3.25 3.125 3.125 3.125 3.125 3.25 3.25 3.25 3.125 3 3 2.9375 2.875 2.875 2.9375 3 2.8125 2.4375 2.3125 2.5625 2.5 2.25 2.25 2.375 2.4375 2.5 2.625 2.5 2.375 2.3125 2.25 2.25 2.25
3.125 3.0833332538604736 2.7083332538604736 2.5 2.9583332538604736 3.1666667461395264 3.0833332538604736 3.0833332538604736 3.0833332538604736 3.0833332538604736 3.1666667461395264 3.125 3.0416667461395264 3.0833332538604736 3.1666667461395264 3.0416667461395264 2.6666667461395264 2.7083332538604736 2.7916667461395264 2.5416667461395264 2.5416667461395264 2.5416667461395264 1.7166666984558105 1.0166666507720947 1.6166666746139526 2.6916666030883789 3.2083332538604736 3.25 3.25 3.25 3.2083332538604736 3.1666667461395264 3.1666667461395264 3.1666667461395264 3.2083332538604736 3.25 3.25 3.25 3.25 3.1666667461395264 3.125 3.2083332538604736 3.2083332538604736 3.2083332538604736 3.25 3.25 3.25 3.2083332538604736 3.2083332538604736 3.1666667461395264 3.0833332538604736 3.0833332538604736 3.125 3.2083332538604736 3.2083332538604736 3.1666667461395264 3 2.9583332538604736 3.0416667461395264 2.8333332538604736 2.625 2.5416667461395264 2.4583332538604736 2.375 2.375 2.4166667461395264 2.4166667461395264 2.4166667461395264 2.375 2.2916667461395264 2.25 2.25
3.125 3.0625 2.625 2.625 3.125 3.125 3.125 3.25 3.1875 3.125 3.125 3.125 3.0625 3.125 3.25 3.125 2.8125 2.75 2.75 2.625 2.6875 2.0125000476837158 1.4249999523162842 1.5750000476837158 2.4124999046325684 3.1875 3.1875 3.25 3.25 3.25 3.25 3.25 3.25 3.25 3.25 3.25 3.25 3.25 3.1875 3.125 3.1875 3.25 3.25 3.25 3.25 3.25 3.1875 3.1875 3.1875 3.125 3.1875 3.25 3.25 3.25 3.25 3.25 3.25 3.25 3.0625 3 3 2.9375 2.625 2.3125 2.3125 2.25 2.3125 2.3125 2.25 2.25 2.25 2.25
3.1666667461395264 2.9583332538604736 2.7083332538604736 2.8333332538604736 3.0833332538604736 3.1666667461395264 3.2083332538604736 3.2083332538604736 3.1666667461395264 3.1666667461395264 3.1666667461395264 3.1666667461395264 3.1666667461395264 3.2083332538604736 3.1666667461395264 3.1666667461395264 3.1666667461395264 2.5833332538604736 1.8666666746139526 1.7999999523162842 2.0250000953674316 1.4750000238418579 1.5083333253860474 2.1666667461395264 2.6666667461395264 3.2083332538604736 3.25 3.25 3.25 3.25 3.25 3.25 3.25 3.25 3.25 3.25 3.2083332538604736 3.1666667461395264 3.125 3.125 3.2083332538604736 3.25 3.25 3.25 3.25 3.25 3.2083332538604736 3.1666667461395264 3.125 3.125 3.2083332538604736 3.25 3.25 3.25 3.25 3.25 3.25 3.25 3.125 3.125 3.1666667461395264 2.9166667461395264 2.5416667461395264 2.375 2.3333332538604736 2.25 2.25 2.25 2.25 2.25 2.25 2.25
3.125 3.0625 3.0625 3.125 3.1875 3.25 3.25 3.25 3.25 3.25 3.25 3.1875 3.125 3.1875 3.1875 3.125 3 1.9750000238418579 1.3999999761581421 2.4249999523162842 3.125 2.8125 2.1875 1.875 2.5 3.125 3 2.9375 3.0625 3.1875 3.25 3.25 3.25 3.25 3.1875 3.1875 3.125 3 3.125 3.1875 3.125 3.125 3.1875 3.25 3.25 3.25 3.25 3.1875 3.125 3.0625 3.125 3.25 3.25 3.25 3.25 3.25 3.25 3.1875 3.0625 3.125 3.125 2.75 2.4375 2.375 2.3125 2.25 2.25 2.25 2.3125 2.3125 2.25 2.25
3.25 3.0833332538604736 2.8333332538604736 2.9583332538604736 3.2083332538604736 3.25 3.25 3.25 3.25 3.25 3.1666667461395264 3.125 3 2.9583332538604736 3.0416667461395264 2.875 1.9166666269302368 1.6916667222976685 2.7750000953674316 3.25 3.25 3.25 3.25 3.25 3.25 3.2083332538604736 3.0833332538604736 3.0416667461395264 3.0833332538604736 3.1666667461395264 3.1666667461395264 3.0416667461395264 3.0416667461395264 3 2.7916667461395264 2.7083332538604736 2.875 3 3.0416667461395264 3 3 3.125 3.125 3.1666667461395264 3.1666667461395264 3.0833332538604736 3.1666667461395264 3.25 3.2083332538604736 3.0833332538604736 3.125 3.25 3.25 3.1666667461395264 3.0416667461395264 2.875 2.8333332538604736 2.875 2.875 2.9583332538604736 2.75 2.5 2.375 2.2916667461395264 2.3333332538604736 2.3333332538604736 2.2916667461395264 2.25 2.3333332538604736 2.3333332538604736 2.25 2.25
3.125 3.0625 2.9375 2.9375 3.125 3.25 3.25 3.25 3.25 3.25 3.1875 3.1875 3 2.75 2.75 2.625 1.4249999523162842 1.7999999523162842 3.25 3.25 3.25 3.25 3.25 3.25 3.25 3.25 3.25 3.25 3.25 3.25 3.25 3.25 3.125 2.9375 2.9375 2.9375 2.9375 3 2.875 2.5 2.625 3.0625 3.0625 3.0625 2.875 2.8125 3.125 3.25 3.25 3.25 3.25 3.25 3.1875 3.0625 2.8125 2.625 2.6875 2.75 2.6875 2.5625 2.4375 2.4375 2.375 2.4375 2.4375 2.25 2.25 2.25 2.25 2.25 2.3125 2.3125
3.1666667461395264 3.0833332538604736 3 3.0416667461395264 3.1666667461395264 3.25 3.25 3.25 3.25 3.25 3.25 3.1666667461395264 3 2.9583332538604736 3 2.0916666984558105 1.7416666746139526 2.7750000953674316 3.25 3.25 3.25 3.25 3.25 3.25 3.25 3.25 3.25 3.25 3.25 3.25 3.25 3.25 3.125 3.0833332538604736 3.2083332538604736 3.25 3.2083332538604736 3.1666667461395264 3.125 3 2.875 2.75 2.75 2.75 2.6666667461395264 2.9166667461395264 3.125 3.1666667461395264 3.2083332538604736 3.125 3.1666667461395264 3.25 3.125 2.8333332538604736 2.75 2.875 2.8333332538604736 2.7916667461395264 2.7083332538604736 2.625 2.625 2.5 2.5 2.5 2.3333332538604736 2.25 2.25 2.2916667461395264 2.3333332538604736 2.3333332538604736 2.3333332538604736 2.2916667461395264
3.25 3 2.875 3.125 3.25 3.25 3.25 3.25 3.25 3.25 3.125 3.125 3.1875 3.1875 3.1875 1.7625000476837158 1.8250000476837158 3.25 3.25 3.25 3.25 3.25 3.25 3.25 3.25 3.25 3.25 3.25 3.25 3.25 3.1875 3.1875 3.1875 3.1875 3.25 3.0625 2.875 3.25 3.25 3.25 3.125 2.75 2.5625 2.625 2.6875 2.875 3 3.125 3.25 3.125 3 3.125 3.0625 2.875 2.875 2.9375 2.8125 2.6875 2.75 2.875 2.75 2.5625 2.5 2.375 2.25 2.25 2.25 2.3125 2.3125 2.25 2.25 2.3125
3.25 3.0416667461395264 2.9583332538604736 3.1666667461395264 3.25 3.25 3.25 3.1666667461395264 3.0833332538604736 3.125 3.0416667461395264 3 3.0833332538604736 3.125 2.2166666984558105 1.7833333015441895 2.7750000953674316 3.25 3.25 3.25 3.25 3.25 3.25 3.25 3.25 3.25 3.25 3.25 3.2083332538604736 3.1666667461395264 3.1666667461395264 3.2083332538604736 3.25 3.1666667461395264 3 2.8333332538604736 2.75 2.875 2.875 2.75 2.75 2.7083332538604736 2.7916667461395264 2.9166667461395264 3 3.0416667461395264 2.9583332538604736 3 3.0416667461395264 3 3 3 3.0833332538604736 3.0833332538604736 2.9166667461395264 2.9166667461395264 2.8333332538604736 2.6666667461395264 2.7916667461395264 2.7916667461395264 2.625 2.5 2.4166667461395264 2.375 2.3333332538604736 2.3333332538604736 2.2916667461395264 2.3333332538604736 2.375 2.375 2.375 2.3333332538604736
3.0625 3 3.125 3.25 3.25 3.25 3.1875 3.125 3.125 3.125 3.125 3.0625 3.0625 2.4124999046325684 1.7000000476837158 2.4749999046325684 3.25 3.25 3.25 3.25 3.25 3.1875 3.125 3.1875 3.1875 3.1875 3.25 3.25 3.125 3.0625 3.1875 3.25 3.25 3.0625 2.9375 3 3 3 2.75 2.5625 2.5 2.5625 2.9375 3.0625 3 3 2.875 2.6875 2.625 2.625 2.625 2.75 2.9375 2.9375 2.875 2.875 2.5625 2.5 2.6875 2.5 2.4375 2.375 2.3125 2.375 2.375 2.4375 2.4375 2.5 2.5 2.375 2.4375 2.375
2.8333332538604736 2.9166667461395264 3.2083332538604736 3.25 3.25 3.25 3.1666667461395264 3.125 3.1666667461395264 3.2083332538604736 2.7166666984558105 2.0750000476837158 2.1083333492279053 2.2333333492279053 2.6916666030883789 3.2083332538604736 3.25 3.25 3.25 3.25 3.25 3.2083332538604736 3.1666667461395264 3.2083332538604736 3.2083332538604736 3.2083332538604736 3.25 3.25 3.2083332538604736 3.2083332538604736 3.25 3.25 3.25 3.2083332538604736 3.1666667461395264 3.0833332538604736 3 2.9583332538604736 2.9583332538604736 3.0833332538604736 3.0833332538604736 3.0833332538604736 3.1666667461395264 3.125 3.0416667461395264 2.875 2.5 2.5 2.8333332538604736 2.7916667461395264 2.6666667461395264 2.6666667461395264 2.7083332538604736 2.7083332538604736 2.7083332538604736 2.5416667461395264 2.3333332538604736 2.5 2.5833332538604736 2.4166667461395264 2.3333332538604736 2.3333332538604736 2.375 2.4583332538604736 2.5 2.4583332538604736 2.4583332538604736 2.4583332538604736 2.375 2.375 2.4166667461395264 2.3333332538604736
2.9375 3.0625 3.25 3.25 3.25 3.25 3.25 2.5374999046325684 1.8250000476837158 1.8250000476837158 1.7999999523162842 1.7999999523162842 2.5374999046325684 3.25 3.25 3.25 3.25 3.25 3.25 3.25 3.25 3.25 3.25 3.25 3.25 3.25 3.25 3.25 3.25 3.25 3.25 3.25 3.25 3.25 3.25 3.25 3.25 3.25 3.25 3.25 3.25 3.25 3.25 3.25 3.25 3.0625 2.6875 2.5625 2.8125 2.9375 2.875 2.75 2.8125 3 2.875 2.5 2.375 2.375 2.3125 2.375 2.375 2.4375 2.5 2.4375 2.375 2.4375 2.5 2.4375 2.3125 2.3125 2.375 2.3125
3.1666667461395264 3.2083332538604736 3.2083332538604736 3.25 2.7916667461395264 2.25 2.2166666984558105 2.1583333015441895 2.0499999523162842 1.9249999523162842 2.4416666030883789 3.0416667461395264 3.0833332538604736 3.1666667461395264 3.2083332538604736 3.25 3.25 3.25 3.25 3.25 3.25 3.2083332538604736 3.1666667461395264 3.1666667461395264 3.125 3.125 3.1666667461395264 3 2.875 3 3.1666667461395264 3.25 3.2083332538604736 3.2083332538604736 3.25 3.25 3.25 3.25 3.25 3.25 3.25 3.25 3.25 3.25 3.125 2.875 2.625 2.375 2.4166667461395264 2.5416667461395264 2.5 2.7083332538604736 2.9583332538604736 3 2.9583332538604736 2.8333332538604736 2.6666667461395264 2.5833332538604736 2.5 2.3333332538604736 2.2916667461395264 2.3333332538604736 2.2916667461395264 2.1666667461395264 2.0833332538604736 2.0416667461395264 2.125 2.2916667461395264 2.2083332538604736 2.0833332538604736 2.0416667461395264 2.125
3.125 3.125 3.0625 2.3875000476837158 1.7625000476837158 2.375 3.125 3.25 3.25 3.1875 3.1875 3.25 3.25 3.1875 3.1875 3.25 3.1875 3.0625 2.9375 3 3.125 3.125 3.125 3.0625 3.0625 3.1875 3.25 3.125 2.875 2.8125 3 3.1875 3.1875 3.1875 3.25 3.25 3.25 3.25 3.25 3.25 3.25 3.25 3.0625 2.8125 2.625 2.375 2.25 2.3125 2.5 2.6875 2.75 2.875 3 2.9375 2.8125 2.625 2.4375 2.4375 2.4375 2.3125 2.25 2.1875 2.0625 1.875 1.75 1.6875 1.6875 1.8125 1.8125 1.75 1.6875 1.875
2.1833333969116211 2.0416667461395264 1.9833333492279053 2.1666667461395264 2.7166666984558105 3.2083332538604736 3.25 3.2083332538604736 3.1666667461395264 3.2083332538604736 3.25 3.25 3.25 3.25 3.25 3.2083332538604736 3.1666667461395264 3.0833332538604736 3 3.0833332538604736 3.125 3.1666667461395264 3.25 3.2083332538604736 3.2083332538604736 3.25 3.2083332538604736 3.2083332538604736 3.25 3.1666667461395264 3.125 3.125 2.8333332538604736 2.6666667461395264 2.75 2.9166667461395264 3.0833332538604736 3.125 3.0833332538604736 3 2.9583332538604736 2.7916667461395264 2.5 2.375 2.3333332538604736 2.25 2.2083332538604736 2.25 2.2916667461395264 2.3333332538604736 2.4166667461395264 2.5833332538604736 2.75 2.6666667461395264 2.3333332538604736 2.125 2.125 2.0833332538604736 2.1666667461395264 2.2083332538604736 2 1.7916666269302368 1.875 2.0416667461395264 2.0833332538604736 2.125 2.0833332538604736 2.0416667461395264 2.0833332538604736 2.0833332538604736 2 1.9166666269302368
1.7124999761581421 1.6875 2.3624999523162842 3.1875 3.25 3.25 3.25 3.25 3.25 3.25 3.25 3.25 3.25 3.25 3.25 3.0625 2.8125 2.75 2.8125 2.9375 3 3.0625 3.125 3.125 3.1875 3.25 3.1875 3.125 3.1875 3.25 3.25 3.0625 2.5625 2.1875 1.9375 1.9375 2.125 2.375 2.5625 2.4375 2.3125 2.25 2.25 2.375 2.375 2.1875 2 1.9375 1.875 1.75 1.75 1.9375 2.125 2.1875 2.0625 2 2.1875 2.25 2.25 2.25 2.1875 2.125 2.125 2.1875 2.25 2.25 2.25 2.3125 2.3125 2.25 2.0625 2.125
3.2083332538604736 3.1666667461395264 3.0833332538604736 3.1666667461395264 3.25 3.25 3.25 3.25 3.25 3.25 3.25 3.25 3.1666667461395264 3 2.7916667461395264 2.625 2.5416667461395264 2.4583332538604736 2.4166667461395264 2.4166667461395264 2.4583332538604736 2.5 2.5 2.625 2.8333332538604736 2.9166667461395264 2.9166667461395264 2.7083332538604736 2.625 2.875 2.7916667461395264 2.4583332538604736 2.3333332538604736 2.4583332538604736 2.4583332538604736 2.2083332538604736 2.0833332538604736 2.125 2.1666667461395264 2.0833332538604736 2.0416667461395264 2.1666667461395264 2.25 2.25 2.25 2.125 2.0416667461395264 2.0833332538604736 2.0833332538604736 2.0833332538604736 2.0833332538604736 2.1666667461395264 2.25 2.4166667461395264 2.625 2.7083332538604736 2.7083332538604736 2.5416667461395264 2.3333332538604736 2.25 2.2916667461395264 2.2916667461395264 2.2916667461395264 2.3333332538604736 2.3333332538604736 2.375 2.375 2.2916667461395264 2.25 2.25 2.0416667461395264 1.8333333730697632
3.0625 3.125 3.1875 3.25 3.25 3.25 3.25 3.25 3.25 3.25 3.25 3 2.625 2.375 2.3125 2.375 2.5 2.5625 2.4375 2.5 2.6875 2.75 2.75 2.5 2.3125 2.3125 2.3125 2.4375 2.625 2.6875 2.5 2.4375 2.6875 2.875 3.0625 3.25 2.625 2.5 2.3125 2.125 2 2.0625 2.1875 2.25 2.1875 2.125 2.3125 2.4375 2.375 2.375 2.375 2.4375 2.625 2.875 3 3 2.875 2.625 2.4375 2.375 2.4375 2.4375 2.375 2.3125 2.25 2.3125 2.375 2.3125 2.25 2.25 1.75 1.75
3 3.1666667461395264 3.2083332538604736 3.125 2.9166667461395264 2.9583332538604736 3.125 3.1666667461395264 3.0416667461395264 2.8333332538604736 2.7083332538604736 2.4583332538604736 2.25 2.25 2.25 2.2916667461395264 2.2916667461395264 2.25 2.375 2.5 2.6666667461395264 2.8333332538604736 2.7916667461395264 2.5416667461395264 2.5 2.7916667461395264 2.9583332538604736 3.0416667461395264 3.125 3.0833332538604736 2.9583332538604736 2.9583332538604736 3.125 2.9583332538604736 2.7916667461395264 2.9166667461395264 2.6666667461395264 2.375 2.2916667461395264 2.25 2.25 2.25 2.25 2.25 2.0833332538604736 2.125 2.375 2.375 2.3333332538604736 2.3333332538604736 2.5 2.5833332538604736 2.7916667461395264 2.875 2.7916667461395264 2.6666667461395264 2.4583332538604736 2.375 2.375 2.4583332538604736 2.5 2.375 2.2916667461395264 2.2916667461395264 2.3333332538604736 2.3333332538604736 2.2916667461395264 2.25 2.2916667461395264 2.125 1.75 1.8333333730697632
3.0625 3.0625 2.875 2.8125 2.75 2.9375 3.125 3.125 2.6875 2.25 2.3125 2.3125 2.25 2.375 2.625 2.6875 2.4375 2.4375 2.625 2.5 2.3125 2.25 2.25 2.5625 3.0625 3.25 3.25 3.25 3.25 3.25 3.125 3 3.125 3.1875 2.75 2.375 2.25 2.1875 2.375 2.375 2.25 2.25 2.3125 2.4375 2.5625 2.5625 2.375 2.5 2.6875 2.625 2.75 2.8125 2.625 2.4375 2.5625 2.625 2.4375 2.4375 2.375 2.4375 2.625 2.5625 2.4375 2.375 2.5 2.375 2.25 2.25 2.375 1.875 1.8125 2.5625
