SimulationData/Scenarios/Alblasserwaard/Flooding/Gorinchem/23700.asc
ncols        410
nrows        139
xllcorner    4.624486754327
yllcorner    51.814562674375
cellsize     0.001350341696
NODATA_value  -1
[rows 96 to 127 of 139, columns 144 to 215 of 410]
4.25 4.25 4.25 4.25 4.25 4.25 4.1666665077209473 4.0833334922790527 4.1666665077209473 4.1666665077209473 4.1666665077209473 4.25 4.25 4.25 4.25 4.25 4.25 4.25 4.25 4.25 4.2083334922790527 4.2083334922790527 4.25 4.2083334922790527 4.1875 4.125 4.0625 4.125 4.0625 3.625 3.1875 3.375 3.5 3.375 3.375 3.375 3.5625 3.6875 3.5625 3.5625 3.6875 3.625 3.6875 2.9375 2.8125 3.625 3.6875 3.625 3.5 3.5625 3.5625 3.625 4 4.25 4.25 4.25 4.25 4.25 4.25 3.5 3 3.75 4.25 4.25 4.25 4.25 4.1875 4.1875 4.125 4.125 3.75 3.1875
4.25 4.25 4.25 4.25 4.25 4.25 4.25 4.0625 4.0625 4.125 4.125 4.25 4.25 4.1875 4.125 4.125 4.1875 4.125 4.125 4.25 4.1875 4.1875 4.25 4.25 4.2083334922790527 4.1666665077209473 3.625 3.0833332538604736 3.1666667461395264 3.2083332538604736 3.375 3.6666667461395264 3.75 3.75 3.5 3.5416667461395264 3.625 3.6666667461395264 3.5416667461395264 3.5 3.5833332538604736 3.5416667461395264 3.6666667461395264 3.25 2.7916667461395264 3.3333332538604736 3.8333332538604736 3.9583332538604736 4 4 3.9583332538604736 4.0416665077209473 4.2083334922790527 4.25 4.25 4.25 4.25 4.25 4.25 3.875 2.8333332538604736 2.7916667461395264 3.4166667461395264 3.4583332538604736 3.5416667461395264 3.5833332538604736 3.5416667461395264 3.5 3.4583332538604736 3.125 2.7083332538604736 2.5833332538604736
4.25 4.1666665077209473 4.125 4.1666665077209473 4.0833334922790527 4 4.125 4.2083334922790527 4.2083334922790527 4.1666665077209473 4.0833334922790527 4.125 4.1666665077209473 4 3.8333332538604736 3.875 3.875 3.875 3.9583332538604736 4 4 4 4.0833334922790527 4.0833334922790527 3.625 3.3125 3.125 3.125 3.375 3.5625 3.625 3.75 3.875 3.875 3.6875 3.5625 3.5625 3.5625 3.5625 3.5 3.5 3.5625 3.8125 4 2.9375 3.0625 4.25 4.25 4.25 4.25 4.1875 4.1875 4.25 4.25 4.25 4.25 4.25 4.25 4.25 4.1875 2.875 1.625 1.625 2.0625 2.375 2.4375 2.625 2.625 2.625 2.75 3.0625 3.25
4.25 4.25 4.25 4.25 4.25 4.25 4.1875 4.1875 4.25 4 3.75 3.8125 4 3.875 3.75 3.9375 3.8125 3.625 3.75 3.875 3.875 3.875 3.7916667461395264 3.5 3.5416667461395264 3.6666667461395264 3.9166667461395264 3.75 3.4583332538604736 3.7083332538604736 3.7083332538604736 3.625 3.75 3.8333332538604736 3.7916667461395264 3.625 3.5 3.5416667461395264 3.5833332538604736 3.625 3.7083332538604736 3.8333332538604736 3.9583332538604736 4 3 3.125 4.25 4.25 4.25 4.25 4.25 4.2083334922790527 4.2083334922790527 4.25 4.25 4.2083334922790527 4.2083334922790527 4.25 4.1666665077209473 3.7083332538604736 2.6666667461395264 1.7083333730697632 1.4166666269302368 2.3333332538604736 3.4166667461395264 3.7083332538604736 3.8333332538604736 3.875 3.875 3.9166667461395264 4.125 4.2083334922790527
4.25 4.25 4.25 4.25 4.25 4.1666665077209473 4.1666665077209473 4.0416665077209473 4 4.0416665077209473 4 4.0416665077209473 4.1666665077209473 4.125 4.0833334922790527 4.2083334922790527 4.2083334922790527 4.0833334922790527 4.125 4.25 4 3.75 3.7083332538604736 3.875 4.25 4.25 4.25 3.875 3.5625 3.8125 3.8125 3.5625 3.5625 3.625 3.6875 3.625 3.5 3.625 3.75 3.6875 3.625 3.75 3.9375 4.0625 3.5625 3.0625 3.6875 4.25 4.25 4.25 4.25 4.125 4.125 4.25 4.25 4.125 4.125 4.25 3.5625 2.6875 3 2.6875 1.875 2.75 3.9375 4.25 4.25 4.25 4.25 4.25 4.25 4.1875
4.25 4.1875 4.0625 4.125 4.25 4.1875 4.1875 4.25 4.25 4.25 4.25 4.25 4.25 4.25 4.25 4.25 4.25 4.25 3.875 3.5 3.5 3.5 3.9583332538604736 4.2083334922790527 4.25 4.25 4.25 4.125 3.7083332538604736 3.4583332538604736 3.5 3.5 3.5416667461395264 3.5833332538604736 3.5416667461395264 3.5833332538604736 3.5833332538604736 3.6666667461395264 3.7083332538604736 3.5416667461395264 3.5 3.6666667461395264 3.9166667461395264 4.0416665077209473 4.0833334922790527 3.0833332538604736 3.1666667461395264 4.25 4.25 4.25 4.25 4.2083334922790527 4.2083334922790527 4.25 4.25 4.2083334922790527 4.2083334922790527 4.25 3.75 3.2083332538604736 3.1666667461395264 3.1666667461395264 2.0833332538604736 2.5416667461395264 3.625 4.25 4.25 4.25 4.25 4.25 4.25 4.25
4.25 4.2083334922790527 4.0833334922790527 4.125 4.25 4.25 4.25 4.25 4.25 4.25 4.25 4.25 4.25 4.25 4.0416665077209473 3.75 3.75 3.7916667461395264 3.75 3.75 4 4.25 4.2083334922790527 4.25 4.25 4.25 4.25 4.25 3.8125 3.375 3.5 3.5625 3.625 3.75 3.75 3.75 3.625 3.5625 3.6875 3.6875 3.625 3.625 3.875 4.125 4.1875 3.625 3.0625 3.125 3.6875 4.25 4.25 4.25 4.1875 4.1875 4.25 4.25 4.25 4.25 4.1875 4.125 3.5625 3 2.5625 2.5625 3.5 4.125 4.25 4.25 4.25 4.25 4.25 4.25
4.25 4.25 4.25 4.25 4.25 4.25 4.25 4.25 4.25 4.1875 4.1875 4.25 4.25 4.1875 3.5 3.4375 4.0625 4.1875 4.25 4.25 4.25 4.25 4.25 4.25 4.25 4.25 4.25 4.25 4 3.6666667461395264 3.625 3.5 3.375 3.4166667461395264 3.625 3.7916667461395264 3.75 3.7083332538604736 3.7916667461395264 3.875 3.875 3.9583332538604736 4.125 4.25 4.25 4.2083334922790527 3.0833332538604736 2 3.125 4.25 4.25 4.25 4.2083334922790527 4.2083334922790527 4.25 4.25 4.25 4.25 4.2083334922790527 3.875 3.5 3.4166667461395264 3.0416667461395264 2.9583332538604736 3.4166667461395264 3.7083332538604736 4.0416665077209473 4.25 4.25 4.25 4.25 4.25
4.25 4.25 4.25 4.25 4.25 4.25 4.25 4.25 4.25 4.1666665077209473 3.9166667461395264 3.7083332538604736 3.7083332538604736 3.75 3.75 4 4.2083334922790527 4.2083334922790527 4.25 4.25 4.25 4.25 4.25 4.25 4.25 4.125 4.125 4.1875 4.125 3.75 3.4375 3.375 3.25 3.375 3.5625 3.6875 3.6875 3.875 4 4.125 4.25 4.1875 4.1875 4.25 4.25 4.25 3.1875 2.125 3.1875 4.25 4.25 4.25 4.25 4.25 4.25 4.25 4.25 4.1875 3.5625 2.875 2.6875 2.625 3.375 4.1875 4.25 3.8125 3.5 3.9375 4.25 4.25 4.25 4.25
4.25 4.25 4.25 4.25 4.25 4.25 4.25 4.25 3.875 3.5625 3.5625 3.8125 4.1875 4.25 4.25 4.25 4.25 4.25 4.25 4.25 4.1875 4.2083334922790527 4.25 4.25 4.25 4.1666665077209473 4.1666665077209473 4.1666665077209473 4.1666665077209473 3.9583332538604736 3.5416667461395264 3.5416667461395264 3.6666667461395264 3.6666667461395264 3.8333332538604736 4 4 4.125 4.25 4.25 4.25 4.2083334922790527 4.2083334922790527 4.25 4.25 4.25 4.25 3.5 3.125 3.5 4.25 4.25 4.25 4.25 4.25 4.25 4.25 3.5 3.0833332538604736 3.6666667461395264 3.875 3.8333332538604736 4.0416665077209473 4.25 4.25 4.125 3.5 3.625 4.25 4.25 4.25 4.25
4.25 4.25 4.25 4.25 4.25 4.25 4 3.75 3.6666667461395264 3.7083332538604736 4.0416665077209473 4.25 4.25 4.25 4.25 4.25 4.25 4.25 4.25 4.2083334922790527 4.125 4.125 4.1875 4.1875 4.1875 4.25 4.25 4.25 4.25 4.1875 3.9375 3.9375 4.125 4.1875 4.25 4.25 4.25 4.25 4.25 4.25 4.25 4.25 4.25 4.25 4.25 4.25 4.25 4.25 3.1875 3.1875 4.25 4.25 4.25 4.25 4.25 4.25 4.1875 3.0625 3.25 4.375 4.25 4.25 4.25 4.25 4.25 4.25 3.5625 3.5625 4.25 4.25 4.25 4.25
4.25 4.25 4.25 4.25 3.875 3.5 3.5 3.8125 4.1875 4.25 4.25 4.25 4.25 4.25 4.25 4.25 4.25 4.25 4.25 4.125 4 4.0416665077209473 4.2083334922790527 4.125 4.125 4.25 4.25 4.25 4.25 4.25 4.2083334922790527 4.2083334922790527 4.25 4.25 4.25 4.25 4.25 4.25 4.25 4.25 4.25 4.2083334922790527 4.2083334922790527 4.25 4.25 4.25 4.25 4.25 3.5416667461395264 3.1666667461395264 3.875 4.25 4.25 4.25 4.25 4.125 3.2916667461395264 3 3.8333332538604736 4.25 4.25 4.25 4.25 4.25 4.25 4.25 3.9583332538604736 3.4583332538604736 3.75 4.25 4.2083334922790527 4.1666665077209473
3.8333332538604736 3.8333332538604736 3.75 3.6666667461395264 3.7083332538604736 3.75 4 4.2083334922790527 4.2083334922790527 4.25 4.25 4.25 4.25 4.2083334922790527 4.1666665077209473 4.125 4.125 4.1666665077209473 4.25 4.2083334922790527 4.0833334922790527 4.1875 4.25 4.1875 4.1875 4.25 4.25 4.25 4.25 4.25 4.125 4.125 4.25 4.25 4.25 4.25 4.25 4.25 4.1875 4.1875 4.25 4.1875 4.1875 4.25 4.25 4.25 4.25 4.25 4.1875 3.125 3.1875 4.25 4.25 4.1875 4.0625 3.375 2.875 3.625 4.25 4.25 4.25 4.25 4.25 4.25 4.25 4.25 4.1875 3.4375 3.5 4.25 4.1875 4.125
3.4375 3.5625 3.875 4.125 4.1875 4.25 4.25 4.25 4.25 4.25 4.25 4.1875 4.1875 4.1875 4.125 4.1875 4.125 4 4.125 4.25 4.25 4.25 4.25 4.25 4.25 4.25 4.25 4.25 4.25 4.25 4.2083334922790527 4.1666665077209473 4.1666665077209473 4.2083334922790527 4.2083334922790527 4.2083334922790527 4.25 4.25 4.2083334922790527 4.2083334922790527 4.25 4.25 4.2083334922790527 4.2083334922790527 4.25 4.25 4.25 3.875 3.5 3 2.625 2.8333332538604736 3 3.0416667461395264 2.7916667461395264 3.0416667461395264 3.7083332538604736 4.0416665077209473 4.2083334922790527 4.25 4.25 4.1666665077209473 4.0833334922790527 4.0833334922790527 4.125 4.1666665077209473 4.125 3.6666667461395264 3.5 4 4.1666665077209473 4.125
4.0416665077209473 4.1666665077209473 4.2083334922790527 4.1666665077209473 4.2083334922790527 4.25 4.25 4.25 4.25 4.25 4.25 4.2083334922790527 4.2083334922790527 4.25 4.25 4.25 4.2083334922790527 4.1666665077209473 4.2083334922790527 4.25 4.25 4.25 4.25 4.25 4.25 4.25 4.25 4.25 4.25 4.25 4.25 4.25 4 4.125 4.25 4.25 4.25 4.25 4.25 4.25 4.25 4.25 4.125 4.1875 4.125 3.5 3.125 2.875 2.75 3.25 3.4375 3.3125 3.25 3.3125 3.3125 3.0625 3.4375 4 4.125 4.1875 4.25 4.125 4 4 4.0625 4 3.875 4 3.4375 3.3125 3.75 3.6875
4.25 4.25 4.25 4.25 4.25 4.25 4.25 4.25 4.25 4.25 4.25 4.25 4.25 4.25 4.25 4.25 4.25 4.25 4.1875 4.125 4.2083334922790527 4.2083334922790527 4.2083334922790527 4.25 4.25 4.25 4.25 4.25 4.25 4.25 4.25 4.25 4.1666665077209473 4.1666665077209473 4.25 4.25 4.25 4.25 4.25 4.25 4.25 4.25 3.75 3.0833332538604736 2.7083332538604736 2.9583332538604736 3.4166667461395264 3.6666667461395264 4 4.125 4.2083334922790527 4.2083334922790527 4.0833334922790527 4.0416665077209473 4.1666665077209473 3.9166667461395264 3.5416667461395264 3.8333332538604736 4.1666665077209473 4.2083334922790527 4.25 4.25 4.2083334922790527 4.1666665077209473 4.0416665077209473 3.75 3.875 4.125 3.7083332538604736 3.375 3.7083332538604736 4
4.25 4.25 4.25 4.25 4.25 4.25 4.25 4.25 4.25 4.25 4.25 4.25 4.25 4.25 4.25 4.2083334922790527 4.2083334922790527 4.25 4.125 4.0416665077209473 4.125 4.1875 4.1875 4.25 4.25 4.25 4.25 4.25 4.25 4.25 4.25 4.25 4.25 4.1875 4.1875 4.25 4.25 4.25 4.25 4.25 4.25 4.25 3.6875 2.625 2.625 3.125 4.25 4.25 4.25 4.25 4.25 4.25 4.1875 4.125 4.25 4.4375 4.375 4.25 4.25 4.25 4.25 4.25 4.0625 3.875 3.625 3.625 4.0625 4.25 4.25 3.8125 3.4375 3.875
4.25 4.25 4.25 4.25 4.25 4.25 4.25 4.25 4.25 4.25 4.25 4.25 4.25 4.25 4.25 4.0625 4 4.125 4.1666665077209473 4.1666665077209473 4.2083334922790527 4.25 4.25 4.25 4.25 4.25 4.25 4.25 4.25 4.25 4.25 4.25 4.25 4.125 4.125 4.25 4.25 4.25 4.2083334922790527 4.2083334922790527 4.25 4.1666665077209473 4 2.875 3.0416667461395264 4.25 4.1666665077209473 4.1666665077209473 4.25 4.2083334922790527 4.1666665077209473 4.25 4.25 4.2916665077209473 4.3333334922790527 4.25 4.25 4.25 4.25 4.25 4.25 4.1666665077209473 4.0416665077209473 4.0416665077209473 3.8333332538604736 3.875 4.2083334922790527 4.25 4.25 4.1666665077209473 3.5833332538604736 3.4166667461395264
4.25 4.25 4.25 4.25 4.25 4.25 4.25 4.25 4.25 4.2083334922790527 4.125 4.1666665077209473 4.25 4.2083334922790527 4.2083334922790527 4.1666665077209473 4.0833334922790527 4.1666665077209473 4.2083334922790527 4.25 4.25 4.25 4.25 4.25 4.25 4.25 4.25 4.25 4.25 4.25 4.25 4.25 4.25 4.1875 4.1875 4.1875 4.125 4.1875 4.25 4.25 4.25 3.8125 3 2.75 3.5625 4.25 4.125 4.125 4.25 4.25 4.25 4.3125 4.25 4.1875 4.1875 3.9375 4 4.25 4.125 4 4.125 4.125 4.1875 4.25 3.9375 3.9375 4.25 4.25 4.1875 4.125 4 3.1875
4.25 4.25 4.25 4.25 4.25 4.25 4.1875 4.1875 4.1875 4.125 4.125 4.1875 4.25 4.25 4.25 4.25 4.25 4.25 4.25 4.25 4.25 4.25 4.25 4.25 4.25 4.25 4.25 4.2083334922790527 4.2083334922790527 4.25 4.1666665077209473 4.0833334922790527 4.0833334922790527 4.0416665077209473 3.75 3.25 3.2083332538604736 3.4166667461395264 3.375 3.3333332538604736 3.2083332538604736 3 3.0833332538604736 3.625 4.125 4.25 4.2083334922790527 4.2083334922790527 4.25 4.25 4.25 4.25 4.1666665077209473 4.125 4.1666665077209473 3.9583332538604736 3.875 4.125 4 3.75 3.9583332538604736 4.2083334922790527 4.2083334922790527 4.0833334922790527 3.9583332538604736 4.0833334922790527 4.25 4.0833334922790527 3.9583332538604736 3.9166667461395264 3.7083332538604736 3.0833332538604736
4.125 4.125 4.25 4.2083334922790527 4.1666665077209473 4.2083334922790527 4.2083334922790527 4.2083334922790527 4.125 4.125 4.25 4.25 4.25 4.25 4.25 4.25 4.25 4.25 4.25 4.25 4.25 4.25 4.25 4.25 4.25 4.25 4.1875 4.0625 4.125 4.25 4.25 4.125 4.125 4.0625 3.25 2.3125 2.3125 2.5 2.0625 2.1875 3.25 3.8125 3.9375 3.9375 3.9375 4 4.125 4.25 4.25 4.25 4.25 4.25 4.25 4.125 4.0625 4.0625 3.9375 3.9375 4 4 4.125 4.25 4.25 3.9375 3.6875 3.875 4 3.75 3.75 3.9375 3.6875 3.25
4.25 4.25 4.25 4.25 4.1875 4.1875 4.25 4.25 4.25 4.25 4.25 4.25 4.25 4.25 4.25 4.25 4.25 4.25 4.25 4.25 4.25 4.25 4.25 4.25 4.25 4.2083334922790527 4.1666665077209473 4.0833334922790527 4.125 4.25 4.25 4.25 4.25 4.25 3.7916667461395264 2.9166667461395264 2.9583332538604736 3.4583332538604736 2.75 3 4.125 4.1666665077209473 4.1666665077209473 4.1666665077209473 4.0833334922790527 4.0833334922790527 4.125 4.2083334922790527 4.25 4.25 4.25 4.25 4.25 4.2083334922790527 4.125 4.0416665077209473 4.0416665077209473 4 4 4.0833334922790527 4.0416665077209473 4.0833334922790527 4.0416665077209473 3.6666667461395264 3.4166667461395264 3.5 3.5416667461395264 3.375 3.5833332538604736 3.875 3.6666667461395264 3.375
4.25 4.25 4.25 4.25 4.25 4.25 4.25 4.2083334922790527 4.2083334922790527 4.25 4.25 4.25 4.25 4.25 4.25 4.25 4.25 4.25 4.25 4.25 4.25 4.25 4.25 4.25 4.25 4.1875 4.1875 4.25 4.25 4.25 4.25 4.25 4.25 4.25 4.25 3.3125 2.875 3.3125 2.75 3.125 4.125 4.25 4.25 4.25 4.25 4.25 4.1875 4.1875 4.25 4.25 4.25 4.25 4.1875 4.1875 4.1875 4.125 4.125 3.875 3.625 3.625 3.5625 3.5625 3.5 3.5 3.5625 3.375 3.25 3.25 3.5625 3.8125 3.5 3.25
4.25 4.25 4.25 4.25 4.25 4.25 4.25 4.25 4.25 4.25 4.25 4.25 4.25 4.25 4.25 4.25 4.25 3.4166667461395264 3.4166667461395264 3.4166667461395264 3.6666667461395264 4.0416665077209473 4.2083334922790527 4.25 4.25 4.25 4.1666665077209473 4 4.0833334922790527 4.25 4.25 4.25 4.25 4.25 4.25 3.2916667461395264 2.7916667461395264 3.25 2.75 2.9583332538604736 3.9583332538604736 4.25 4.25 4.25 4.25 4.25 4.25 4.25 4.25 4.2083334922790527 4.0833334922790527 4 4.0833334922790527 4.2083334922790527 4.25 4.125 3.7916667461395264 3.625 3.75 3.8333332538604736 3.6666667461395264 3.4583332538604736 3.3333332538604736 3.375 3.4583332538604736 3.3333332538604736 2.9166667461395264 2.5833332538604736 3.0416667461395264 3.4583332538604736 3.2916667461395264 3.2083332538604736
4.25 4.25 4.25 4.25 3.875 3.875 4.2083334922790527 3.7916667461395264 3.375 3.375 3.4166667461395264 3.4166667461395264 3.4166667461395264 3.4166667461395264 3.4166667461395264 3.4166667461395264 3.4166667461395264 3.4166667461395264 3 3 2.8125 2.75 2.9375 3 3.625 4.25 4.0625 3.75 3.875 4.1875 4.25 4.25 4.25 4.25 3.6875 3 3 2.9375 3 3.5 4 4.25 4.25 4.25 4.25 4.25 4.25 4.25 4.25 4.125 3.9375 3.8125 4 4.1875 4.0625 3.875 3.625 3.4375 3.5 3.625 3.4375 3.25 2.75 2.25 2.25 2.25 1.9166666269302368 1.25 2.25 3.25 3.25 3.25
4.25 4.25 4.25 4.1875 3.0625 2.5 2.9375 2.9375 3 3 3 3.625 4.25 4.25 4.25 4.25 4.25 4.2083334922790527 4.1666665077209473 4.2083334922790527 3.8333332538604736 2.875 2.875 3.4166667461395264 3.4166667461395264 3.4166667461395264 3.2916667461395264 3.1666667461395264 3.1666667461395264 3.6666667461395264 4.1666665077209473 4.2083334922790527 4.2083334922790527 4.125 3.0833332538604736 2.75 3.25 2.7083332538604736 3.25 4.1666665077209473 4.2083334922790527 4.25 4.25 4.25 4.25 4.25 4.2083334922790527 4.1666665077209473 4.1666665077209473 4.125 4.1666665077209473 4.0833334922790527 4.0416665077209473 4.0416665077209473 3.7916667461395264 3.3333332538604736 2.875 2.6666667461395264 2.5833332538604736 2.25 2.25 2.25 1.9375 1.6875 2.125 2.5625 2.875 3 3.0625 3.25 -1 -1
3.375 3.3333332538604736 3.375 3.375 3.2083332538604736 3.1666667461395264 3.3333332538604736 3.8333332538604736 4.25 4.25 4.25 4.25 4.25 4.25 4.25 4.25 4.25 4.125 4.0625 4.1875 4.25 4.1875 4.1875 4.25 4.1875 4.1875 4.25 4.25 3.875 3.8125 4.125 4.1875 4.1875 4.25 3.5 2.6875 2.875 2.9375 3.4375 4.125 4.1875 4.1875 4.25 4.25 4.25 4.25 4.125 4.125 4.1875 4.1875 4.1875 4 3.875 3.1875 2.375 1.9166666269302368 1.25 1.25 1.25 1.625 2.375 3.625 3.5 3 3.375 3.875 3.9375 3.8125 3.875 4 -1 -1
3 3 3.625 4.25 4.1875 4.125 4.1875 4.25 4.25 4.25 4.25 4.1875 4.125 4.1875 4.25 4.25 4.1666665077209473 4 4 4.2083334922790527 4.25 4.2083334922790527 3.7916667461395264 3.5 3.8333332538604736 4.1666665077209473 4.2083334922790527 4.1666665077209473 3.7916667461395264 3.4166667461395264 3 3.1666667461395264 3.2916667461395264 3.3333332538604736 3.0833332538604736 2.7083332538604736 2.7916667461395264 3 3 3.2083332538604736 3.2083332538604736 3.125 3.2083332538604736 3.0833332538604736 3.0833332538604736 3.125 3.0416667461395264 3.0416667461395264 3.1666667461395264 3.125 2.6666667461395264 2.3499999046325684 2.5 2.1875 2.125 2.875 3.4375 3.625 3.75 2.8499999046325684 2.7916667461395264 3.875 4.2083334922790527 3.875 3.7916667461395264 3.875 3.9166667461395264 3.9166667461395264 3.9375 4 -1 -1
4.25 4.25 4.25 4.25 4.25 4.2083334922790527 4.2083334922790527 4.25 4.25 4.25 4.2083334922790527 4.125 4.0416665077209473 4 4 4 3.9583332538604736 3.4375 3.5 4.125 4 3.375 2.8125 2.5 2.75 2.9375 2.875 2.875 2.8125 2.75 2.625 2.5 2.4375 2.4375 2.875 3.25 3.25 3.25 2.875 2.125 2 2.875 2.3125 1.25 1.375 1.375 1.375 1.375 1.625 1.875 1.75 2.125 3.375 3.5 3.5 3.875 4.25 4.25 4 3.5 3.375 3.8125 3.875 3.875 3.875 3.875 3.875 3.9375 4 -1 -1 -1
4.25 4.25 4.25 4.25 4.25 4.1875 4.1875 4.25 4.25 4.25 4.25 4.1875 4.0625 3.75 3.125 2.1666667461395264 2.1666667461395264 2 2 2.3333332538604736 2.375 2.2916667461395264 2.5416667461395264 2.7083332538604736 2.5 2.0833332538604736 2 2.1666667461395264 2.5 2.8333332538604736 2.75 2.6666667461395264 2.6666667461395264 2.6666667461395264 2.6666667461395264 2.6666667461395264 2.7083332538604736 2.75 2.7083332538604736 2.4166667461395264 2.1666667461395264 2.375 2.4583332538604736 2.3333332538604736 2.3333332538604736 2.0833332538604736 1.9500000476837158 2.25 2.4375 2.9375 3.8125 3.9500000476837158 3.8333332538604736 3.9583332538604736 3.9166667461395264 3.875 3.9166667461395264 3.875 3.8333332538604736 3.8333332538604736 3.9166667461395264 3.9166667461395264 3.9166667461395264 3.9583332538604736 3.9583332538604736 3.9583332538604736 3.9000000953674316 4 4.125 -1 -1 -1
3.6666667461395264 3.7083332538604736 3.75 3.75 3.7083332538604736 3.7083332538604736 3.75 3.7083332538604736 3.7916667461395264 3.75 3.4583332538604736 3.0833332538604736 2.5416667461395264 2.25 2.25 2 2.1875 2.3125 2.375 2.625 2.4375 2.125 2.375 2.5625 2.5 2.375 2.8125 3.25 3.25 3.25 3.25 3.25 3.25 3.25 3.375 3.375 3.25 3.25 3.25 3.25 3.25 3 2.75 2.75 2.9166667461395264 3.125 2.5 3 3.5833332538604736 3.75 4.3125 4.3125 4 3.875 3.8125 3.75 3.75 3.8125 3.875 3.8125 3.875 3.9375 4 4.0833334922790527 4.125 4 3.75 -1 -1 -1 -1 -1
3.375 3.1875 3.0625 3.375 3.4375 3.1875 3.3125 3.4375 3.8125 4.1875 3.3125 2.1375000476837158 1.8875000476837158 2.5 3 3.125 3.2083332538604736 3.2083332538604736 3.25 3.5833332538604736 3.375 2.5416667461395264 2.75 3.1666667461395264 3.0416667461395264 3 3.125 3.25 3.2916667461395264 3.3333332538604736 3.2916667461395264 3.25 3.25 3.25 3.3333332538604736 3.3333332538604736 3.25 3.0416667461395264 2.8333332538604736 3 3 2.5 2.875 3.5 3.1875 3.3125 3.7999999523162842 3.875 4 4.0416665077209473 4.0416665077209473 3.9583332538604736 3.8333332538604736 3.8333332538604736 3.8333332538604736 3.7916667461395264 3.75 3.7916667461395264 3.8333332538604736 3.875 3.9500000476837158 4 4 4 -1 -1 -1 -1 -1 -1 -1 -1
