SimulationData/Scenarios/Alblasserwaard/Flooding/Gorinchem/23700.asc
ncols        410
nrows        139
xllcorner    4.624486754327
yllcorner    51.814562674375
cellsize     0.001350341696
NODATA_value  -1
[rows 32 to 63 of 139, columns 216 to 287 of 410]
-1 -1 -1 -1 -1 -1 -1 -1 -1 -1 -1 -1 -1 -1 -1 -1 -1 1 1.9166666269302368 2.8125 3.25 3.25 3 2 1.3125 1.3125 1.3125 1.375 1.5 1.875 1.6875 1.25 0.9375 0.83333331346511841 1.125 2.125 3.25 3.25 -1 -1 -1 -1 -1 -1 -1 1.0099999904632568 1.3674999475479126 2.4874999523162842 3.25 3.25 3 2.2249999046325684 1.4249999523162842 1.7000000476837158 2.3125 2.375 2.4375 2.375 2.25 2.3125 2.3125 2.3125 2.5 2.5625 2.4375 2.5 2.4583332538604736 2.4166667461395264 2.5 3 3.125 3.1666667461395264
-1 -1 -1 -1 -1 -1 -1 -1 -1 -1 -1 -1 -1 -1 -1 -1 1 1.25 2.125 3.0833332538604736 3.25 3.25 3.1666667461395264 2.4583332538604736 1.5416666269302368 1.2083333730697632 1.1666666269302368 1.1666666269302368 1.0666667222976685 1.1916667222976685 1.2916666269302368 1.2083333730697632 1.3333333730697632 1.875 1.9166666269302368 2.375 3.3333332538604736 3.4000000953674316 3.375 3.375 3.375 3.375 3.3125 3.3125 3.375 3.1875 2.0499999523162842 1.5499999523162842 2.0583333969116211 2.6749999523162842 3.0833332538604736 3.0416667461395264 2.5916666984558105 1.6166666746139526 1.0499999523162842 2.5 2.5833332538604736 2.5416667461395264 2.375 2.375 2.3333332538604736 2.2916667461395264 2.375 2.4166667461395264 2.4583332538604736 2.5833332538604736 2.5625 2.75 3.125 3.1875 3.25 3.1875
-1 -1 -1 -1 -1 -1 -1 -1 -1 -1 -1 -1 -1 -1 -1 0.75 1 1.3125 2 2.875 3.25 3.25 3.25 3 2.25 1.5 1.25 1.25 1.0375000238418579 0.97500002384185791 1.25 1.5625 2.25 3.125 3.0625 3.0625 3.6875 3.5625 3.3125 3.3125 3.25 3.375 3.3125 3.3125 3.625 3.875 3.5 2.375 1.1499999761581421 1.2333333492279053 2.4124999046325684 3.125 3.1875 1.875 0.5 1.1875 2.5 2.8125 2.5 2.5625 2.5 2.4375 2.375 2.3125 2.5416667461395264 2.5 2.6666667461395264 3.0833332538604736 3.25 3.25 3.25 3.25
-1 -1 -1 -1 -1 -1 -1 -1 -1 -1 -1 -1 -1 1.25 1 1 1.1666666269302368 1.375 1.75 2.2916667461395264 2.9166667461395264 3.25 3.25 3.25 3.0833332538604736 2.6666667461395264 2.4166667461395264 2.3333332538604736 2.2916667461395264 2.2083332538604736 2.375 2.8333332538604736 3.1666667461395264 3.25 3.2083332538604736 3.2916667461395264 3.5 3.4583332538604736 3.3333332538604736 3.3333332538604736 3.3333332538604736 3.375 3.3333332538604736 3.25 3.4583332538604736 3.7083332538604736 3.4583332538604736 3.3499999046325684 3.625 1.2999999523162842 1.5499999523162842 2.0499999523162842 2.7750000953674316 1.8583333492279053 0.46666666865348816 1.0666667222976685 2.1666667461395264 2.625 2.5416667461395264 2.4583332538604736 2.375 2.375 2.3333332538604736 2.375 2.4583332538604736 2.3125 2.75 3.125 3.125 3.1875 3.1875 3.125
-1 -1 -1 -1 -1 -1 -1 -1 -1 -1 -1 -1 -1 1.25 1.25 1.25 1.25 1.4375 1.8125 2.125 2.6875 3.1875 3.25 3.25 3.25 3.25 3.25 3.375 3.5 3.375 3.3125 3.375 3.3125 3.25 3.1875 3.0625 3.125 3.4375 3.5 3.4375 3.5 3.5 3.4375 3.375 3.375 3.5 3.5625 3.375 3.4166667461395264 2.75 1.8333333730697632 1.1625000238418579 1.1625000238418579 1.1875 0.5 1.375 2.25 2.375 2.375 2.25 2.3125 2.375 2.375 2.375 2.2916667461395264 2.2916667461395264 2.5 2.7916667461395264 2.9166667461395264 3 3.125 3.1666667461395264
-1 -1 -1 -1 -1 -1 -1 -1 -1 -1 -1 1.375 1.375 1.2999999523162842 1.25 1.25 1.3333333730697632 1.75 2.0833332538604736 2.1666667461395264 2.5833332538604736 3.0833332538604736 3.25 3.4166667461395264 3.4583332538604736 3.3333332538604736 3.3333332538604736 3.375 3.3333332538604736 3.3333332538604736 3.375 3.3333332538604736 3.3333332538604736 3.375 3.4583332538604736 3.3333332538604736 3.0833332538604736 3.2916667461395264 3.625 3.625 3.5833332538604736 3.5416667461395264 3.5 3.5416667461395264 3.5416667461395264 3.5416667461395264 3.5416667461395264 3.4166667461395264 3.5 3.75 3.25 2 1.5 1.2916666269302368 1 1.5 2.1666667461395264 2.2916667461395264 2.25 2.25 2.375 2.4583332538604736 2.5 2.5 2.4375 2.3125 2.25 2.3125 2.375 2.5 2.875 3.1875
-1 -1 -1 -1 -1 -1 -1 -1 -1 -1 -1 1.125 1.125 1.1875 1.25 1.25 1.625 2.125 2.25 2.25 2.6875 3.1875 3.25 3.4375 3.5 3.375 3.375 3.3125 3.25 3.375 3.4375 3.3125 3.3125 3.5 3.4375 3.25 3.0625 3.125 3.5625 3.75 3.75 3.625 3.5 3.5625 3.6875 3.6875 3.5625 3.5625 3.625 3.8125 3.875 3.75 1.75 1.8125 1.875 1.625 1.375 1.8125 2.3125 2.375 2.3125 2.3125 2.6666667461395264 2.9583332538604736 2.9166667461395264 2.7916667461395264 2.7083332538604736 2.6666667461395264 2.5833332538604736 2.5833332538604736 2.625 2.2083332538604736
-1 -1 -1 -1 -1 -1 -1 -1 1.5 2.1666667461395264 2.25 1.7000000476837158 1.5 1.5416666269302368 1.6666666269302368 2 2.5416667461395264 2.8333332538604736 2.875 2.9166667461395264 3.125 3.3333332538604736 3.375 3.4166667461395264 3.375 3.3333332538604736 3.3333332538604736 3.2916667461395264 3.3333332538604736 3.4166667461395264 3.4166667461395264 3.375 3.3333332538604736 3.3333332538604736 3.2916667461395264 3.2083332538604736 3.0833332538604736 3.1666667461395264 3.5416667461395264 3.7916667461395264 3.8333332538604736 3.75 3.625 3.5833332538604736 3.625 3.6666667461395264 3.5833332538604736 3.5416667461395264 3.5833332538604736 3.6666667461395264 3.7083332538604736 3.6500000953674316 2.875 1.875 1.625 1.7000000476837158 1.5 1.375 1.625 2.2083332538604736 2.5416667461395264 2.375 2.7083332538604736 3.1875 3.25 3.1875 3.0625 3.0625 3.125 2.9375 2.625 1.75
-1 -1 -1 -1 -1 -1 -1 0.5 1.9166666269302368 3 3.125 2.8125 2.75 2.75 2.875 3.125 3.25 3.25 3.3125 3.3125 3.375 3.625 3.625 3.375 3.5 3.625 3.5 3.4375 3.4375 3.4375 3.3125 3.3125 3.3125 3.25 3.25 3.1875 3.0625 3.125 3.3125 3.5625 3.75 3.875 3.875 3.625 3.4375 3.375 3.375 3.3125 3.25 3.3125 3.3125 3.375 3.375 3.0833332538604736 2.75 2.25 1.5833333730697632 1.6875 1.5625 1.4375 2.1875 2.375 2.9583332538604736 3.2083332538604736 3.25 3.25 3.125 2.9583332538604736 2.9166667461395264 2.625 2.25 2.2083332538604736
-1 -1 -1 -1 -1 -1 3.25 2.625 3.125 3.5833332538604736 3.2916667461395264 3.25 3.25 3.25 3.25 3.25 3.2916667461395264 3.2916667461395264 3.3333332538604736 3.375 3.3333332538604736 3.4166667461395264 3.4583332538604736 3.4166667461395264 3.625 3.8333332538604736 3.8333332538604736 3.75 3.625 3.5 3.3333332538604736 3.25 3.25 3.25 3.25 3.25 3.2083332538604736 3.1666667461395264 3.1666667461395264 3.25 3.3333332538604736 3.4583332538604736 3.5 3.375 3.3333332538604736 3.2916667461395264 3.25 3.3333332538604736 3.4166667461395264 3.5 3.5416667461395264 3.5833332538604736 3.625 3.5833332538604736 3.5833332538604736 3.2999999523162842 2.4166667461395264 1.875 1.8333333730697632 1.5416666269302368 1.5833333730697632 1.9166666269302368 2.4375 3.25 3.25 3.25 3 2.3125 1.875 1.9375 2.5 2.9375
-1 -1 -1 -1 -1 3.25 3.3333332538604736 3.5 3.6875 3.5 3.25 3.25 3.25 3.25 3.25 3.3125 3.4375 3.4375 3.5 3.5625 3.4375 3.3125 3.25 3.375 3.5625 3.625 3.625 3.6875 3.5625 3.375 3.3125 3.25 3.3125 3.375 3.375 3.3125 3.25 3.25 3.125 3 3.125 3.1875 3.25 3.25 3.3125 3.3125 3.3125 3.4375 3.5 3.625 3.75 3.75 3.5625 3.375 3.75 3.875 4 3 1.5833333730697632 1.5625 1.9583333730697632 1.2916666269302368 1.875 3.25 3.25 3.2083332538604736 2.25 1.3333333730697632 1.9166666269302368 2.5416667461395264 3.125 3.0416667461395264
-1 -1 1.75 2.5 3.1666667461395264 3.2000000476837158 3.375 3.5 3.4583332538604736 3.3333332538604736 3.2916667461395264 3.3333332538604736 3.3333332538604736 3.2916667461395264 3.25 3.375 3.4583332538604736 3.4166667461395264 3.5 3.4583332538604736 3.4583332538604736 3.4166667461395264 3.2916667461395264 3.4166667461395264 3.4166667461395264 3.3333332538604736 3.5 3.4583332538604736 3.375 3.375 3.4583332538604736 3.375 3.3333332538604736 3.4166667461395264 3.375 3.3333332538604736 3.2916667461395264 3.1666667461395264 3.0833332538604736 3.0833332538604736 3.0833332538604736 3.1666667461395264 3.25 3.3333332538604736 3.375 3.4583332538604736 3.7083332538604736 3.8333332538604736 3.8333332538604736 3.875 3.8333332538604736 3.75 3.5833332538604736 3.4166667461395264 3.5 3.7083332538604736 3.8333332538604736 3.7999999523162842 2.9166667461395264 1.75 2.0416667461395264 1.375 1.875 3.25 3.25 2.5625 1.75 1.625 2.4375 3.25 3.25 3.25
3.375 3.5 2.8333332538604736 2.875 3.25 3.25 3.3125 3.3125 3.25 3.3125 3.3125 3.25 3.375 3.375 3.3125 3.5 3.4375 3.3125 3.4375 3.4375 3.5625 3.5625 3.5625 3.6875 3.6875 3.75 3.8125 3.625 3.3125 3.25 3.4375 3.4375 3.25 3.3125 3.3125 3.3125 3.25 2.9375 2.9375 3.125 3.25 3.375 3.3125 3.4375 3.5625 3.75 4 3.9375 3.875 3.9375 4 3.9375 3.8125 3.75 3.8125 3.6875 3.5 3.75 3.6666667461395264 3.0833332538604736 2.0625 1.2583333253860474 1.7999999523162842 3.2083332538604736 2.7916667461395264 1.9166666269302368 2.25 3 3.125 3.2083332538604736 3.2083332538604736 3.2083332538604736
3.2916667461395264 3.3333332538604736 3.3333332538604736 3.3333332538604736 3.2916667461395264 3.25 3.25 3.25 3.25 3.2916667461395264 3.2916667461395264 3.25 3.3333332538604736 3.4583332538604736 3.4583332538604736 3.5 3.4583332538604736 3.4166667461395264 3.5416667461395264 3.5833332538604736 3.625 3.625 3.5833332538604736 3.6666667461395264 3.8333332538604736 3.9166667461395264 3.7916667461395264 3.7083332538604736 3.7916667461395264 3.5416667461395264 3.2916667461395264 3.375 3.3333332538604736 3.25 3.2916667461395264 3.4166667461395264 3.3333332538604736 3.0416667461395264 3.0833332538604736 3.25 3.375 3.5833332538604736 3.7083332538604736 3.7916667461395264 3.75 3.875 4.125 4.125 4.0833334922790527 4.0833334922790527 4.0833334922790527 4.0833334922790527 4.0833334922790527 4.0833334922790527 4.0833334922790527 3.875 3.6666667461395264 3.7916667461395264 3.8333332538604736 3.75 2 1.2000000476837158 1.4500000476837158 2.8125 1.8125 1.8125 3.1875 3.25 3.25 3.25 3.25 3.1875
3.25 3.25 3.25 3.25 3.25 3.25 3.25 3.25 3.25 3.25 3.5 3.75 3.6875 3.6875 3.5625 3.5 3.625 3.5625 3.5625 3.5 3.5 3.6875 3.75 3.875 4 4 3.875 3.8125 3.8125 3.6875 3.5625 3.75 3.625 3.375 3.5 3.5625 3.375 3.125 3.25 3.375 3.4375 3.6875 4 3.875 3.625 3.875 4.1875 4.25 4.25 4.125 4.0625 4.125 4.1875 4.25 4.25 4.125 3.875 3.9375 3.9583332538604736 3.9166667461395264 1.9166666269302368 1.1749999523162842 1.0099999904632568 2 1.6799999475479126 2.3166666030883789 3.25 3.25 3.25 3.25 3.25 3.2083332538604736
3.25 3.25 3.25 3.25 3.25 3.25 3.25 3.25 3.25 3.3333332538604736 3.75 4.0833334922790527 3.7916667461395264 3.6666667461395264 3.5833332538604736 3.625 3.875 3.7916667461395264 3.7916667461395264 3.75 3.75 3.875 3.875 3.8333332538604736 3.75 3.6666667461395264 3.6666667461395264 3.625 3.5833332538604736 3.7083332538604736 3.7916667461395264 3.7916667461395264 3.6666667461395264 3.625 3.7916667461395264 3.625 3.0833332538604736 3 3.5 3.75 3.875 4 4.0833334922790527 4.0833334922790527 4 3.9583332538604736 4 4 4.0416665077209473 4.125 4.0833334922790527 4.125 4.2083334922790527 4.25 4.1666665077209473 4.0416665077209473 3.9166667461395264 3.9166667461395264 3.875 3.5 2 1.5 0.5 3.25 3.25 3.1875 3.1875 3.25 3.25 3.25 3.25 3.1875
3.25 3.25 3.25 3.25 3.25 3.25 3.25 3.3125 3.375 3.4375 3.625 3.75 3.75 3.8125 3.625 3.625 3.875 3.875 3.8125 3.75 3.75 3.875 3.9375 3.8125 3.625 3.5 3.5625 3.625 3.625 3.75 3.875 3.8125 3.875 3.875 3.75 3.5625 3.0625 3.0625 3.625 3.875 4 3.9375 3.9375 4.125 4.1875 4.25 4.1875 3.9375 3.8125 3.9375 3.9375 4 4.1875 4.25 4.25 4.25 4.125 3.9583332538604736 3.9166667461395264 2.880000114440918 1.4233332872390747 1.5833333730697632 2.1666667461395264 3.1500000953674316 3.2083332538604736 3.125 3.1666667461395264 3.25 3.2083332538604736 3.1666667461395264 3.2083332538604736 3.25
3.25 3.25 3.25 3.25 3.2916667461395264 3.3333332538604736 3.2916667461395264 3.2916667461395264 3.4166667461395264 3.625 3.7083332538604736 3.6666667461395264 3.8333332538604736 3.875 3.6666667461395264 3.75 3.8333332538604736 3.875 3.875 3.7916667461395264 3.875 3.9583332538604736 4 3.9166667461395264 3.75 3.6666667461395264 3.6666667461395264 3.7083332538604736 3.8333332538604736 3.9583332538604736 4.0416665077209473 4.125 4.125 4.0416665077209473 3.7916667461395264 3.5416667461395264 3.125 3 3.5 3.75 3.8333332538604736 4 4.0416665077209473 4.0416665077209473 4 3.875 3.75 3.5416667461395264 3.375 3.4166667461395264 3.625 3.8333332538604736 3.9583332538604736 4 4.125 4.2083334922790527 4.0416665077209473 3.875 3.8125 2.6733334064483643 0.019999999552965164 0.5 1.8125 3.125 3.1875 3.25 3.25 3.25 3.1875 3.125 3.1875 3.1875
3.25 3.25 3.25 3.25 3.25 3.25 3.25 3.3125 3.375 3.625 3.9375 4 3.9375 3.875 4 4.125 4.0625 4.0625 4 3.9375 4 4 4 3.9375 3.8125 3.75 3.6875 3.6875 3.75 3.875 4.0625 4.125 4.125 4 3.6875 3.5 3.1875 3 3.25 3.375 3.4375 3.6875 3.75 3.6875 3.5 3.3125 3.4375 3.625 3.6875 3.5 3.4375 3.8125 4.0625 4 3.9375 3.8125 3.8333332538604736 3.7916667461395264 3.7916667461395264 3.8333332538604736 1.875 1.0299999713897705 1.8166667222976685 3.1666667461395264 3.2083332538604736 3.25 3.25 3.25 3.25 3.25 3.25 3.2083332538604736
3.2916667461395264 3.25 3.25 3.25 3.25 3.25 3.2916667461395264 3.3333332538604736 3.4166667461395264 3.625 3.75 3.75 3.7916667461395264 3.9166667461395264 4.0833334922790527 4.2083334922790527 4.1666665077209473 4.0833334922790527 4 4 4.0833334922790527 4.125 4.0833334922790527 3.9166667461395264 3.8333332538604736 3.75 3.7083332538604736 3.7083332538604736 3.75 3.7916667461395264 3.9166667461395264 4 3.9583332538604736 3.875 3.6666667461395264 3.4166667461395264 3.2916667461395264 3.2083332538604736 3.1666667461395264 3.1666667461395264 3.1666667461395264 3.25 3.25 3.3333332538604736 3.5416667461395264 3.7083332538604736 3.875 4.0833334922790527 4.1666665077209473 3.9166667461395264 3.5 3.5833332538604736 3.9166667461395264 4.0833334922790527 4 3.875 3.875 4.125 4 1.9249999523162842 1.4500000476837158 1.2374999523162842 1.7999999523162842 3.25 3.25 3.25 3.25 3.25 3.25 3.25 3.25 3.25
3.375 3.25 3.25 3.4375 3.4375 3.25 3.25 3.25 3.5 3.6875 3.625 3.6875 3.875 4 4 4.0625 4.0625 4 4 4 4.125 4.25 4.1875 4.125 4.125 3.9375 3.8125 3.75 3.8125 3.875 3.8125 3.8125 3.6875 3.8125 3.6875 3.375 3.4375 3.4375 3.375 3.375 3.375 3.4375 3.5625 3.8125 4.0625 4.0625 4 4.125 4.25 4.125 3.5 3.25 3.5 3.5625 3.8125 3.9166667461395264 3.9583332538604736 3.9166667461395264 2.9874999523162842 0.125 1.1333333253860474 1.2833333015441895 1.8250000476837158 3.25 3.25 3.25 3.25 3.25 3.25 3.25 3.25 3.25
3.2916667461395264 3.25 3.25 3.6666667461395264 3.875 3.7083332538604736 3.5833332538604736 3.375 3.5 3.5416667461395264 3.4166667461395264 3.75 4.0416665077209473 3.9166667461395264 3.9166667461395264 3.9583332538604736 4 4.0416665077209473 4.0416665077209473 4.0833334922790527 4.125 4.1666665077209473 4.2083334922790527 4.25 4.25 4.125 3.875 3.7916667461395264 3.7916667461395264 3.875 3.875 3.75 3.75 3.6666667461395264 3.5416667461395264 3.5 3.5833332538604736 3.625 3.5833332538604736 3.625 3.625 3.6666667461395264 3.875 4 3.875 3.9166667461395264 4.0416665077209473 4.0833334922790527 4.2083334922790527 4.2083334922790527 3.8333332538604736 3.4166667461395264 3.3333332538604736 3.3333332538604736 3.5833332538604736 3.9166667461395264 3.8125 3.0625 2.2999999523162842 1.4333332777023315 1.1166666746139526 1.0625 1.875 3.25 3.25 3.25 3.25 3.25 3.25 3.25 3.25 3.1875
3.25 3.25 3.4375 3.8125 4.0625 4 3.8125 3.8125 3.9375 3.8125 3.625 3.75 3.9375 3.9375 4 3.9375 3.9375 4.1875 4.1875 4.125 4.1875 4.25 4.25 4.25 4.25 4.25 3.875 3.5625 3.6875 3.8125 3.6875 3.5 3.5625 3.5625 3.5625 3.5625 3.75 4 4 4 3.8125 3.75 3.9375 3.9375 3.8125 3.875 4.0625 4.0625 4.125 4.25 4.1875 4 3.875 3.625 3.5416667461395264 3.875 3.1666667461395264 2.5416667461395264 3.375 3.7999999523162842 1.6740000247955322 0.85333335399627686 1.2999999523162842 2.2999999523162842 3.25 3.25 3.25 3.25 3.25 3.25 3.2083332538604736 3.0833332538604736
3.25 3.25 3.4583332538604736 3.8333332538604736 4.0416665077209473 4.0416665077209473 4 3.9166667461395264 3.7916667461395264 3.7916667461395264 3.8333332538604736 3.6666667461395264 3.7083332538604736 4 4.1666665077209473 4.1666665077209473 4.0833334922790527 4.1666665077209473 4.25 4.25 4.25 4.2083334922790527 4.2083334922790527 4.125 4 4.0416665077209473 3.7916667461395264 3.625 3.6666667461395264 3.7083332538604736 3.75 3.5 3.375 3.5416667461395264 3.5833332538604736 3.5 3.6666667461395264 3.7083332538604736 3.5833332538604736 3.6666667461395264 3.625 3.7083332538604736 3.9583332538604736 3.875 3.75 3.8333332538604736 4 4.0416665077209473 4.0416665077209473 4.125 4.125 4.1666665077209473 4.25 3.75 3.4166667461395264 3.1875 2.375 2.75 3.625 3.6875 1.8424999713897705 0.90499997138977051 1.1000000238418579 1.8500000238418579 3.25 3.25 3.25 3.25 3.25 3.25 3.0625 2.9375
3.3125 3.3125 3.5 3.9375 4.1875 4.1875 4.0625 3.875 3.6875 3.5 3.375 3.3125 3.5625 4.0625 4.25 4.25 4.1875 4.125 4.1875 4.25 4.25 4.125 4.125 4 3.75 3.875 3.9375 3.75 3.75 3.9375 3.8125 3.5 3.375 3.5625 3.5 3.375 3.625 3.625 3.5 3.4375 3.5 3.75 3.9375 3.8125 3.875 4 3.9375 4 4 3.875 3.875 4.125 4.25 3.6666667461395264 3.375 2.375 2.0833332538604736 3 3.625 3.7000000476837158 1.5900000333786011 1.0750000476837158 1.0833333730697632 1.875 3.2083332538604736 3.2083332538604736 3.25 3.25 3.25 3.0416667461395264 2.875 3
3.5 3.4166667461395264 3.5 3.7916667461395264 4.0416665077209473 4.1666665077209473 4.0833334922790527 3.9583332538604736 3.7916667461395264 3.7083332538604736 3.75 3.75 3.9166667461395264 4.1666665077209473 4.25 4.25 4.2083334922790527 4.1666665077209473 4.2083334922790527 4.25 4.2083334922790527 4.125 4.125 4.0416665077209473 3.9166667461395264 3.9583332538604736 4.0833334922790527 3.8333332538604736 3.75 3.8333332538604736 3.5 3.4166667461395264 3.4583332538604736 3.4583332538604736 3.4583332538604736 3.5416667461395264 3.5833332538604736 3.5 3.5 3.4583332538604736 3.5416667461395264 3.7916667461395264 3.875 3.7083332538604736 3.75 3.9583332538604736 4 3.8333332538604736 3.6666667461395264 3.6666667461395264 3.6666667461395264 3.75 3.8333332538604736 3.7083332538604736 3.4375 2.3125 2.125 3.125 3.75 3.75 1.7374999523162842 0.86250001192092896 1.0625 1.875 3.1875 3.1875 3.25 3.25 3.0625 2.9375 3.125 3.1875
3.625 3.5 3.5625 3.6875 3.875 4.0625 4 3.8125 3.75 3.75 4.25 4.1875 4.125 4.1875 4.25 4.25 4.25 4.25 4.25 4.1875 4.0625 4.0625 4.1875 4.25 4.25 4.25 4.25 4.0625 3.875 3.8125 3.6875 3.6875 3.8125 3.625 3.5 3.5625 3.375 3.3125 3.375 3.4375 3.5 3.625 3.625 3.5 3.5625 3.6875 3.875 3.75 3.5625 3.625 3.75 3.8125 3.6666667461395264 3.7083332538604736 3 2.5416667461395264 3.0416667461395264 3.375 3.5833332538604736 3.5 2.5250000953674316 1.2124999761581421 1.0249999761581421 1.3166667222976685 2.1083333492279053 2.1333334445953369 2.2166666984558105 2.1166665554046631 1.9700000286102295 2.0950000286102295 2.2666666507720947 2.2249999046325684
3.8333332538604736 3.625 3.7083332538604736 3.875 4 4.125 4.125 4.0833334922790527 4.1666665077209473 4.25 4.25 4.25 4.25 4.2083334922790527 4.2083334922790527 4.25 4.2083334922790527 4.125 4.0833334922790527 4.125 4.1666665077209473 4.1666665077209473 4.2083334922790527 4.25 4.25 4.25 4.25 4.1666665077209473 3.875 3.8333332538604736 3.9583332538604736 3.875 3.8333332538604736 3.625 3.4166667461395264 3.3333332538604736 3.3333332538604736 3.4166667461395264 3.3333332538604736 3.375 3.4166667461395264 3.4166667461395264 3.375 3.375 3.4583332538604736 3.5416667461395264 3.625 3.4583332538604736 3.4166667461395264 3.625 3.75 3.8333332538604736 3.5 3.6875 2.875 2.6875 3.4375 3.4375 3.375 3.375 3.5 1.375 0.86250001192092896 1.1124999523162842 1.8500000238418579 1.8250000476837158 1.8250000476837158 1.7999999523162842 1.5800000429153442 1.5175000429153442 1.4624999761581421 1.4624999761581421
4.1875 3.9375 3.75 3.9375 4.1875 4.25 4.25 4.25 4.25 4.25 4.25 4.25 4.25 4.1875 4.125 4.125 4.125 4.125 4.0625 4.125 4.25 4.25 4.25 4.25 4.25 4.25 4.25 4.25 4 3.875 3.875 3.625 3.4375 3.375 3.375 3.25 3.375 3.625 3.5625 3.4375 3.3125 3.25 3.25 3.3125 3.375 3.375 3.375 3.3125 3.4375 3.5625 3.5625 3.5 3.5 2.7916667461395264 2.25 3.0416667461395264 3.625 3.5416667461395264 3.5 3.4583332538604736 2.0899999141693115 0.89999997615814209 1.8500000238418579 2.7583334445953369 3.1666667461395264 3.0833332538604736 3.25 3.2083332538604736 3.0416667461395264 3.0416667461395264 3.0416667461395264 3.0416667461395264
4.25 4.2083334922790527 4.0416665077209473 4.0833334922790527 4.25 4.25 4.25 4.25 4.25 4.25 4.25 4.1666665077209473 4.125 4.2083334922790527 4.125 3.9583332538604736 4.0833334922790527 4.25 4.2083334922790527 4.2083334922790527 4.25 4.25 4.25 4.25 4.25 4.25 4.25 4.25 4.125 3.9583332538604736 3.7083332538604736 3.4583332538604736 3.3333332538604736 3.25 3.375 3.4166667461395264 3.4166667461395264 3.5 3.5833332538604736 3.625 3.625 3.625 3.5416667461395264 3.5 3.5416667461395264 3.4583332538604736 3.3333332538604736 3.3333332538604736 3.3333332538604736 3.375 3.3333332538604736 3.25 2.9375 2.5625 2.8125 3.1875 3.4375 3.4375 3.5625 3.5625 2.2000000476837158 1.7000000476837158 2.875 3.25 3.1875 3.125 3.1875 3.25 3.125 3.0625 3.1875 3.125
4.25 4.25 4.125 4.125 4.25 4.25 4.25 4.25 4.25 4.25 4.1875 4.125 4.125 4.1875 4.25 4.1875 4.1875 4.25 4.25 4.25 4.25 4.25 4.25 4.25 4.25 4.25 4.25 4.1875 4.0625 3.8125 3.5625 3.375 3.25 3.375 3.625 3.5 3.5 3.75 3.75 3.875 4.0625 3.9375 3.5625 3.3125 3.375 3.5 3.5 3.625 3.625 3.4375 2.8333332538604736 2.25 2.3333332538604736 2.7916667461395264 3.2916667461395264 3.2083332538604736 3.1666667461395264 3.375 3.5 3.4166667461395264 3.25 2 2.5 3 3.0833332538604736 3.1666667461395264 3.2083332538604736 3.25 3.2083332538604736 3 2.8333332538604736 2.8333332538604736
4.25 4.25 4.2083334922790527 4.0833334922790527 4.0833334922790527 4.1666665077209473 4.2083334922790527 4.25 4.25 4.25 4.2083334922790527 4.2083334922790527 4.2083334922790527 4.2083334922790527 4.25 4.2083334922790527 4.0833334922790527 4.125 4.2083334922790527 4.2083334922790527 4.2083334922790527 4.1666665077209473 4.2083334922790527 4.25 4.25 4.25 4.2083334922790527 4.0416665077209473 3.9166667461395264 3.2083332538604736 2.7083332538604736 3.0833332538604736 3.3333332538604736 3.5833332538604736 3.5833332538604736 3.3333332538604736 3.3333332538604736 3.4166667461395264 3.4583332538604736 3.5833332538604736 3.6666667461395264 3.5 3.5 3.5833332538604736 3.5416667461395264 3.75 3.875 3.875 3.9166667461395264 3.7916667461395264 2.7083332538604736 1.75 2.375 3.125 3.375 3.125 3.0625 3.375 3.125 2.8125 2.75 1.5 2 2.4375 2.5625 2.75 2.875 3.125 3.125 2.9375 2.8125 2.8125
