SimulationData/Scenarios/Alblasserwaard/Flooding/Gorinchem/5760.asc
ncols        410
nrows        139
xllcorner    4.624486754327
yllcorner    51.814562674375
cellsize     0.001350341696
NODATA_value  -1
[rows 70 to 104 of 139, columns 0 to 78 of 410]
-1 -1 -1 -1 -1 -1 -1 -1 -1 -1 -1 -1 -1 -1 -1 -1 -1 -1 -1 -1 -1 -1 -1 -1 -1 -1 -1 -1 -1 -1 -1 -1 -1 -1 -1 -1 -1 -1 -1 -1 -1 -1 -1 -1 -1 -1 -1 -1 -1 -1 -1 -1 -1 -1 -1 -1 -1 -1 -1 -1 -1 -1 -1 -1 -1 -1 -1 -1 -1 -1 -1 -1 -1 -1 -1 -1 -1 -1 -1
-1 -1 -1 -1 -1 -1 -1 -1 -1 -1 -1 -1 -1 -1 -1 -1 -1 -1 -1 -1 -1 -1 -1 -1 -1 -1 -1 -1 -1 -1 -1 -1 -1 -1 -1 -1 -1 -1 -1 -1 -1 -1 -1 -1 -1 -1 -1 -1 -1 -1 -1 -1 -1 -1 -1 -1 -1 -1 -1 -1 -1 -1 -1 -1 -1 -1 -1 -1 -1 -1 -1 -1 -1 -1 -1 -1 -1 -1 -1
-1 -1 -1 -1 -1 -1 -1 -1 -1 -1 -1 -1 -1 -1 -1 -1 -1 -1 -1 -1 -1 -1 -1 -1 -1 -1 -1 -1 -1 -1 -1 -1 -1 -1 -1 -1 -1 -1 -1 -1 -1 -1 -1 -1 -1 -1 -1 -1 -1 -1 -1 -1 -1 -1 -1 -1 -1 -1 -1 -1 -1 -1 -1 -1 -1 -1 -1 -1 -1 -1 -1 -1 -1 -1 -1 -1 -1 -1 -1
-1 -1 -1 -1 -1 -1 -1 -1 -1 -1 -1 -1 -1 -1 -1 -1 -1 -1 -1 -1 -1 -1 -1 -1 -1 -1 -1 -1 -1 -1 -1 -1 -1 -1 -1 -1 -1 -1 -1 -1 -1 -1 -1 -1 -1 -1 -1 -1 -1 -1 -1 -1 -1 -1 -1 -1 -1 -1 -1 -1 -1 -1 -1 -1 -1 -1 -1 -1 -1 -1 -1 -1 -1 -1 -1 -1 -1 -1 -1
-1 -1 -1 -1 -1 -1 -1 -1 -1 -1 -1 -1 -1 -1 -1 -1 -1 -1 -1 -1 -1 -1 -1 -1 -1 -1 -1 -1 -1 -1 -1 -1 -1 -1 -1 -1 -1 -1 -1 -1 -1 -1 -1 -1 -1 -1 -1 -1 -1 -1 -1 -1 -1 -1 -1 -1 -1 -1 -1 -1 -1 -1 -1 -1 -1 -1 -1 -1 -1 -1 -1 -1 -1 -1 -1 -1 -1 -1 -1
-1 -1 -1 -1 -1 -1 -1 -1 -1 -1 -1 -1 -1 -1 -1 -1 -1 -1 -1 -1 -1 -1 -1 -1 -1 -1 -1 -1 -1 -1 -1 -1 -1 -1 -1 -1 -1 -1 -1 -1 -1 -1 -1 -1 -1 -1 -1 -1 -1 -1 -1 -1 -1 -1 -1 -1 -1 -1 -1 -1 -1 -1 -1 -1 -1 -1 -1 -1 -1 -1 -1 -1 -1 -1 -1 -1 -1 -1 1.5
-1 -1 -1 -1 -1 -1 -1 -1 -1 -1 -1 -1 -1 -1 -1 -1 -1 -1 -1 -1 -1 -1 -1 -1 -1 -1 -1 -1 -1 -1 -1 -1 -1 -1 -1 -1 -1 -1 -1 -1 -1 -1 -1 -1 -1 -1 -1 -1 -1 -1 -1 -1 -1 -1 -1 -1 -1 -1 -1 -1 -1 -1 -1 -1 -1 -1 -1 -1 -1 -1 -1 -1 -1 -1 -1 -1 -1 2.75 2.3333332538604736
-1 -1 -1 -1 -1 -1 -1 -1 -1 -1 -1 -1 -1 -1 -1 -1 -1 -1 -1 -1 -1 -1 -1 -1 -1 -1 -1 -1 -1 -1 -1 -1 -1 -1 -1 -1 -1 -1 -1 -1 -1 -1 -1 -1 -1 -1 -1 -1 -1 -1 -1 -1 -1 -1 -1 -1 -1 -1 -1 -1 -1 -1 -1 -1 -1 -1 -1 -1 -1 -1 -1 -1 -1 1.5 1.5 1.625 2.375 2.9000000953674316 2.7083332538604736
-1 -1 -1 -1 -1 -1 -1 -1 -1 -1 -1 -1 -1 -1 -1 -1 -1 -1 -1 -1 -1 -1 -1 -1 -1 -1 -1 -1 -1 -1 -1 -1 -1 -1 -1 -1 -1 -1 -1 -1 -1 -1 -1 -1 -1 -1 -1 -1 -1 -1 -1 -1 -1 -1 -1 -1 -1 1.75 2.25 2.75 2.75 2.75 -1 -1 -1 -1 -1 -1 -1 -1 -1 2 2.25 2.3333332538604736 2.5 2.75 2.6875 2.75 2.625
-1 -1 -1 -1 -1 -1 -1 -1 -1 -1 -1 -1 -1 -1 -1 -1 -1 -1 -1 -1 -1 -1 -1 -1 -1 -1 -1 -1 -1 -1 -1 -1 -1 -1 -1 -1 -1 -1 -1 -1 -1 -1 -1 -1 -1 -1 -1 -1 -1 -1 -1 -1 -1 -1 2.75 2.875 3 2.7000000476837158 2.6666667461395264 2.8333332538604736 2.7916667461395264 2.75 2.8125 2.875 2.875 2.5 2.3333332538604736 2.75 2.75 2.4166667461395264 2.5 2.6500000953674316 2.7083332538604736 2.8333332538604736 2.9166667461395264 2.8333332538604736 2.6666667461395264 2.7083332538604736 2.6666667461395264
-1 -1 -1 -1 -1 -1 -1 -1 -1 -1 -1 -1 -1 -1 -1 -1 -1 -1 -1 -1 -1 -1 -1 -1 -1 -1 -1 -1 -1 -1 -1 -1 -1 -1 -1 -1 -1 -1 -1 -1 -1 -1 -1 -1 -1 -1 -1 -1 -1 -1 -1 2.5 2.875 3.25 3 2.875 2.8125 2.8125 2.875 2.875 2.875 2.8125 2.8125 2.875 2.875 2.8125 2.75 2.75 2.75 2.75 2.75 2.75 2.8125 2.8125 2.8125 2.8125 2.8125 2.75 2.625
-1 -1 -1 -1 -1 -1 -1 -1 -1 -1 -1 -1 -1 -1 -1 -1 -1 -1 -1 -1 -1 -1 -1 -1 -1 -1 -1 -1 -1 -1 -1 -1 -1 -1 -1 -1 -1 -1 -1 -1 -1 -1 -1 -1 -1 -1 2.875 2.625 2.75 2.8125 2.8125 2.75 2.75 3 2.9583332538604736 2.875 2.8333332538604736 2.8333332538604736 2.7916667461395264 2.7916667461395264 2.8333332538604736 2.7916667461395264 2.75 2.7916667461395264 2.875 2.8333332538604736 2.7916667461395264 2.8333332538604736 2.8333332538604736 2.8333332538604736 2.7916667461395264 2.75 2.75 2.75 2.7916667461395264 2.7916667461395264 2.7916667461395264 2.75 2.6666667461395264
-1 -1 -1 -1 -1 -1 -1 -1 -1 0.75 0.75 0.75 0.75 -1 -1 -1 -1 -1 -1 -1 -1 -1 -1 -1 -1 -1 -1 -1 -1 -1 -1 -1 -1 -1 -1 -1 -1 -1 -1 -1 -1 1 1.875 3.0833332538604736 2.9375 2.75 2.6875 2.5625 2.6875 2.875 2.9375 2.9375 3 2.9375 2.8125 2.875 3 2.9375 2.875 2.875 2.8125 2.75 2.8125 2.875 2.875 2.875 2.875 3 3 2.9375 2.8125 2.75 2.75 2.75 2.8125 2.8125 2.8125 2.6875 2.5625
-1 -1 -1 -1 0.5 0.625 0.625 0.5 1.25 2 0.75 0.83333331346511841 0.91666668653488159 1 1.25 1.375 1.25 -1 -1 -1 -1 -1 -1 -1 -1 -1 -1 -1 -1 -1 -1 -1 -1 -1 -1 -1 -1 -1 -1 -1 3 2.3333332538604736 2.4375 2.8125 2.75 2.6666667461395264 2.625 2.6666667461395264 2.6666667461395264 2.4166667461395264 2.1666667461395264 2.5416667461395264 2.9166667461395264 2.75 2.7083332538604736 2.8333332538604736 2.875 2.875 2.875 2.9583332538604736 2.9166667461395264 2.7083332538604736 2.5833332538604736 2.5833332538604736 2.6666667461395264 2.7083332538604736 2.6666667461395264 2.75 2.8333332538604736 2.8333332538604736 2.75 2.7083332538604736 2.5833332538604736 2.5 2.6666667461395264 2.7916667461395264 2.8333332538604736 2.75 2.7083332538604736
-1 -1 -1 -1 0.625 0.56000000238418579 0.75999999046325684 1.25 1.5833333730697632 1.8333333730697632 1.5499999523162842 1.125 1.0499999523162842 1.0833333730697632 1.2916666269302368 1.25 1.1000000238418579 1 1.875 3 2.875 2.75 2.6875 2.625 2.75 2.6666667461395264 2.8125 2.5625 2.3333332538604736 2.75 2.75 2.625 2.625 2.6666667461395264 1.8125 1.375 2.125 2.9375 3.375 2.5625 2.2999999523162842 2.75 2.8333332538604736 2.5833332538604736 2.5416667461395264 2.7083332538604736 2.6875 2.75 2.5 1.5 0.6875 1.5 2.375 2.3125 2.5625 2.875 2.875 2.8125 2.8125 2.875 2.8125 2.5625 2.375 2.3125 2.5 2.6875 2.625 2.6875 2.75 2.75 2.75 2.75 2.4375 2.1666667461395264 2.3333332538604736 2.5625 2.75 2.8125 2.8125
-1 -1 -1 -1 -1 1.0249999761581421 1.3875000476837158 1.75 1.75 1.75 1.625 1.1666666269302368 0.75 1.125 1.25 1.1875 1.25 1.25 1.25 2.75 2.6875 2.6875 2.75 2.75 2.75 2.6875 2.6875 2.625 2.5625 2.6875 2.75 2.6875 2.6875 2.6875 2.125 1.75 2.3125 2.75 2.875 2.5625 2.3125 2.625 2.6875 2.5 2.6875 2.625 2.7083332538604736 2.6666667461395264 2.5833332538604736 2.25 2 2.25 2.5 2.5 2.6666667461395264 2.875 2.8333332538604736 2.75 2.75 2.7916667461395264 2.7916667461395264 2.7916667461395264 2.7916667461395264 2.7083332538604736 2.6666667461395264 2.7083332538604736 2.75 2.7083332538604736 2.6666667461395264 2.6666667461395264 2.6666667461395264 2.625 2.5833332538604736 2.7000000476837158 2.5999999046325684 2.5416667461395264 2.5833332538604736 2.5833332538604736 2.625
-1 -1 -1 -1 -1 1.9166666269302368 1.8333333730697632 1.75 1.75 1.75 1.75 1.5833333730697632 1.0333333015441895 1.0333333015441895 1.1666666269302368 0.95833331346511841 1.0833333730697632 1.2916666269302368 1.5 2.4166667461395264 2.75 2.7083332538604736 2.75 2.8333332538604736 2.7916667461395264 2.875 3.125 2.9583332538604736 2.625 2.5416667461395264 2.5833332538604736 2.75 2.7916667461395264 2.75 2.75 2.625 2.625 2.75 2.5833332538604736 2.4166667461395264 2.375 2.6666667461395264 2.875 2.7083332538604736 2.5833332538604736 2.625 2.75 2.75 2.8125 2.9375 2.9375 2.875 2.75 2.6875 2.625 2.8125 2.875 2.75 2.75 2.875 2.9375 2.875 2.75 2.625 2.625 2.6875 2.75 2.75 2.6875 2.625 2.625 2.5625 2.6875 2.9375 2.875 2.8125 2.8125 2.75 2.8125
-1 -1 -1 -1 2.25 2.3333332538604736 2.0625 1.8125 1.8125 1.75 1.75 1.75 1.625 1.2000000476837158 0.88749998807907104 0.9375 0.9375 0.875 1.3125 1.75 2.75 2.6875 2.6875 2.75 2.75 2.75 2.875 2.9375 2.8125 2.5625 2.5625 2.75 2.9375 3 2.8125 2.75 2.625 2.5 2.5 2.5625 2.5625 2.625 2.8125 2.8125 2.75 2.75 2.75 2.75 2.75 2.875 2.9583332538604736 2.9166667461395264 2.9166667461395264 2.8333332538604736 2.7083332538604736 2.75 2.75 2.6666667461395264 2.6666667461395264 2.7083332538604736 2.75 2.7083332538604736 2.6666667461395264 2.7083332538604736 2.75 2.75 2.8333332538604736 2.8333332538604736 2.7916667461395264 2.7916667461395264 2.7916667461395264 2.7916667461395264 2.875 2.8333332538604736 2.7916667461395264 2.7916667461395264 2.75 2.75 2.8333332538604736
-1 -1 -1 1.5 1.7999999523162842 2.0833332538604736 1.9583333730697632 1.8333333730697632 1.9166666269302368 1.75 1.75 1.7916666269302368 1.875 1.125 0.875 1.2083333730697632 0.91666668653488159 0.91666668653488159 1.2083333730697632 1.5499999523162842 2 2.25 2.25 2.25 2.25 2.25 2.25 2.375 2.6500000953674316 2.75 3 3.0833332538604736 3.0416667461395264 3.0416667461395264 2.875 2.7916667461395264 2.75 2.75 2.8333332538604736 2.9166667461395264 2.875 2.8333332538604736 2.9166667461395264 2.9166667461395264 2.7916667461395264 2.8125 2.8125 2.75 2.75 2.875 2.875 2.75 2.8125 2.875 2.8125 2.875 2.875 2.8125 2.8125 2.75 2.75 2.8125 2.8125 2.75 2.8125 2.875 2.8125 2.75 2.75 2.75 2.75 2.8125 2.9375 2.9375 2.875 2.8125 2.8125 2.8125 2.75
-1 -1 -1 1.875 1.9375 2.1875 2.0625 1.8125 1.875 1.8125 1.75 1.75 1.75 1.0249999761581421 1.1499999761581421 1.8125 1.1875 0.9375 1.25 1.375 1.4375 1.625 1.75 1.75 1.75 1.75 1.75 1.75 2.25 2.75 2.8125 3 3 2.9375 2.9375 2.875 2.8125 2.75 2.8125 2.875 2.875 2.875 2.9375 3 2.9166667461395264 2.8333332538604736 2.875 2.5416667461395264 2.25 2.2916667461395264 2.2083332538604736 2.1666667461395264 2.125 2.125 2.1666667461395264 2.2083332538604736 2.2083332538604736 2.25 2.25 2.2083332538604736 2.4583332538604736 2.75 2.7916667461395264 2.75 2.7916667461395264 2.8333332538604736 2.7916667461395264 2.75 2.75 2.75 2.75 2.7916667461395264 2.875 2.625 2.25 2.1666667461395264 2.2083332538604736 2.5 2.75
-1 -1 -1 1.75 1.625 1.875 1.9583333730697632 1.7916666269302368 1.8333333730697632 1.7916666269302368 1.75 1.625 1.6666666269302368 1.8999999761581421 1.7333333492279053 1.7083333730697632 1.5333333015441895 1.3400000333786011 1.3999999761581421 0.99166667461395264 0.88999998569488525 1.4500000476837158 1.6666666269302368 1.7083333730697632 1.75 1.75 1.75 1.75 1.75 2 2.5625 2.8499999046325684 2.8333332538604736 2.8333332538604736 2.875 2.9166667461395264 2.9166667461395264 2.75 2.7916667461395264 2.7916667461395264 2.75 2.7916667461395264 2.8333332538604736 2.875 2.875 2.3125 1.875 2 2.0625 2.125 2.0625 2 2 2.375 2.8125 2.8125 2.375 1.9375 1.875 2 1.875 2.1875 2.75 2.75 2.75 2.75 2.8125 2.8125 2.375 1.9375 1.875 1.875 1.875 1.75 1.6875 1.75 1.75 1.75 1.8125
-1 -1 -1 -1 1 1.5833333730697632 1.9375 1.9375 1.875 1.8125 1.3174999952316284 1.3799999952316284 2.3125 2.75 2.375 2.4375 2.75 2.5625 2.125 1.5499999523162842 1.7333333492279053 1.5 1 0.96249997615814209 1.2000000476837158 1.75 1.75 1.75 1.75 1.75 1.75 2.75 2.8125 2.8125 2.8125 2.875 2.875 2.8125 2.75 2.75 2.75 2.8125 2.875 2.25 2.25 2.25 2.2916667461395264 2.625 3.0416667461395264 3.0833332538604736 3.0833332538604736 3 3.0416667461395264 3 2.9166667461395264 2.9583332538604736 2.9583332538604736 2.8333332538604736 2.75 2.7916667461395264 2.4583332538604736 2.125 2.2083332538604736 2.2083332538604736 2.1666667461395264 2.1666667461395264 2.2083332538604736 2.2083332538604736 2.1666667461395264 2.1666667461395264 2.1666667461395264 2.1666667461395264 2.1666667461395264 2.375 2.625 2.6666667461395264 2.6666667461395264 2.375 2.125
-1 -1 -1 -1 -1 1.75 2.0833332538604736 2.25 1.75 2 2.1040000915527344 2.4200000762939453 2.7916667461395264 2.75 2.7916667461395264 2.7916667461395264 2.7916667461395264 2.7916667461395264 2.7916667461395264 2.7916667461395264 2.7083332538604736 2.3333332538604736 2 1.8916666507720947 2.0699999332427979 1.940000057220459 1.7400000095367432 1.6000000238418579 1.2666666507720947 1.4199999570846558 1.75 1.9233332872390747 2.0866665840148926 2.2083332538604736 2.1666667461395264 2.25 2.3333332538604736 2.3333332538604736 2.2916667461395264 2.2083332538604736 2.2083332538604736 2.25 2.2083332538604736 2.2916667461395264 3.0625 2.9375 2.9375 2.9375 3 3.0625 3 2.9375 2.875 2.875 2.9375 3 2.875 2.75 2.75 2.75 2.75 2.75 2.3125 1.875 1.875 1.875 2.25 2.6875 2.75 2.75 2.75 2.75 2.75 2.8125 2.8125 2.75 2.75 2.75 2.75
-1 -1 -1 -1 -1 -1 -1 -1 3.5 3.0833332538604736 2.875 2.875 2.6875 2.6875 2.8125 2.75 2.75 2.875 3 2.875 2.75 2.75 2.875 2.8125 2.8125 2.8125 2.6875 2.0625 1.4624999761581421 1.8666666746139526 2.5 1.5900000333786011 1.4424999952316284 1.625 1.625 1.3125 1 1.3125 1.5 1.6875 2 2.5625 3 2.9166667461395264 2.9583332538604736 2.875 2.7916667461395264 2.875 2.9166667461395264 2.9583332538604736 3 2.9166667461395264 2.7916667461395264 2.75 2.6666667461395264 2.75 2.875 2.7916667461395264 2.7916667461395264 2.7916667461395264 2.75 2.75 2.75 2.75 2.75 2.75 2.75 2.7916667461395264 2.7916667461395264 2.75 2.75 2.75 2.8333332538604736 2.875 2.875 2.875 2.7916667461395264 2.75 2.75
-1 -1 -1 -1 -1 -1 -1 -1 2.375 2.5999999046325684 2.7916667461395264 2.4583332538604736 2.3333332538604736 2.7083332538604736 2.6666667461395264 2.625 2.9166667461395264 3 2.875 2.7916667461395264 2.8333332538604736 2.9166667461395264 2.9583332538604736 2.875 2.75 2.875 2.9583332538604736 2.7916667461395264 2.7916667461395264 2.8333332538604736 2.7083332538604736 2.7083332538604736 2.7916667461395264 2.9166667461395264 2.9166667461395264 2.8333332538604736 1 1.7916666269302368 2.5416667461395264 2.6666667461395264 2.9166667461395264 3 3 2.9583332538604736 3 2.9375 2.875 2.9375 3 3 3 2.9375 2.8125 2.8125 2.8125 2.8125 2.875 2.875 2.9375 2.875 2.75 2.8125 2.8125 2.8125 2.875 2.875 2.8125 2.875 2.9375 2.875 2.875 2.875 2.875 2.875 2.875 2.9375 2.875 2.75 2.75
-1 -1 -1 -1 -1 -1 -1 -1 -1 2.25 2.625 2.375 2.25 2.75 2.75 2.8125 2.9375 2.875 2.6875 2.6875 2.875 3 2.9375 2.8125 2.6875 2.75 2.8125 2.75 2.875 2.875 2.75 2.8125 2.8125 3.0625 3.125 2.875 2 2.0625 2.9375 2.8125 2.875 2.875 2.875 2.9583332538604736 2.9166667461395264 2.9166667461395264 2.9166667461395264 2.9166667461395264 2.9166667461395264 2.9166667461395264 2.9166667461395264 2.9166667461395264 2.875 2.9166667461395264 2.9583332538604736 2.8333332538604736 2.7916667461395264 2.9166667461395264 2.9583332538604736 2.8333332538604736 2.7916667461395264 2.875 2.9166667461395264 2.9166667461395264 2.9166667461395264 2.9583332538604736 2.9166667461395264 2.8333332538604736 2.875 2.875 2.8333332538604736 2.875 2.8333332538604736 2.875 2.875 2.8333332538604736 2.875 2.7916667461395264 2.75
-1 -1 -1 -1 -1 -1 -1 -1 -1 1.75 2.5833332538604736 2.6875 2.5999999046325684 2.7083332538604736 2.7083332538604736 2.7916667461395264 2.6666667461395264 2.625 2.6666667461395264 2.6666667461395264 2.75 2.75 2.7083332538604736 2.75 2.7916667461395264 2.7083332538604736 2.7083332538604736 2.75 2.5416667461395264 2.5 2.6666667461395264 2.625 2.3333332538604736 2.2916667461395264 2.2083332538604736 1.9166666269302368 1.5416666269302368 2.0833332538604736 2.9583332538604736 2.875 2.8333332538604736 2.7916667461395264 2.8333332538604736 2.8125 2.8125 2.8125 2.8125 2.8125 2.8125 2.875 2.75 2.8125 2.9375 3 2.9375 2.875 2.8125 2.8125 2.875 2.875 2.8125 2.8125 2.875 2.8125 2.75 2.875 2.875 2.75 2.8125 2.8125 2.75 2.8125 2.8125 2.875 2.875 2.8125 2.9375 2.875 2.75
-1 -1 -1 -1 -1 -1 -1 -1 -1 -1 -1 -1 2.75 2.75 2.875 2.8125 2.625 2.5 2.5 2.6875 2.75 2.75 2.6875 2.75 2.8125 2.75 2.75 2.375 2 2.375 2.6875 2.1875 2.125 2.625 2.6875 2.625 1.875 2.125 3.0625 2.875 2.875 2.875 2.75 2.75 2.7916667461395264 2.7916667461395264 2.75 2.7916667461395264 2.7916667461395264 2.75 2.7916667461395264 2.8333332538604736 2.875 2.875 2.8333332538604736 2.8333332538604736 2.8333332538604736 2.7916667461395264 2.7916667461395264 2.875 2.875 2.8333332538604736 2.8333332538604736 2.8333332538604736 2.8333332538604736 2.8333332538604736 2.7916667461395264 2.75 2.75 2.7916667461395264 2.875 2.9166667461395264 2.8333332538604736 2.8333332538604736 2.875 2.8333332538604736 2.875 2.9166667461395264 2.9166667461395264
-1 -1 -1 -1 -1 -1 -1 -1 -1 -1 -1 -1 2.75 2.75 2.9500000476837158 3.0416667461395264 3 2.875 2.75 2.8333332538604736 2.9166667461395264 2.5833332538604736 2.7916667461395264 2.875 2.6666667461395264 2.5833332538604736 2.625 2.375 2.3333332538604736 2.6666667461395264 2.75 2.3333332538604736 2.25 2.7083332538604736 2.5416667461395264 2.25 1.625 2 2.9166667461395264 2.875 2.8333332538604736 2.75 2.75 2.75 2.6875 2.6875 2.3125 1.875 2.375 2.875 2.875 2.8125 2.75 2.75 2.75 2.75 2.75 2.75 2.8125 2.875 2.9375 2.9375 2.9375 3 2.875 2.75 2.75 2.75 2.75 2.8125 2.875 2.8125 2.75 2.8125 2.9375 2.875 2.8125 2.875 2.875
-1 -1 -1 -1 -1 -1 -1 -1 -1 -1 -1 -1 -1 -1 3.25 3.25 3.0625 2.9375 2.9375 2.875 2.875 2.6875 2.375 2.25 2.3125 2.5 2.25 2.3125 2.6875 2.625 2.6875 2.5 2.25 2.625 3 1.75 1.375 1.875 2.75 2.75 2.6875 2.7083332538604736 2.75 2.75 2.4166667461395264 2 1.7916666269302368 1.625 1.7916666269302368 2 2.0416667461395264 2.4166667461395264 2.7916667461395264 2.8333332538604736 2.875 2.8333332538604736 2.75 2.75 2.75 2.75 2.7916667461395264 2.9166667461395264 2.9166667461395264 2.8333332538604736 2.7916667461395264 2.75 2.75 2.75 2.75 2.75 2.75 2.8333332538604736 2.9166667461395264 2.875 2.8333332538604736 2.7916667461395264 2.7916667461395264 2.8333332538604736 2.7916667461395264
-1 -1 -1 -1 -1 -1 -1 -1 -1 -1 -1 -1 -1 -1 -1 3.25 3.0833332538604736 2.4300000667572021 2.3583333492279053 2.2950000762939453 1.9233332872390747 1.9199999570846558 1.625 1.875 2.1666667461395264 2.2916667461395264 2.4583332538604736 2.5 2.5416667461395264 2.4583332538604736 2.6666667461395264 2.5833332538604736 2.5 2.6666667461395264 2.75 2.6666667461395264 2 1.7083333730697632 1.8333333730697632 1.8333333730697632 2.375 2.75 2.75 2.75 1.9375 1.5 1.8125 1.9375 2.0625 2 1.6875 1.625 2.375 2.9375 2.9375 2.8125 2.75 2.75 2.75 2.75 2.75 2.8125 2.875 2.875 2.875 2.875 2.875 2.875 2.8125 2.75 2.75 2.8125 2.875 2.9375 2.9375 2.875 2.8125 2.75 2.75
-1 -1 -1 -1 -1 -1 -1 -1 -1 -1 -1 -1 -1 -1 -1 -1 -1 0.40000000596046448 1.2000000476837158 1.0099999904632568 0.019999999552965164 0.38499999046325684 1.3333333730697632 2.25 2.25 2.125 2.5 2.4375 2.375 2.375 2.5 2.5625 2.6875 2.75 2.75 2.25 1.625 1.6875 1.6875 1.5 2.125 2.6666667461395264 2.75 2.2083332538604736 1.625 1.75 2.0833332538604736 2.4583332538604736 2.6666667461395264 2.3333332538604736 2.0416667461395264 1.75 1.75 2.2916667461395264 2.7916667461395264 2.75 2.7916667461395264 2.8333332538604736 2.8333332538604736 2.8333332538604736 2.8333332538604736 2.8333332538604736 2.9166667461395264 3 2.9166667461395264 2.9166667461395264 2.9583332538604736 2.9166667461395264 2.8333332538604736 2.7916667461395264 2.7916667461395264 2.75 2.75 2.8333332538604736 2.9166667461395264 2.9166667461395264 2.8333332538604736 2.75 2.7916667461395264
-1 -1 -1 -1 -1 -1 -1 -1 -1 -1 -1 -1 -1 -1 -1 -1 -1 -1 -1 -1 -1 -1 1.75 2.5 2 1.6666666269302368 2.5833332538604736 2.5 2.4166667461395264 2.3333332538604736 2.0833332538604736 1.7916666269302368 2 2.125 1.875 1.6000000238418579 1.7916666269302368 2.25 2.3333332538604736 1.5833333730697632 1.5416666269302368 2.5 2.6875 1.875 1.4375 2 2.4375 2.6875 2.75 2.75 2.3125 2.0625 1.6875 1.9375 2.75 2.75 2.8125 2.875 2.8125 2.8125 2.8125 2.75 2.75 2.875 2.875 2.875 2.8125 2.8125 2.8125 2.75 2.75 2.75 2.75 2.8125 2.875 2.875 2.8125 2.75 2.375
-1 -1 -1 -1 -1 -1 -1 -1 -1 -1 -1 -1 -1 -1 -1 -1 -1 -1 -1 -1 -1 -1 -1 -1 -1 -1 -1 2.5 2.375 2.25 1.5 0.97500002384185791 0.82499998807907104 1.75 1.75 1.9166666269302368 2.375 2.6875 2.375 1.5 1.3166667222976685 1.5583332777023315 1.8250000476837158 1.7083333730697632 1.9583333730697632 2.4583332538604736 2.625 2.7083332538604736 2.75 2.75 2.4166667461395264 1.6666666269302368 1.7083333730697632 2.5 2.7916667461395264 2.75 2.7916667461395264 2.7916667461395264 2.7916667461395264 2.9583332538604736 3 2.875 2.8333332538604736 2.7916667461395264 2.7916667461395264 2.7916667461395264 2.75 2.75 2.75 2.75 2.8333332538604736 2.75 2.4166667461395264 2.25 2.25 2.0833332538604736 1.9166666269302368 1.5 1.2083333730697632
-1 -1 -1 -1 -1 -1 -1 -1 -1 -1 -1 -1 -1 -1 -1 -1 -1 -1 -1 -1 -1 -1 -1 -1 -1 -1 2.5 2 1.9375 1.3125 0.4699999988079071 0.875 1.9299999475479126 2.875 2.1666667461395264 2.2083332538604736 2.3333332538604736 2.4583332538604736 2.3333332538604736 1.9583333730697632 1.3583333492279053 0.96249997615814209 1.6749999523162842 2.1875 2.5625 2.75 2.6875 2.625 2.625 2.5625 2 1.375 2 2.75 2.8125 2.8125 2.8125 2.3125 1.6875 1.8125 2.0625 2 1.875 1.875 1.8125 1.75 1.875 2 2.375 2.8125 2.875 2.375 1.625 1.4375 1.625 2 2.25 1.875 1.125
