SimulationData/Scenarios/Alblasserwaard/Flooding/Gorinchem/5760.asc
ncols        410
nrows        139
xllcorner    4.624486754327
yllcorner    51.814562674375
cellsize     0.001350341696
NODATA_value  -1
[rows 35 to 69 of 139, columns 158 to 236 of 410]
-1 -1 -1 -1 -1 -1 -1 -1 -1 -1 -1 -1 -1 -1 -1 -1 -1 -1 -1 -1 -1 -1 -1 -1 -1 -1 -1 -1 -1 -1 -1 -1 -1 -1 -1 -1 -1 -1 -1 -1 -1 -1 -1 -1 -1 -1 -1 -1 -1 -1 -1 -1 -1 -1 -1 -1 -1 -1 -1 -1 -1 -1 -1 -1 -1 -1 -1 -1 -1 -1 -1 -1 -1 -1 0.019999999552965164 0.1679999977350235 0.42500001192092896 0.91666668653488159 1.625
-1 -1 -1 -1 -1 -1 -1 -1 -1 -1 -1 -1 -1 -1 -1 -1 -1 -1 -1 -1 -1 -1 -1 -1 -1 -1 -1 -1 -1 -1 -1 -1 -1 -1 -1 -1 -1 -1 -1 -1 -1 -1 -1 -1 -1 -1 -1 -1 -1 -1 -1 -1 -1 -1 -1 -1 -1 -1 -1 -1 -1 -1 -1 -1 -1 -1 -1 -1 -1 -1 -1 -1 -1 -1 0.019999999552965164 0.23999999463558197 0.42500001192092896 0.6875 1.375
-1 -1 -1 -1 -1 -1 -1 -1 -1 -1 -1 -1 -1 -1 -1 -1 -1 -1 -1 -1 -1 -1 -1 -1 -1 -1 -1 -1 -1 -1 -1 -1 -1 -1 -1 -1 -1 -1 -1 -1 -1 -1 -1 -1 -1 -1 -1 -1 -1 -1 -1 -1 -1 -1 -1 -1 -1 -1 -1 -1 -1 -1 -1 -1 -1 -1 -1 -1 -1 -1 -1 -1 -1 -1 0.25999999046325684 0.50400000810623169 0.66666668653488159 0.75 1.25
-1 -1 -1 -1 -1 -1 -1 -1 -1 -1 -1 -1 -1 -1 -1 -1 -1 -1 -1 -1 -1 -1 -1 -1 -1 -1 -1 -1 -1 -1 -1 -1 -1 -1 -1 -1 -1 -1 -1 -1 -1 -1 -1 -1 -1 -1 -1 -1 -1 -1 -1 -1 -1 -1 -1 -1 -1 -1 -1 -1 -1 -1 -1 -1 -1 -1 -1 -1 -1 -1 -1 -1 -1 0.10000000149011612 0.44999998807907104 0.6875 0.75 0.8125 1.3125
-1 -1 -1 -1 -1 -1 -1 -1 -1 -1 -1 -1 -1 -1 -1 -1 -1 -1 -1 -1 -1 -1 -1 -1 -1 -1 -1 -1 -1 -1 -1 -1 -1 -1 -1 -1 -1 -1 -1 -1 -1 -1 -1 -1 -1 -1 -1 -1 -1 -1 -1 -1 -1 -1 -1 -1 -1 -1 -1 -1 -1 -1 -1 -1 -1 -1 0.20000000298023224 0.89999997615814209 1.0125000476837158 0.76666665077209473 0.75 0.875 0.86666667461395264 0.88999998569488525 1.2250000238418579 1.5 1.5 1.5833333730697632 1.8333333730697632
-1 -1 -1 -1 -1 -1 -1 -1 -1 -1 -1 -1 -1 -1 -1 -1 -1 -1 -1 -1 -1 -1 -1 -1 -1 -1 -1 -1 -1 -1 -1 -1 -1 -1 -1 -1 -1 -1 -1 -1 -1 -1 -1 -1 -1 -1 -1 -1 -1 -1 -1 -1 -1 -1 -1 -1 -1 -1 -1 -1 -1 -1 -1 -1 -1 -1 1.2250000238418579 1.6124999523162842 1.75 1.375 1.25 1.3125 1.5 1.6875 1.875 2 2 2 2.125
-1 -1 -1 -1 -1 -1 -1 -1 -1 -1 -1 -1 -1 -1 -1 -1 -1 -1 -1 -1 -1 -1 -1 -1 -1 -1 -1 -1 -1 -1 -1 -1 -1 -1 -1 -1 -1 -1 -1 -1 -1 -1 -1 -1 -1 -1 -1 -1 -1 -1 -1 -1 -1 -1 -1 -1 -1 -1 -1 -1 -1 -1 -1 -1 2 1.9166666269302368 2.2000000476837158 2.1666667461395264 1.8333333730697632 1.75 1.75 1.75 1.7916666269302368 1.875 1.9583333730697632 2 2.0416667461395264 2.0416667461395264 2.0416667461395264
-1 -1 -1 -1 -1 -1 -1 -1 -1 -1 -1 -1 -1 -1 -1 -1 -1 -1 -1 -1 -1 -1 -1 -1 -1 -1 -1 -1 -1 -1 -1 -1 -1 -1 -1 -1 -1 -1 -1 -1 -1 -1 -1 -1 -1 -1 -1 -1 -1 -1 -1 -1 -1 -1 -1 -1 -1 -1 -1 -1 -1 -1 -1 1.75 2 2.125 2.1875 2.125 1.9375 1.8125 1.75 1.75 1.875 2.0625 2.125 2.125 2.1875 2.125 2
-1 -1 -1 -1 -1 -1 -1 -1 -1 -1 -1 -1 -1 -1 -1 -1 -1 -1 -1 -1 -1 -1 -1 -1 -1 -1 -1 -1 -1 -1 -1 -1 -1 -1 -1 -1 -1 -1 -1 -1 -1 -1 -1 -1 -1 -1 -1 -1 -1 -1 -1 -1 -1 -1 -1 -1 -1 -1 -1 -1 0.40000000596046448 1.0750000476837158 1.75 1.8500000238418579 2.0416667461395264 2.125 2.0833332538604736 2.0416667461395264 2.0416667461395264 2.0833332538604736 1.9166666269302368 1.875 1.9166666269302368 2.125 2.1666667461395264 2.0833332538604736 2.0833332538604736 2.0416667461395264 2.0416667461395264
-1 -1 -1 -1 -1 -1 -1 -1 -1 -1 -1 -1 -1 -1 -1 -1 -1 -1 -1 -1 -1 -1 -1 -1 -1 -1 -1 -1 -1 -1 -1 -1 -1 -1 -1 -1 -1 -1 -1 -1 -1 -1 -1 -1 -1 -1 -1 -1 -1 -1 -1 -1 -1 -1 -1 -1 1.75 1.75 1.875 2.125 1.5499999523162842 1.5375000238418579 1.875 1.875 1.875 1.875 1.9375 2 2 2 2 2 2.0625 2.1875 2.125 2 2.0625 2.125 2.25
-1 -1 -1 -1 -1 -1 -1 -1 -1 -1 -1 -1 -1 -1 -1 -1 -1 -1 -1 -1 -1 -1 -1 -1 -1 -1 -1 -1 -1 -1 -1 -1 -1 -1 -1 -1 -1 -1 -1 -1 -1 -1 -1 -1 -1 0.10000000149011612 0.92500001192092896 2.125 2.375 1.9166666269302368 1.5625 1.5625 1.875 2 1.875 1.75 1.8500000238418579 1.875 1.875 2 2.0416667461395264 2.0416667461395264 1.9166666269302368 1.75 1.8333333730697632 1.9583333730697632 2 2 2 2 2.0416667461395264 2.125 2.1666667461395264 2.125 2.0833332538604736 2.0833332538604736 2.1666667461395264 2.2916667461395264 2.375
1.875 2.5 2.375 2.125 1.5833333730697632 1.8125 2.3125 2.125 1.8125 1.875 2.0625 1.9375 1.875 2 1.4333333969116211 0.30000001192092896 -1 -1 -1 -1 -1 -1 -1 -1 -1 -1 -1 -1 -1 -1 -1 -1 -1 -1 -1 -1 -1 -1 -1 -1 0.5 0.5 1.375 2.125 1.875 1.2833333015441895 1.5249999761581421 2.125 2.1875 2.0625 1.9375 1.8125 1.8125 1.8125 1.75 1.75 1.8125 1.8125 1.75 1.8125 1.875 1.9375 1.875 1.75 1.8125 1.9375 2 2 2.1875 2.375 2.3125 2.25 2.1875 2.125 2.25 2.3125 2.3125 2.25 2.1875
2 2.375 2.1875 2.0625 2.0625 2.0625 2.0625 1.9375 1.875 2.0625 2.1875 2.1875 2.1875 2.25 1.7000000476837158 1.1833333969116211 1.125 1 -1 -1 -1 -1 -1 -1 -1 -1 -1 -1 -1 -1 -1 -1 -1 -1 -1 -1 2.5 2.375 2 1.8333333730697632 1.6499999761581421 1.5 1.7916666269302368 2 1.9166666269302368 2 2.1666667461395264 2.125 2 2 1.9166666269302368 1.7916666269302368 1.8333333730697632 1.875 1.7916666269302368 1.75 1.75 1.7916666269302368 1.875 1.9166666269302368 1.9166666269302368 1.9583333730697632 1.9166666269302368 1.875 1.9166666269302368 1.9166666269302368 1.9583333730697632 2 2.375 2.75 2.4583332538604736 2.3333332538604736 2.25 2.25 2.5 2.5 2.5 2.4583332538604736 2.4583332538604736
2.0416667461395264 2 2.0416667461395264 2.0416667461395264 2.1666667461395264 2.1666667461395264 2.0416667461395264 1.9583333730697632 1.9166666269302368 2.0833332538604736 2.0833332538604736 2.2083332538604736 2.2916667461395264 2.25 2.125 1.8333333730697632 1.5 1.3999999761581421 1.3333333730697632 1 -1 -1 -1 -1 -1 -1 -1 -1 -1 -1 0.40000000596046448 1.0750000476837158 1.75 1.875 2.125 2.125 2.25 2.25 2 1.8125 1.875 2 2 1.9375 1.9375 2 2.0625 2.0625 2 2 2 1.9375 1.9375 2 1.9375 1.875 1.875 1.9375 2 2 2 2 2 2 2 2 2 2.0625 2.3125 2.5 2.5 2.5625 2.3125 2.3125 2.5625 2.5625 2.5 2.375 2.375
1.875 1.875 2.1875 2.4375 2.3125 2.375 2.3125 2.0625 1.875 2 2.1875 2.125 2.25 2.375 2.25 2.0625 2.0625 2.125 1.5625 1.5 2.375 1.375 0.6875 1.1875 1.9166666269302368 2.25 1.9375 1.875 2 1.875 1.5299999713897705 1.6916667222976685 1.9166666269302368 1.9583333730697632 2.0833332538604736 2.125 2.0833332538604736 2.0416667461395264 2 2 2 2 2.0416667461395264 2.0833332538604736 2.0416667461395264 2 2.0416667461395264 2.0833332538604736 2.0416667461395264 2 2 2 2 2 1.9583333730697632 1.9166666269302368 1.9583333730697632 2 2 2 2 1.9583333730697632 1.9583333730697632 2 2 1.9583333730697632 2 2.2916667461395264 2.4166667461395264 2.3333332538604736 2.5416667461395264 2.5833332538604736 2.3333332538604736 2.4583332538604736 2.5833332538604736 2.5833332538604736 2.5833332538604736 2.5 2.5
2 2.0833332538604736 2.375 2.625 2.2083332538604736 2.0416667461395264 2.4583332538604736 2.5416667461395264 2.4166667461395264 2.5 2.5833332538604736 2.4583332538604736 2.4583332538604736 2.5833332538604736 2.5833332538604736 2.5416667461395264 2.4583332538604736 2.4583332538604736 2.25 1.9166666269302368 1.8333333730697632 1.4166666269302368 1.4375 1.6875 2 2.3333332538604736 2.125 2 1.9375 1.875 2.125 2.125 1.9375 2 2.125 2.25 2.125 2 2 2.0625 2.0625 2 2.0625 2.0625 2 2 1.9375 1.9375 2 2 2 2 2 2 1.9375 1.875 1.9375 2 2 2 2 1.9375 1.9375 2 2 2 2 2.3125 2.6875 2.75 2.625 2.5 2.625 2.75 2.6875 2.6875 2.625 2.5625 2.6875
2 2.1875 2.4375 2.4375 2.125 2 2.375 2.625 2.8125 2.875 2.75 2.625 2.5 2.75 2.75 2.75 2.5625 2.5 2.5 2.3125 2 1.6666666269302368 1.9583333730697632 2.4583332538604736 2.2916667461395264 2.1666667461395264 2.0833332538604736 2.25 2.1666667461395264 2.125 2.25 2.1666667461395264 2.0416667461395264 2.0416667461395264 2.125 2.2083332538604736 2.0833332538604736 2.0416667461395264 2.0833332538604736 2.0416667461395264 2 2.0833332538604736 2.0416667461395264 2.0416667461395264 2.0416667461395264 2.0416667461395264 2.0416667461395264 2 2 2 2 2 2 2 2 2 2 2 2 2 1.9583333730697632 1.9583333730697632 1.9166666269302368 1.9166666269302368 2 2 2.0833332538604736 2.2916667461395264 2.4166667461395264 2.5 2.5 2.5833332538604736 2.7083332538604736 2.75 2.7083332538604736 2.7083332538604736 2.6666667461395264 2.625 2.6666667461395264
2.0416667461395264 2.4166667461395264 2.5833332538604736 2.5833332538604736 2.5833332538604736 2.5416667461395264 2.5416667461395264 2.625 2.75 2.75 2.75 2.7083332538604736 2.6666667461395264 2.6666667461395264 2.7083332538604736 2.75 2.7083332538604736 2.7083332538604736 2.7083332538604736 2.6666667461395264 2.625 1.7916666269302368 1.6875 2.1875 2.125 2.25 2.25 2.3125 2.3125 2.125 2.125 2.3125 2.25 2.1875 2.375 2.3125 2.125 2.125 2.0625 2 2 2.125 2.1875 2.125 2.0625 2.0625 2.0625 2 2.0625 2.125 2.0625 2.0625 2.0625 2 2 2 2.0625 2.0625 2 2 1.9375 2.125 2.125 1.9375 2 2 2.1875 2.3125 2.25 2.375 2.625 2.6875 2.6875 2.75 2.6875 2.6875 2.75 2.75 2.75
2.0625 2.25 2.625 2.8125 2.75 2.75 2.75 2.75 2.75 2.75 2.75 2.75 2.75 2.6875 2.6875 2.6875 2.6875 2.75 2.75 2.75 2.75 2.375 1.875 1.7916666269302368 2 2.375 2.5833332538604736 2.375 2.0833332538604736 2 2.125 2.2916667461395264 2.2916667461395264 2.2916667461395264 2.2916667461395264 2.1666667461395264 2.2083332538604736 2.2083332538604736 2.0833332538604736 2.0416667461395264 2 2.0833332538604736 2.1666667461395264 2.125 2.0833332538604736 2.1666667461395264 2.1666667461395264 2.0833332538604736 2.2083332538604736 2.2916667461395264 2.2083332538604736 2.25 2.2916667461395264 2.25 2.25 2.125 2.0416667461395264 2.0416667461395264 2 1.9583333730697632 1.9583333730697632 2.375 2.5416667461395264 2.375 2.2083332538604736 2.0416667461395264 2.2083332538604736 2.2083332538604736 2.0833332538604736 2.4166667461395264 2.7083332538604736 2.5 2.5 2.6666667461395264 2.7083332538604736 2.7083332538604736 2.7083332538604736 2.75 2.75
2.25 2.125 2.5416667461395264 2.7916667461395264 2.75 2.75 2.75 2.75 2.75 2.75 2.75 2.75 2.75 2.75 2.6666667461395264 2.4583332538604736 2.5 2.7083332538604736 2.75 2.75 2.75 2.75 2.375 1.8125 1.625 2 2.375 2.125 1.9375 2.0625 2.125 2.1875 2.1875 2.1875 2.1875 2.125 2.3125 2.3125 2.0625 2 2 2.0625 2.0625 2.125 2.25 2.25 2.25 2.3125 2.4375 2.4375 2.4375 2.5 2.5 2.375 2.25 2.0625 1.9375 2 1.9375 1.8125 2 2.5 2.75 2.625 2.4375 2.4375 2.625 2.5625 2.375 2.4375 2.625 2.5625 2.5 2.5625 2.5625 2.6875 2.75 2.75 2.75
2.5625 2.5 2.625 2.6875 2.6875 2.6875 2.75 2.75 2.75 2.75 2.75 2.75 2.75 2.75 2.5625 2.4375 2.5 2.625 2.625 2.5625 2.6666667461395264 2.7083332538604736 2.625 2.5416667461395264 2.3333332538604736 1.75 1.4166666269302368 1.8333333730697632 2.1666667461395264 2.1666667461395264 2.3333332538604736 2.375 2.2916667461395264 2.2916667461395264 2.3333332538604736 2.25 2.2083332538604736 2.25 2.25 2.125 2 2.0833332538604736 2.1666667461395264 2.125 2.1666667461395264 2.3333332538604736 2.4583332538604736 2.5416667461395264 2.5416667461395264 2.5416667461395264 2.5416667461395264 2.4166667461395264 2.2916667461395264 2.0833332538604736 1.9166666269302368 1.9166666269302368 1.9583333730697632 2 1.9583333730697632 1.875 2.0416667461395264 2.4583332538604736 2.625 2.5833332538604736 2.6666667461395264 2.5833332538604736 2.4583332538604736 2.5416667461395264 2.5833332538604736 2.375 2.3333332538604736 2.5833332538604736 2.7083332538604736 2.7083332538604736 2.625 2.6666667461395264 2.75 2.75 2.75
2.7083332538604736 2.7083332538604736 2.75 2.75 2.6666667461395264 2.6666667461395264 2.75 2.75 2.75 2.75 2.75 2.75 2.75 2.7083332538604736 2.5416667461395264 2.4583332538604736 2.5 2.4166667461395264 2.4583332538604736 2.625 2.6666667461395264 2.75 2.75 2.75 2.6875 1.9375 1.25 1.9375 2.4375 2.1875 2.25 2.375 2.375 2.4375 2.375 2.3125 2.1875 2.1875 2.375 2.3125 2.25 2.1875 2.1875 2.1875 2.25 2.5 2.5625 2.5625 2.4375 2.5 2.4375 2.0625 1.9375 2.0625 2.25 2.25 2.1875 2.0625 2.0625 2.0625 2.1875 2.5625 2.75 2.75 2.75 2.5625 2.375 2.25 2.125 2.0625 2.25 2.625 2.75 2.75 2.75 2.75 2.75 2.75 2.75
2.5 2.375 2.625 2.75 2.625 2.625 2.625 2.6875 2.6875 2.625 2.5625 2.5 2.75 2.6875 2.625 2.6875 2.75 2.5625 2.5 2.7083332538604736 2.75 2.75 2.75 2.75 2.5833332538604736 2.4166667461395264 1.9166666269302368 2.0833332538604736 2.2916667461395264 2.2083332538604736 2.1666667461395264 2.25 2.2916667461395264 2.5 2.5416667461395264 2.5833332538604736 2.4583332538604736 2.2916667461395264 2.3333332538604736 2.375 2.5 2.375 2.2916667461395264 2.3333332538604736 2.2916667461395264 2.375 2.5416667461395264 2.5833332538604736 2.5416667461395264 2.4583332538604736 2.1666667461395264 1.9583333730697632 2.2083332538604736 2.5 2.5833332538604736 2.5 2.4583332538604736 2.375 2.2083332538604736 2.125 2.25 2.5 2.6666667461395264 2.75 2.7083332538604736 2.6666667461395264 2.5 2.375 2.4166667461395264 2.4166667461395264 2.5833332538604736 2.75 2.75 2.75 2.75 2.75 2.75 2.75 2.7083332538604736
2.5416667461395264 2.2083332538604736 2.25 2.5 2.4583332538604736 2.625 2.5416667461395264 2.4583332538604736 2.5416667461395264 2.5416667461395264 2.5833332538604736 2.5833332538604736 2.6666667461395264 2.75 2.75 2.7916667461395264 2.7916667461395264 2.75 2.625 2.5833332538604736 2.6875 2.75 2.75 2.75 2.375 2 2.375 2.125 2.0625 2.4375 2.1875 2.25 2.4375 2.5625 2.6875 2.75 2.625 2.375 2.375 2.5 2.75 2.625 2.5 2.5625 2.4375 2.3125 2.375 2.3125 2.3125 2.1875 2 2.0625 2.5 2.875 2.625 2.5625 2.625 2.625 2.3125 2.125 2.25 2.375 2.5625 2.75 2.625 2.4375 2.375 2.375 2.75 2.6875 2.6875 2.75 2.75 2.75 2.75 2.75 2.75 2.6875 2.5625
2.75 2.5 2.5 2.75 2.75 2.75 2.75 2.75 2.75 2.75 2.75 2.75 2.75 2.75 2.6875 2.625 2.6875 2.625 2.375 2.2916667461395264 2.2916667461395264 2.4583332538604736 2.625 2.75 2.5833332538604736 2.4166667461395264 2.5833332538604736 2.3333332538604736 2.1666667461395264 2.4583332538604736 2.4166667461395264 2.375 2.4166667461395264 2.4583332538604736 2.5416667461395264 2.5833332538604736 2.5833332538604736 2.4166667461395264 2.3333332538604736 2.4166667461395264 2.5416667461395264 2.5833332538604736 2.5 2.4166667461395264 2.2083332538604736 2.0833332538604736 2.0833332538604736 2.125 2.1666667461395264 2.2083332538604736 2.4166667461395264 2.4583332538604736 2.5833332538604736 2.8333332538604736 2.7916667461395264 2.75 2.75 2.7083332538604736 2.4583332538604736 2.25 2.4166667461395264 2.625 2.7083332538604736 2.75 2.7083332538604736 2.625 2.6666667461395264 2.75 2.75 2.75 2.75 2.75 2.75 2.75 2.75 2.75 2.75 2.7083332538604736 2.6666667461395264
2.5833332538604736 2.5 2.625 2.75 2.75 2.75 2.75 2.75 2.75 2.7083332538604736 2.6666667461395264 2.6666667461395264 2.7083332538604736 2.75 2.7083332538604736 2.6666667461395264 2.7083332538604736 2.6666667461395264 2.5833332538604736 2.375 2.3125 2.375 2.5625 2.75 2.75 2.75 2.75 2.75 2.4375 2.0625 2.1875 2.375 2.4375 2.5625 2.5625 2.5 2.5 2.375 2.3125 2.375 2.5 2.5625 2.4375 2.375 2.1875 2 2.0625 2.3125 2.5625 2.625 2.625 2.625 2.6875 2.75 2.75 2.75 2.75 2.75 2.6875 2.5 2.4375 2.625 2.75 2.75 2.75 2.75 2.75 2.75 2.75 2.75 2.75 2.75 2.75 2.6875 2.6875 2.75 2.75 2.75 2.75
2.5 2.5625 2.75 2.75 2.75 2.75 2.75 2.75 2.75 2.6875 2.625 2.625 2.6875 2.6875 2.6875 2.75 2.75 2.75 2.75 2.7083332538604736 2.7083332538604736 2.7083332538604736 2.7083332538604736 2.5833332538604736 2.5833332538604736 2.75 2.75 2.75 2.6666667461395264 2.0416667461395264 2.0416667461395264 2.5833332538604736 2.5833332538604736 2.5833332538604736 2.625 2.6666667461395264 2.625 2.5833332538604736 2.5 2.4166667461395264 2.5833332538604736 2.7083332538604736 2.625 2.5416667461395264 2.25 2.0416667461395264 2.0833332538604736 2.2916667461395264 2.5 2.5416667461395264 2.625 2.7083332538604736 2.75 2.75 2.75 2.75 2.75 2.75 2.75 2.7083332538604736 2.6666667461395264 2.7083332538604736 2.75 2.75 2.75 2.75 2.7916667461395264 2.8333332538604736 2.7916667461395264 2.75 2.75 2.75 2.7083332538604736 2.625 2.6666667461395264 2.75 2.75 2.75 2.75
2.7083332538604736 2.7083332538604736 2.75 2.75 2.75 2.75 2.75 2.75 2.75 2.75 2.75 2.75 2.7083332538604736 2.625 2.6666667461395264 2.75 2.7083332538604736 2.6666667461395264 2.6666667461395264 2.625 2.6875 2.75 2.75 2.75 2.75 2.75 2.75 2.6875 2.625 2.0625 2 2.4375 2.25 2.1875 2.3125 2.375 2.4375 2.625 2.5 2.25 2.3125 2.3125 2.25 2.1875 2.0625 2.1875 2.25 2.25 2.5 2.6875 2.75 2.75 2.75 2.75 2.75 2.75 2.75 2.75 2.75 2.75 2.75 2.75 2.75 2.75 2.75 2.75 2.75 2.75 2.6875 2.6875 2.75 2.75 2.75 2.75 2.75 2.75 2.75 2.75 2.75
2.75 2.75 2.75 2.75 2.75 2.75 2.75 2.75 2.75 2.75 2.625 2.5 2.5 2.5625 2.6875 2.75 2.6875 2.625 2.6666667461395264 2.6666667461395264 2.7083332538604736 2.75 2.75 2.75 2.75 2.75 2.75 2.7083332538604736 2.7083332538604736 2.5416667461395264 2.0416667461395264 1.9166666269302368 2.0416667461395264 2.0416667461395264 2.1666667461395264 2.1666667461395264 2.0833332538604736 2.25 2.375 2.3333332538604736 2.25 2.2083332538604736 2.1666667461395264 2 2 2.2083332538604736 2.375 2.5 2.6666667461395264 2.75 2.75 2.75 2.75 2.75 2.75 2.75 2.75 2.75 2.75 2.75 2.75 2.7083332538604736 2.7083332538604736 2.75 2.75 2.75 2.75 2.75 2.7083332538604736 2.7083332538604736 2.75 2.75 2.75 2.75 2.6666667461395264 2.6666667461395264 2.75 2.75 2.75
2.7916667461395264 2.75 2.75 2.75 2.7083332538604736 2.7083332538604736 2.75 2.7083332538604736 2.7083332538604736 2.75 2.75 2.4166667461395264 2.5416667461395264 2.7083332538604736 2.7083332538604736 2.7083332538604736 2.75 2.75 2.75 2.75 2.75 2.75 2.75 2.75 2.75 2.75 2.75 2.75 2.75 2.75 2.125 1.75 2.0625 2.1875 2.4375 2.5625 2.4375 2.375 2.4375 2.5 2.5 2.5625 2.5 2.375 2.4375 2.5 2.625 2.75 2.75 2.75 2.75 2.75 2.75 2.75 2.75 2.75 2.75 2.75 2.75 2.75 2.8125 2.75 2.6875 2.75 2.75 2.75 2.75 2.75 2.75 2.75 2.75 2.75 2.75 2.75 2.6875 2.6875 2.75 2.75 2.6875
2.8125 2.75 2.75 2.75 2.75 2.75 2.75 2.6875 2.6875 2.75 2.75 2.75 2.75 2.6875 2.5 2.5625 2.75 2.75 2.75 2.75 2.75 2.75 2.75 2.75 2.75 2.75 2.75 2.75 2.7083332538604736 2.625 2.2916667461395264 1.6666666269302368 1.5 2.125 2.625 2.7083332538604736 2.75 2.6666667461395264 2.5833332538604736 2.5 2.5833332538604736 2.6666667461395264 2.6666667461395264 2.7083332538604736 2.75 2.75 2.75 2.75 2.75 2.75 2.75 2.75 2.75 2.75 2.75 2.75 2.75 2.75 2.7083332538604736 2.7083332538604736 2.7916667461395264 2.7916667461395264 2.75 2.75 2.75 2.75 2.75 2.75 2.75 2.75 2.75 2.75 2.75 2.75 2.75 2.75 2.75 2.75 2.7083332538604736
2.75 2.75 2.75 2.75 2.7083332538604736 2.7083332538604736 2.75 2.75 2.75 2.7083332538604736 2.6666667461395264 2.625 2.6666667461395264 2.7083332538604736 2.625 2.6666667461395264 2.75 2.75 2.75 2.75 2.75 2.75 2.75 2.75 2.75 2.75 2.6875 2.625 2.5625 2.3125 2.125 1.6875 1.25 1.5 2.25 2.6875 2.6875 2.75 2.75 2.75 2.75 2.75 2.75 2.75 2.75 2.75 2.75 2.75 2.75 2.75 2.75 2.75 2.75 2.75 2.875 2.875 2.8125 2.75 2.625 2.6875 2.75 2.75 2.75 2.75 2.75 2.6875 2.625 2.75 2.75 2.75 2.75 2.75 2.75 2.75 2.75 2.75 2.75 2.75 2.75
2.75 2.75 2.75 2.75 2.75 2.75 2.75 2.75 2.75 2.6875 2.625 2.5625 2.5625 2.6875 2.75 2.75 2.75 2.75 2.75 2.75 2.75 2.75 2.75 2.7916667461395264 2.8333332538604736 2.7916667461395264 2.5833332538604736 2.4166667461395264 2.375 2.4166667461395264 2.5416667461395264 2.2083332538604736 1.7916666269302368 1.2916666269302368 1.7916666269302368 2.625 2.625 2.75 2.75 2.75 2.75 2.75 2.75 2.75 2.75 2.7916667461395264 2.7916667461395264 2.75 2.75 2.75 2.75 2.7916667461395264 2.8333332538604736 2.75 2.7916667461395264 2.75 2.7083332538604736 2.7916667461395264 2.75 2.75 2.75 2.75 2.75 2.75 2.75 2.7083332538604736 2.6666667461395264 2.7083332538604736 2.75 2.75 2.75 2.75 2.75 2.75 2.75 2.6666667461395264 2.625 2.7083332538604736 2.7083332538604736
2.75 2.75 2.75 2.75 2.75 2.75 2.7083332538604736 2.7083332538604736 2.75 2.7083332538604736 2.6666667461395264 2.7083332538604736 2.6666667461395264 2.625 2.6666667461395264 2.7083332538604736 2.75 2.75 2.75 2.75 2.75 2.75 2.75 2.8125 2.875 2.8125 2.5 2.3125 2.3125 2.5 2.75 2.75 2.125 1.4375 1.5625 2.25 2.75 2.75 2.75 2.75 2.75 2.75 2.75 2.75 2.75 2.8125 2.8125 2.75 2.75 2.75 2.75 2.8125 2.875 2.8125 2.8125 2.8125 2.75 2.75 2.75 2.75 2.75 2.75 2.75 2.6875 2.6875 2.75 2.75 2.75 2.75 2.75 2.75 2.75 2.75 2.75 2.75 2.75 2.5625 2.5625 2.75
2.25 2.75 2.75 2.75 2.75 2.75 2.75 2.75 2.75 2.75 2.75 2.75 2.75 2.6875 2.625 2.6875 2.7083332538604736 2.7083332538604736 2.75 2.75 2.75 2.75 2.75 2.6666667461395264 2.5833332538604736 2.5416667461395264 2.375 2.25 2.2916667461395264 2.5416667461395264 2.75 2.75 2.125 1.8333333730697632 1.5 1.7916666269302368 2.75 2.7916667461395264 2.8333332538604736 2.7916667461395264 2.75 2.75 2.75 2.75 2.75 2.7916667461395264 2.7916667461395264 2.75 2.75 2.75 2.7916667461395264 2.75 2.6666667461395264 2.75 2.9166667461395264 2.9166667461395264 2.7916667461395264 2.75 2.75 2.75 2.75 2.75 2.75 2.6666667461395264 2.6666667461395264 2.75 2.75 2.75 2.75 2.75 2.75 2.75 2.75 2.75 2.7083332538604736 2.5833332538604736 2.4583332538604736 2.4583332538604736 2.375
