SimulationData/Scenarios/Alblasserwaard/Flooding/Gorinchem/7200.asc
ncols        410
nrows        139
xllcorner    4.624486754327
yllcorner    51.814562674375
cellsize     0.001350341696
NODATA_value  -1
[rows 68 to 101 of 139, columns 234 to 311 of 410]
3.0625 3.0625 3.25 3.0625 2.875 2.9375 2.9375 2.75 2.4375 2.3125 2.4375 1.75 2.0625 3.125 3.1875 3.25 3.1875 3.1875 3.25 2.875 2.4375 2.375 2.5625 2.875 2.6875 2.4375 2.5625 2.375 2.375 2.5833332538604736 1.75 1.5416666269302368 2.1666667461395264 2.5 2.5416667461395264 2.8333332538604736 2.9166667461395264 2.7083332538604736 2.75 3 3.1666667461395264 -1 -1 -1 -1 -1 -1 -1 -1 -1 -1 -1 -1 -1 -1 -1 -1 -1 -1 -1 -1 -1 -1 -1 -1 -1 -1 -1 -1 -1 -1 -1 -1 -1 -1 -1 -1 -1
2.9583332538604736 3 2.9166667461395264 2.7083332538604736 2.6666667461395264 2.75 2.625 2.4166667461395264 2.125 1.875 1.9166666269302368 2.0833332538604736 2.75 3.2083332538604736 3.2083332538604736 3.2083332538604736 3.125 3 2.9166667461395264 2.7083332538604736 2.5 2.5416667461395264 2.6666667461395264 2.7083332538604736 2.625 2.4166667461395264 2.25 2.2916667461395264 2.3333332538604736 2.375 1.6666666269302368 1.8125 2.75 2.9375 3.125 3.0625 2.75 2.625 2.8125 3 3.125 -1 -1 -1 -1 -1 -1 -1 -1 -1 -1 -1 -1 -1 -1 -1 -1 -1 -1 -1 -1 -1 -1 -1 -1 -1 -1 -1 -1 -1 -1 -1 -1 -1 -1 -1 -1 -1
2.625 2.75 2.5625 2.875 3.375 3.0625 2.1875 1.6875 1.875 2.4375 2.75 2.625 2.75 2.875 3.0625 3.25 3.1875 2.8125 2.5 2.5 2.4375 2.375 2.4375 2.6875 2.6875 2.5625 2.6875 2.75 2.7916667461395264 2.375 1.7083333730697632 2.1666667461395264 2.9166667461395264 3 2.9166667461395264 2.7083332538604736 2.6666667461395264 2.7916667461395264 3 2.8333332538604736 2.5833332538604736 -1 -1 -1 -1 -1 -1 -1 -1 -1 -1 -1 -1 -1 -1 -1 -1 -1 -1 -1 -1 -1 -1 -1 -1 -1 -1 -1 -1 -1 -1 -1 -1 -1 -1 -1 -1 -1
2 1.8333333730697632 2.0416667461395264 2.2916667461395264 2.5833332538604736 2.375 2.25 2.3333332538604736 2.6666667461395264 3 2.9166667461395264 2.7916667461395264 2.8333332538604736 2.875 3 3.0833332538604736 3 2.8333332538604736 2.6666667461395264 2.5833332538604736 2.4583332538604736 2.4583332538604736 2.7083332538604736 3.0833332538604736 2.9583332538604736 2.7916667461395264 3 3.0416667461395264 2.9583332538604736 2.1666667461395264 1.625 2.5 2.5 2.625 2.625 2.5 2.6875 2.875 2.8125 2.1875 1.625 -1 -1 -1 -1 -1 -1 -1 -1 -1 -1 -1 -1 -1 -1 -1 -1 -1 -1 -1 -1 -1 -1 -1 -1 -1 -1 -1 -1 -1 -1 -1 -1 -1 -1 -1 -1 -1
1.625 2.125 2.6875 2.8125 3.125 3.1875 3.25 3.25 3.25 3.125 2.875 2.875 3.0625 2.9375 2.8125 2.875 2.875 2.9375 3 2.875 2.8125 2.9375 3.125 3.25 2.9375 2.6875 2.8125 2.7916667461395264 2.6666667461395264 1.6666666269302368 1.625 2.5 2.5 2.5 2.5416667461395264 2.5833332538604736 2.5833332538604736 2.6666667461395264 2.7083332538604736 1.875 1.0833333730697632 -1 -1 -1 -1 -1 -1 -1 -1 -1 -1 -1 -1 -1 -1 -1 -1 -1 -1 -1 -1 -1 -1 -1 -1 -1 -1 -1 -1 -1 -1 -1 -1 -1 -1 -1 -1 -1
1.6666666269302368 2.2916667461395264 2.5833332538604736 3.0416667461395264 3.25 3.25 3.2083332538604736 3.125 3.0416667461395264 2.9583332538604736 2.875 2.9583332538604736 3.1666667461395264 3.125 3 2.9166667461395264 2.875 2.9583332538604736 3 3.0833332538604736 3.2083332538604736 3.25 3.25 3.25 3.0833332538604736 2.8333332538604736 2.7916667461395264 2.75 2.2000000476837158 1.4249999523162842 2 2.5 2.5 2.5 2.5 2.5 2.5 2.5625 2.75 2 1.125 -1 -1 -1 -1 -1 -1 -1 -1 -1 -1 -1 -1 -1 -1 -1 -1 -1 -1 -1 -1 -1 -1 -1 -1 -1 -1 -1 -1 -1 -1 -1 -1 -1 -1 -1 -1 -1
1.625 1.625 1.9375 2.25 2.375 2.375 2.4375 2.4375 2.5 2.8125 3.0625 3.125 3.1875 3.25 3.25 3.125 3.0625 3.1875 3.25 3.25 3.25 3.25 3.25 3.25 3.0625 2.875 2.7083332538604736 2.5625 0.82499998807907104 1.2583333253860474 2.3333332538604736 2.4583332538604736 2.5 2.625 2.7083332538604736 2.5833332538604736 2.5833332538604736 2.7916667461395264 2.9583332538604736 2.25 1.5 -1 -1 -1 -1 -1 -1 -1 -1 -1 -1 -1 -1 -1 -1 -1 -1 -1 -1 -1 -1 -1 -1 -1 -1 -1 -1 -1 -1 -1 -1 -1 -1 -1 -1 -1 -1 -1
2.8333332538604736 2.8333332538604736 2.7083332538604736 2.5833332538604736 2.625 2.6666667461395264 2.7083332538604736 2.75 2.5 2.5416667461395264 2.8333332538604736 2.8333332538604736 2.7916667461395264 2.8333332538604736 3.0416667461395264 3.2083332538604736 3.25 3.25 3.25 3.25 3.25 3.25 3.25 3.25 2.9583332538604736 2.8333332538604736 2.5833332538604736 2.1875 1.4500000476837158 1.6499999761581421 2.5 2.75 2.75 2.8125 2.875 2.875 2.9375 3.0625 3.1875 2.8125 2.375 -1 -1 -1 -1 -1 -1 -1 -1 -1 -1 -1 -1 -1 -1 -1 -1 -1 -1 -1 -1 -1 -1 -1 -1 -1 -1 -1 -1 -1 -1 -1 -1 -1 -1 -1 -1 -1
3.25 3.25 3.25 3.25 3.25 3.25 3.25 3.25 2.9375 2.9375 3.25 3.25 3.1875 2.9375 2.6875 2.6875 2.75 2.75 2.75 2.75 2.75 3 3.25 3.25 3 2.6666667461395264 2.25 1.6000000238418579 2.1500000953674316 2.6666667461395264 2.9166667461395264 3.1666667461395264 3.0833332538604736 3.1666667461395264 3.25 3.1666667461395264 3.1666667461395264 3.25 3.25 2.9583332538604736 2.6666667461395264 -1 -1 -1 -1 -1 -1 -1 -1 -1 -1 -1 -1 -1 -1 -1 -1 -1 -1 -1 -1 -1 -1 -1 -1 -1 -1 -1 -1 -1 -1 -1 -1 -1 -1 -1 -1 -1
3.25 3.25 3.25 3.25 3.25 3.25 3.25 3.25 3.25 3.25 3.25 3.25 3.25 3.25 3.0833332538604736 2.9166667461395264 2.9166667461395264 2.9166667461395264 2.9166667461395264 2.9166667461395264 2.9166667461395264 2.875 2.7916667461395264 2.75 2.6666667461395264 2.5416667461395264 2.25 1.5 2.3333332538604736 3.0625 3.0625 3.125 3.0625 3.125 3.125 3.0625 3.1875 3.25 3.25 3 2.75 -1 -1 -1 -1 -1 -1 -1 -1 -1 -1 -1 -1 -1 -1 -1 -1 -1 -1 -1 -1 -1 -1 -1 -1 -1 -1 -1 -1 -1 -1 -1 -1 -1 -1 -1 -1 -1
3.25 3.25 3.25 3.25 3.25 3.25 3.25 3.25 3.25 3.25 3.25 3.25 3.25 3.25 3.25 3.25 3.25 3.25 3.25 3.25 3.25 3.25 3.25 3.1875 2.9375 2.8333332538604736 2.0999999046325684 1.75 2.7083332538604736 3.1666667461395264 3.1666667461395264 3.1666667461395264 2.9583332538604736 2.875 2.9166667461395264 2.9583332538604736 3.0833332538604736 3.1666667461395264 3.125 2.7083332538604736 2.4166667461395264 -1 -1 -1 -1 -1 -1 -1 -1 -1 -1 -1 -1 -1 -1 -1 -1 -1 -1 -1 -1 -1 -1 -1 -1 -1 -1 -1 -1 -1 -1 -1 -1 -1 -1 -1 -1 -1
3.25 3.25 3.25 3.25 3.25 3.25 3.25 3.25 3.2083332538604736 3.2083332538604736 3.25 3.25 3.25 3.25 3.25 3.25 3.25 3.25 3.25 3.25 3.1666667461395264 3 3.0416667461395264 2.9166667461395264 2.7916667461395264 3 2.125 2.0625 3.1875 3.1875 3 2.875 2.75 2.625 2.625 2.75 2.875 3 3.1875 2.9375 2.625 -1 -1 -1 -1 -1 -1 -1 -1 -1 -1 -1 -1 -1 -1 -1 -1 -1 -1 -1 -1 -1 -1 -1 -1 -1 -1 -1 -1 -1 -1 -1 -1 -1 -1 -1 -1 -1
3.25 3.25 3.25 3.25 3.25 3.25 3.25 3.25 3.1875 3.1875 3.25 3.25 3.25 3.25 3.25 3.25 3.25 3.25 3.25 3.25 3.125 3 2.9375 2.8125 2.9583332538604736 2.75 2 2.375 3.125 3.125 3.0416667461395264 2.9166667461395264 2.7916667461395264 2.6666667461395264 2.7083332538604736 2.75 2.75 2.7083332538604736 2.9166667461395264 2.8333332538604736 2.5 -1 -1 -1 -1 -1 -1 -1 -1 -1 -1 -1 -1 -1 -1 -1 -1 -1 -1 -1 -1 -1 -1 -1 -1 -1 -1 -1 -1 -1 -1 -1 -1 -1 -1 -1 -1 -1
3.25 3.25 3.25 3.25 3.25 3.25 3.25 3.25 3.25 3.25 3.25 3.25 3.25 3.25 3.25 3.25 3.25 3.25 3.25 3.25 3.2916667461395264 3.2916667461395264 3.1666667461395264 3 3 1.9375 1.875 3 3.0625 3.125 3.0625 2.875 2.875 2.8125 2.6875 2.625 2.5625 2.5625 2.9375 2.9375 2.625 -1 -1 -1 -1 -1 -1 -1 -1 -1 -1 -1 -1 -1 -1 -1 -1 -1 -1 -1 -1 -1 -1 -1 -1 -1 -1 -1 -1 -1 -1 -1 -1 -1 -1 -1 -1 -1
3.25 3.25 3.25 3.25 3.25 3.1875 3.1875 3.25 3.25 3.25 3.25 3.25 3.25 3.25 3.25 3.25 3.25 3.25 3.25 3.25 3.25 3.25 3.25 3.0416667461395264 3 2 2 2.9583332538604736 3 3.125 2.9583332538604736 2.75 2.7916667461395264 2.75 2.5833332538604736 2.5 2.5833332538604736 2.625 2.25 2 1.5499999523162842 0.40000000596046448 -1 -1 -1 -1 -1 -1 -1 -1 -1 -1 -1 -1 -1 -1 -1 -1 -1 -1 -1 -1 -1 -1 -1 -1 -1 -1 -1 -1 -1 -1 -1 -1 -1 -1 -1 -1
3.25 3.2916667461395264 3.3333332538604736 3.2916667461395264 3.25 3.2083332538604736 3.2083332538604736 3.25 3.25 3.25 3.25 3.25 3.25 3.25 3.25 3.25 3.25 3.25 3.25 3.25 3.25 3.25 3.125 3.0833332538604736 2.625 2.0625 2.6875 3.0625 3 3.0625 2.9375 2.875 2.8125 2.6875 2.5625 2.5 2.5 2.625 2.375 2.125 1.6333333253860474 0.40000000596046448 -1 -1 -1 -1 -1 -1 -1 -1 -1 -1 -1 -1 -1 -1 -1 -1 -1 -1 -1 -1 -1 -1 -1 -1 -1 -1 -1 -1 -1 -1 -1 -1 -1 -1 -1 -1
3.25 3.3125 3.375 3.3125 3.25 3.25 3.25 3.25 3.25 3.25 3.25 3.25 3.25 3.25 3.25 3.25 3.25 3.25 3.25 3.25 3.25 3.25 2.7083332538604736 2.375 2.2916667461395264 2.6666667461395264 3.125 3.0833332538604736 3.0416667461395264 2.9583332538604736 2.9166667461395264 3 2.875 2.625 2.4166667461395264 2.375 2.3333332538604736 2.375 2.5833332538604736 2.625 2.6500000953674316 2.625 2.5 -1 -1 -1 -1 -1 -1 -1 -1 -1 -1 -1 -1 -1 -1 -1 -1 -1 -1 -1 -1 -1 -1 -1 -1 -1 -1 -1 -1 -1 -1 -1 -1 -1 -1 -1
2.5833332538604736 3 3.25 3.2916667461395264 3.2916667461395264 3.0833332538604736 2.9166667461395264 2.9166667461395264 3.0833332538604736 3.25 3.2916667461395264 3.2916667461395264 3.0833332538604736 3.0833332538604736 3.25 3.25 3.25 3.2083332538604736 3.2083332538604736 3.25 3.1666667461395264 2.9583332538604736 2.2916667461395264 1.625 2.75 3.25 3.0625 3.0625 3.125 2.9375 2.875 2.875 2.8125 2.5 2.375 2.5625 2.4375 2.375 2.6875 2.8125 2.9375 3.1875 3.25 -1 -1 -1 -1 -1 -1 -1 -1 -1 -1 -1 -1 -1 -1 -1 -1 -1 -1 -1 -1 -1 -1 -1 -1 -1 -1 -1 -1 -1 -1 -1 -1 -1 -1 -1
0.86250001192092896 1.4249999523162842 1.875 2.625 3.3125 3 2.75 2.5625 2.8125 3.25 3.3125 3.3125 3.1875 3.125 3.0625 2.9375 2.875 2.875 3.0625 3.125 2.9375 3 2 1.875 3 3.125 2.7916667461395264 2.7083332538604736 2.75 2.625 2.5833332538604736 2.5833332538604736 2.5416667461395264 2.5833332538604736 2.75 2.75 2.5416667461395264 2.5833332538604736 2.7916667461395264 2.7916667461395264 2.9583332538604736 3.25 3.3333332538604736 -1 -1 -1 -1 -1 -1 -1 -1 -1 -1 -1 -1 -1 -1 -1 -1 -1 -1 -1 -1 -1 -1 -1 -1 -1 -1 -1 -1 -1 -1 -1 -1 -1 -1 -1
1.9500000476837158 1.4916666746139526 1.1666666269302368 1.3500000238418579 1.9333332777023315 2.5 2.625 2.4583332538604736 2.4583332538604736 2.9166667461395264 3.3333332538604736 3.3333332538604736 3.2083332538604736 3.0833332538604736 2.875 2.7083332538604736 2.6666667461395264 2.75 3 3.125 3.125 2.7916667461395264 1.875 2.4375 3.1875 2.875 2.75 2.8125 2.625 2.5 2.5 2.5625 2.8125 3.0625 3 2.8125 2.625 2.625 2.75 2.8125 3 3.0625 3 -1 -1 -1 -1 -1 -1 -1 -1 -1 -1 -1 -1 -1 -1 -1 -1 -1 -1 -1 -1 -1 -1 -1 -1 -1 -1 -1 -1 -1 -1 -1 -1 -1 -1 -1
2.6875 2.4375 2.375 2.125 2.4375 3.1875 3.3125 3.25 3.25 3.25 3.1875 3.125 2.9375 2.6875 2.6875 2.6875 2.625 2.625 2.6875 2.75 2.9166667461395264 1.9583333730697632 1.8333333730697632 2.7916667461395264 2.9166667461395264 2.8333332538604736 2.7916667461395264 2.7083332538604736 2.5416667461395264 2.625 2.75 2.7916667461395264 2.8333332538604736 2.8333332538604736 2.7916667461395264 2.625 2.5833332538604736 2.7916667461395264 2.875 2.9583332538604736 3.0999999046325684 3 2.75 -1 -1 -1 -1 -1 -1 -1 -1 -1 -1 -1 -1 -1 -1 -1 -1 -1 -1 -1 -1 -1 -1 -1 -1 -1 -1 -1 -1 -1 -1 -1 -1 -1 -1 -1
2.9583332538604736 2.625 2.5 2.4583332538604736 2.5 2.7083332538604736 3.0416667461395264 3.125 3 3.0416667461395264 3.0416667461395264 3 2.8333332538604736 2.7083332538604736 2.625 2.5833332538604736 2.6666667461395264 2.75 2.875 2.9166667461395264 2.875 2 2 2.9375 2.9375 2.875 2.6875 2.625 2.5625 2.5625 2.625 2.8125 2.875 2.8125 2.9375 2.75 2.5625 2.8125 3.0625 3.1875 3.25 -1 -1 -1 -1 -1 -1 -1 -1 -1 -1 -1 -1 -1 -1 -1 -1 -1 -1 -1 -1 -1 -1 -1 -1 -1 -1 -1 -1 -1 -1 -1 -1 -1 -1 -1 -1 -1
2.8125 2.75 2.75 2.6875 2.3125 2.375 3 2.9375 2.5625 2.5625 2.6875 2.9375 3.0625 2.875 2.625 2.6875 2.875 2.875 2.9375 2.75 2.1666667461395264 1.9583333730697632 2.6666667461395264 2.8333332538604736 2.8333332538604736 2.9583332538604736 2.7916667461395264 2.75 2.625 2.625 2.75 2.9166667461395264 2.9166667461395264 2.9166667461395264 2.9583332538604736 2.6666667461395264 2.625 2.8333332538604736 3.0833332538604736 3.0999999046325684 2.875 -1 -1 -1 -1 -1 -1 -1 -1 -1 -1 -1 -1 -1 -1 -1 -1 -1 -1 -1 -1 -1 -1 -1 -1 -1 -1 -1 -1 -1 -1 -1 -1 -1 -1 -1 -1 -1
2.6666667461395264 2.5 2.5416667461395264 2.7083332538604736 2.7916667461395264 2.7083332538604736 2.7916667461395264 2.9166667461395264 2.8333332538604736 2.6666667461395264 2.5833332538604736 2.625 2.6666667461395264 2.5416667461395264 2.625 2.8333332538604736 2.75 2.75 2.7083332538604736 2.1833333969116211 1.4624999761581421 2.0625 2.6875 2.75 2.75 2.625 2.4375 2.5625 2.5625 2.75 3 3 2.875 2.875 3 2.6875 2.5625 2.75 2.8125 2.875 -1 -1 -1 -1 -1 -1 -1 -1 -1 -1 -1 -1 -1 -1 -1 -1 -1 -1 -1 -1 -1 -1 -1 -1 -1 -1 -1 -1 -1 -1 -1 -1 -1 -1 -1 -1 -1 -1
2.75 2.75 2.6875 2.625 2.625 2.5 2.375 2.5625 2.625 2.5 2.5 2.5 2.5625 2.5 2.6875 3 2.8125 2.5625 2.5833332538604736 1.7666666507720947 1.6000000238418579 2.2083332538604736 1.9083333015441895 2.1583333015441895 2.5 2.4583332538604736 2.4166667461395264 2.4583332538604736 2.5416667461395264 2.625 2.75 2.75 2.75 2.75 2.6666667461395264 2.4583332538604736 2.5416667461395264 2.7916667461395264 2.5 2 -1 -1 -1 -1 -1 -1 -1 -1 -1 -1 -1 -1 -1 -1 -1 -1 -1 -1 -1 -1 -1 -1 -1 -1 -1 -1 -1 -1 -1 -1 -1 -1 -1 -1 -1 -1 -1 -1
3.0833332538604736 3.0833332538604736 2.9166667461395264 2.7916667461395264 2.6666667461395264 2.6666667461395264 2.6666667461395264 2.5416667461395264 2.5416667461395264 2.5416667461395264 2.625 2.6666667461395264 2.6666667461395264 2.5416667461395264 2.5416667461395264 2.6666667461395264 2.5833332538604736 2.5 2.3333332538604736 1.8125 2.3125 2.6875 2.1124999523162842 1.4874999523162842 1.5 1.9375 2.25 2.375 2.5 2.5 2.5 2.5 2.5625 2.5625 2.4375 2.4375 2.75 2.9166667461395264 2.75 -1 -1 -1 -1 -1 -1 -1 -1 -1 -1 -1 -1 -1 -1 -1 -1 -1 -1 -1 -1 -1 -1 -1 -1 -1 -1 -1 -1 -1 -1 -1 -1 -1 -1 -1 -1 -1 -1 -1
3.25 3.25 2.9375 2.8125 2.8125 2.6875 2.5625 2.5 2.5625 2.5625 2.625 2.625 2.5625 2.5 2.625 2.75 2.6875 1.875 1.7916666269302368 2.1666667461395264 2.5 2.6666667461395264 2.875 2.5 2.0833332538604736 2.0833332538604736 2.1666667461395264 2.3333332538604736 2.3333332538604736 2.25 2.375 2.4166667461395264 2.25 2.1666667461395264 2.2083332538604736 2.3333332538604736 2.4166667461395264 2.4166667461395264 -1 -1 -1 -1 -1 -1 -1 -1 -1 -1 -1 -1 -1 -1 -1 -1 -1 -1 -1 -1 -1 -1 -1 -1 -1 -1 -1 -1 -1 -1 -1 -1 -1 -1 -1 -1 -1 -1 -1 -1
3.2083332538604736 3.1666667461395264 3.0416667461395264 2.875 2.7083332538604736 2.75 2.7083332538604736 2.7083332538604736 2.7916667461395264 2.625 2.5833332538604736 2.5416667461395264 2.5 2.5416667461395264 2.6666667461395264 2.75 2.0833332538604736 1.4166666269302368 2 2.4375 2.5 2.5625 2.5625 2.4375 2.375 2.4375 2.4375 2.4375 2.5 2.5 2.4375 2.3125 2.25 2.25 2.25 2.3125 2.375 2.375 2.5 2.5 -1 -1 -1 -1 -1 -1 -1 -1 -1 -1 -1 -1 -1 -1 -1 -1 -1 -1 -1 -1 -1 -1 -1 -1 -1 -1 -1 -1 -1 -1 -1 -1 -1 -1 -1 -1 -1 -1
3.0625 3 3.0625 2.9375 2.6875 2.75 2.5625 2.5625 2.6875 2.5625 2.5625 2.5 2.5 2.5625 2.6875 2.75 1.625 1.5833333730697632 2.25 2.5 2.5416667461395264 2.5 2.4583332538604736 2.4166667461395264 2.375 2.375 2.3333332538604736 2.3333332538604736 2.4583332538604736 2.5 2.4583332538604736 2.375 2.2916667461395264 2.25 2.25 1.9199999570846558 1.8040000200271606 2.25 2.3499999046325684 2.3333332538604736 -1 -1 -1 -1 -1 -1 -1 -1 -1 -1 -1 -1 -1 -1 -1 -1 -1 -1 -1 -1 -1 -1 -1 -1 -1 -1 -1 -1 -1 -1 -1 -1 -1 -1 -1 -1 -1 -1
2.8333332538604736 2.6666667461395264 2.7916667461395264 2.75 2.5416667461395264 2.5833332538604736 2.5833332538604736 2.4583332538604736 2.4583332538604736 2.5 2.5833332538604736 2.625 2.5416667461395264 2.5 2.0833332538604736 1.6666666269302368 1.5 2 2.5625 2.625 2.5625 2.5 2.5 2.5 2.4375 2.3125 2.3125 2.375 2.4375 2.5 2.5 2.5 2.375 2.25 1.7625000476837158 1.2050000429153442 1.4424999952316284 2 2.125 1.6666666269302368 1 -1 -1 -1 -1 -1 -1 -1 -1 -1 -1 -1 -1 -1 -1 -1 -1 -1 -1 -1 -1 -1 -1 -1 -1 -1 -1 -1 -1 -1 -1 -1 -1 -1 -1 -1 -1 -1
2.5 2.5625 2.5625 2.5 2.5 2.5 2.5 2.5625 2.5625 2.5 2.5625 2.6875 2.625 2.5 1.875 1.25 1.75 2.375 2.5416667461395264 2.5416667461395264 2.5 2.5 2.5 2.4166667461395264 2.3333332538604736 2.3333332538604736 2.3333332538604736 2.375 2.375 2.3333332538604736 2.4166667461395264 2.5 2.4583332538604736 2.1666667461395264 1.5916666984558105 1.7583333253860474 2.1666667461395264 2.0833332538604736 1.9583333730697632 1.6666666269302368 1.25 0.875 -1 -1 -1 -1 -1 -1 -1 -1 -1 -1 -1 -1 -1 -1 -1 -1 -1 -1 -1 -1 -1 -1 -1 -1 -1 -1 -1 -1 -1 -1 -1 -1 -1 -1 -1 -1
2.5 2.7083332538604736 2.7083332538604736 2.5 2.5416667461395264 2.5833332538604736 2.5833332538604736 2.625 2.625 2.625 2.5416667461395264 2.5 2.5833332538604736 2.5416667461395264 2.5 1.25 1.9375 2.625 2.625 2.6875 2.6875 2.5 2.375 2.375 2.375 2.375 2.375 2.375 2.375 2.375 2.4375 2.5 2.5 1.75 1.75 2.5625 2.4375 2.375 2 1.5625 1.25 0.5 -1 -1 -1 -1 -1 -1 -1 -1 -1 -1 -1 -1 -1 -1 -1 -1 -1 -1 -1 -1 -1 -1 -1 -1 -1 -1 -1 -1 -1 -1 -1 -1 -1 -1 -1 -1
2.5 2.875 2.875 2.5 2.625 2.6875 2.6875 2.625 2.625 2.6875 2.5 2.4375 2.5625 2.5625 2 1.9166666269302368 2.2083332538604736 2.75 2.875 2.7916667461395264 2.6666667461395264 2.5 2.4166667461395264 2.4583332538604736 2.5 2.4583332538604736 2.4583332538604736 2.4583332538604736 2.4166667461395264 2.4166667461395264 2.4583332538604736 2.4166667461395264 2.375 1.7916666269302368 1.7916666269302368 2.2916667461395264 2 1.8125 1.6875 1.5833333730697632 1.75 -1 -1 -1 -1 -1 -1 -1 -1 -1 -1 -1 -1 -1 -1 -1 -1 -1 -1 -1 -1 -1 -1 -1 -1 -1 -1 -1 -1 -1 -1 -1 -1 -1 -1 -1 -1 -1
2.5833332538604736 2.7083332538604736 2.625 2.5 2.625 2.7083332538604736 2.75 2.625 2.625 2.75 2.7083332538604736 2.5416667461395264 2.1666667461395264 1.875 1.8333333730697632 2.25 2.8125 2.8125 2.875 2.625 2.4375 2.4375 2.5 2.5 2.5 2.4375 2.4375 2.5 2.5 2.5 2.5 2.4375 2.0625 1.75 1.875 1.75 1.25 -1 -1 -1 -1 -1 -1 -1 -1 -1 -1 -1 -1 -1 -1 -1 -1 -1 -1 -1 -1 -1 -1 -1 -1 -1 -1 -1 -1 -1 -1 -1 -1 -1 -1 -1 -1 -1 -1 -1 -1 -1
