SimulationData/Scenarios/Alblasserwaard/Flooding/Gorinchem/7200.asc
ncols        410
nrows        139
xllcorner    4.624486754327
yllcorner    51.814562674375
cellsize     0.001350341696
NODATA_value  -1
[rows 102 to 135 of 139, columns 156 to 233 of 410]
3.25 3.25 3.0416667461395264 2.7916667461395264 2.8333332538604736 2.875 2.8333332538604736 2.8333332538604736 3.0416667461395264 3.2916667461395264 3.2916667461395264 3.25 3.25 3.25 3.25 3.25 2.9375 2.625 2.6875 2.6875 2.75 2.875 2.875 2.9375 2.8125 2.6875 2.8125 2.8125 2.8125 2.875 3.0625 3.25 3.25 2.75 2.25 2.25 2.75 3.25 3.25 3.25 3.25 3.25 3.25 3.25 3.25 3.25 3.25 3.25 2.625 2 1.6875 1.8125 2.75 3.3125 3.3125 3.25 3.3125 3.375 3.375 3.3125 3.25 3.25 2.25 2.1875 3.125 3.1875 3.25 3.25 3.25 3.25 3.25 3.1875 2.8125 2.6875 3 2.875 2.5 2.5625
3.25 3.25 2.625 2.5625 3.25 3.3125 3.25 3.25 3.25 3.2916667461395264 3.2916667461395264 3.25 3.25 3.25 3.25 3.25 3.125 2.875 2.75 2.625 2.5416667461395264 2.5833332538604736 2.7916667461395264 3 2.9166667461395264 2.7916667461395264 2.8333332538604736 2.9583332538604736 3 3.0416667461395264 3.1666667461395264 3.25 3.25 3.2916667461395264 2.2916667461395264 1.25 2.25 3.25 3.25 3.25 3.25 3.25 3.25 3.25 3.25 3.2916667461395264 3.25 2.9166667461395264 2.5833332538604736 2.5 2.1666667461395264 2.125 2.5833332538604736 2.9166667461395264 3.1666667461395264 3.25 3.25 3.2916667461395264 3.3333332538604736 3.2916667461395264 3.25 3.25 2.5833332538604736 1.9166666269302368 2.5833332538604736 2.875 3.1666667461395264 3.1666667461395264 3.1666667461395264 3.0833332538604736 3 2.9583332538604736 2.7083332538604736 2.625 2.75 2.625 2.4583332538604736 2.5416667461395264
2.75 2.875 2.875 3.0416667461395264 3.25 3.25 3.25 3.25 3.25 3.25 3.25 3.25 3.25 3.1875 3.1875 3.25 3.25 2.875 2.5625 2.5625 2.5 2.625 2.8125 2.9375 2.875 2.9375 3 3.125 3.25 3.25 3.25 3.25 3.3125 3.375 2.3125 1.25 2.25 3.25 3.25 3.25 3.25 3.25 3.25 3.25 3.25 3.25 2.6875 2.0625 1.9375 1.875 2.5 3.1875 3.25 2.9375 2.6875 3 3.25 3.25 3.25 3.25 3.25 3.25 3.25 3.25 2.25 2.0625 2.875 2.9375 2.9375 2.75 2.75 2.8125 2.625 2.5 2.5625 2.625 2.5625 2.5625
3.1875 3.25 3.25 3.25 3.25 3.25 3.25 3.25 3.25 3.25 3.2916667461395264 3.3333332538604736 3.3333332538604736 3.2916667461395264 3.25 3.25 3.25 3.0416667461395264 2.7083332538604736 2.75 2.9166667461395264 2.875 3 3.125 3.0833332538604736 3.1666667461395264 3.25 3.25 3.25 3.25 3.2916667461395264 3.2916667461395264 3.2916667461395264 3.2916667461395264 3.25 2.6666667461395264 2.2916667461395264 2.5833332538604736 3.25 3.25 3.2916667461395264 3.3333332538604736 3.3333332538604736 3.375 3.375 2.625 2.25 2.8333332538604736 3 2.9166667461395264 3.0833332538604736 3.25 3.2916667461395264 3.25 2.7083332538604736 2.75 3.25 3.25 3.25 3.2916667461395264 3.2916667461395264 3.125 3.125 3.25 2.2083332538604736 1.9583333730697632 2.75 2.7916667461395264 2.75 2.5416667461395264 2.5 2.7083332538604736 2.7916667461395264 2.875 2.9166667461395264 2.8333332538604736 2.7083332538604736 2.5833332538604736
3.25 3.25 3.25 3.25 3.25 3.25 3.25 3.25 3.25 3.25 3.3125 3.375 3.375 3.3125 3.25 3.25 3.25 3.25 3.0625 3.0625 3.25 3.25 3.25 3.25 3.25 3.25 3.25 3.25 3.25 3.25 3.3125 3.3125 3.25 3.25 3.25 3.3125 2.3125 2.25 3.25 3.25 3.3125 3.375 3.3125 3.3125 3.375 2.3125 2.375 3.375 3.25 3.25 3.25 3.25 3.3125 3.3125 2.6875 2.6875 3.25 3.25 3.25 3.3125 3.3125 2.9375 2.9375 3.25 2.1875 1.875 2.6875 2.75 2.625 2.4375 2.4375 2.875 3.125 3.125 2.9375 2.625 2.6875 2.75
3.25 3.25 3.25 3.25 3.25 3.25 3.25 3.25 3.2083332538604736 3.2083332538604736 3.25 3.25 3.25 3.25 3.25 3.25 3.25 3.25 3.25 3.25 3.25 3.25 3.25 3.25 3.25 3.25 3.25 3.25 3.25 3.25 3.25 3.25 3.25 3.25 3.25 3.25 2.625 2.2916667461395264 2.9583332538604736 3.2916667461395264 3.2916667461395264 3.2916667461395264 3.25 3.125 2.4166667461395264 2.2083332538604736 2.9166667461395264 3.25 3.25 3.25 3.2916667461395264 3.2916667461395264 3.25 3.25 3.0416667461395264 2.625 2.8333332538604736 3.25 3.25 3.25 3.1666667461395264 3 3.0833332538604736 3.25 2.25 1.9166666269302368 2.6666667461395264 2.6666667461395264 2.625 2.6666667461395264 2.6666667461395264 2.8333332538604736 2.9166667461395264 2.8333332538604736 2.7083332538604736 2.5416667461395264 2.6666667461395264 2.8333332538604736
3.25 3.25 3.25 3.2083332538604736 3.2083332538604736 3.25 3.25 3.25 3.2083332538604736 3.25 3.25 3.25 3.25 3.25 3.25 3.25 3.25 3.25 3.25 3.25 3.25 3.25 3.25 3.25 3.25 3.25 3.25 3.25 3.25 3.25 3.25 3.25 3.25 3.25 3.25 3.25 3.25 2.25 2.25 3.25 3.375 3.375 3.125 2.4375 2.0625 2.8125 3.3125 3.25 3.25 3.25 3.3125 3.3125 3.25 3.25 3.25 2.625 2.625 3.25 3.25 3.25 3.125 3.125 3.25 3.25 2.6875 1.9375 2.125 2.5625 2.625 2.5625 2.5 2.625 2.6875 2.625 2.625 2.625 2.8125 3
3.25 3.25 3.25 3.25 3.25 3.25 3.25 3.25 3.25 3.25 3.25 3.25 3.25 3.25 3.25 3.25 3.25 3.25 3.2916667461395264 3.2916667461395264 3.25 3.25 3.25 3.25 3.25 3.25 3.25 3.25 3.25 3.25 3.25 3.25 3.25 3.25 3.25 2.9166667461395264 2.5833332538604736 2.125 1.7916666269302368 2 2.2083332538604736 2.25 1.9583333730697632 2.2083332538604736 2.9166667461395264 3.2083332538604736 3.25 3.25 3.25 3.2083332538604736 3.125 3.125 3.2083332538604736 3.25 3.2083332538604736 2.7916667461395264 2.625 3.0416667461395264 3.2083332538604736 3.2083332538604736 3.25 3.2083332538604736 3.0833332538604736 3 2.9583332538604736 1.9583333730697632 1.75 2.5416667461395264 2.5833332538604736 2.625 2.6666667461395264 2.6666667461395264 2.7083332538604736 2.7083332538604736 2.625 2.7083332538604736 2.875 2.9166667461395264
3.25 3.25 3.25 3.25 3.25 3.25 3.25 3.25 3.3125 3.3125 3.25 3.25 3.25 3.25 3.25 3.25 3.25 3.25 3.3125 3.375 3.25 3.25 3.25 3.25 3.25 3.25 3.25 3.25 3.25 3.25 3.25 3.3125 3.1875 2.625 2.25 2 1.9375 2.4375 2.5625 2.4375 2.375 2.375 2.375 2.25 2.6875 3.1875 3.25 3.25 3.25 3.1875 3.0625 3.0625 3.1875 3.1875 3.125 3.1875 2.5625 2.4375 2.9375 2.875 2.875 2.8125 2.75 2.875 3.0625 2.125 1.75 2.5 2.5625 2.625 2.625 2.5625 2.6875 2.6875 2.5 2.5625 2.625 2.625
3.25 3.25 3.25 3.25 3.25 3.25 3.25 3.25 3.2916667461395264 3.2916667461395264 3.25 3.25 3.2916667461395264 3.3333332538604736 3.2916667461395264 3.25 3.25 3.25 3.25 3.25 3.25 3.25 3.25 3.25 3.25 3.25 3.25 3.25 3.25 3.25 2.8333332538604736 2.2083332538604736 1.875 2.1666667461395264 2.5833332538604736 2.7916667461395264 3.125 3.2083332538604736 3.2083332538604736 3.2083332538604736 3.0833332538604736 3.0416667461395264 3.1666667461395264 3.0416667461395264 2.75 2.9583332538604736 3.25 3.25 3.25 3.25 3.25 3.25 3.125 2.875 3 3.25 2.8333332538604736 2.5416667461395264 2.875 3.0416667461395264 3 2.9583332538604736 2.9166667461395264 3.0833332538604736 3.25 2.1666667461395264 1.9166666269302368 2.75 2.7083332538604736 2.625 2.5833332538604736 2.625 2.6666667461395264 2.625 2.5416667461395264 2.5 2.5 2.5
3.25 3.25 3.25 3.25 3.25 3.25 3.25 3.25 3.25 3.25 3.25 3.25 3.25 3.25 3.25 3.25 3.25 3.25 3.25 3.25 3.25 3.25 3.25 3.25 3.25 3.25 3.25 3.25 3.25 3.25 2.75 1.6875 1.6875 2.25 3.375 3.375 3.3125 3.3125 3.3125 3.25 3.1875 3.125 3.3125 3.5625 3.5 3.3125 3.25 3.25 3.25 3.25 3.1875 3.125 2.875 2.8125 3.125 3.25 3.25 2.9375 2.625 2.9375 3.3125 3.3125 3.25 3.25 3.25 2.25 1.9375 2.625 2.6875 2.6875 2.5625 2.6875 2.8125 2.75 2.625 2.5 2.5 2.5
3.25 3.25 3.25 3.125 3.125 3.25 3.25 3.25 3.25 3.25 3.25 3.25 3.25 3.25 3.25 3.25 3.25 3.25 3.25 3.25 3.25 3.25 3.25 3.25 3.25 3.25 3.25 3.25 3.25 3.25 3.1666667461395264 2.0416667461395264 2.125 3.25 3.25 3.25 3.25 3.25 3.25 3.2916667461395264 3.25 3.2916667461395264 3.4166667461395264 3.375 3.3333332538604736 3.3333332538604736 3.2916667461395264 3.25 3.25 3.25 3.2083332538604736 3.1666667461395264 3 3.0416667461395264 3.25 3.25 3.25 3.25 2.7916667461395264 2.5833332538604736 3.0833332538604736 3.2916667461395264 3.25 3.25 3.2083332538604736 2.2083332538604736 1.9166666269302368 2.5833332538604736 2.6666667461395264 2.6666667461395264 2.5416667461395264 2.5416667461395264 2.5833332538604736 2.5 2.3333332538604736 2.25 2.25 2.25
3.3333332538604736 3.2916667461395264 3.25 3.1666667461395264 3.0833332538604736 3.25 3.25 3.25 3.25 3.25 3.25 3.25 3.25 3.25 3.25 3.25 3.25 3.25 3.25 3.25 3.25 3.25 3.25 3.25 3.25 3.25 3.3125 3.3125 3.25 2.9375 2.25 2 2.75 3.375 3.3125 3.3125 3.375 3.3125 3.25 3.375 3.375 3.25 3.1875 3.0625 3.125 3.375 3.25 3 3.25 3.25 3.25 3.25 3.0625 3.0625 3.25 3.25 3.25 3.25 3.1875 2.4375 2.375 2.9375 2.875 2.875 2.8125 2 1.9375 2.625 2.625 2.625 2.5625 2.375 2.25 1.8125 1.75 2 1.875 1.75
3.375 3.3125 3.25 3.25 3.25 3.25 3.25 3.25 3.25 3.2916667461395264 3.2916667461395264 3.25 3.25 3.25 3.25 3.25 3.25 3.25 3.25 3.25 3.25 3.2083332538604736 2.875 2.3666665554046631 2.3666665554046631 2.5416667461395264 2.5 2.5 2.375 2.2083332538604736 2.3333332538604736 2.875 3.2916667461395264 3.3333332538604736 3.2916667461395264 3.2916667461395264 3.3333332538604736 3.2916667461395264 3.25 3.2916667461395264 3.2916667461395264 3.25 3.2083332538604736 3.0416667461395264 2.9583332538604736 3.1666667461395264 3.125 2.9166667461395264 3.0833332538604736 3.25 3.25 3.2083332538604736 3.125 3.1666667461395264 3.25 3.1666667461395264 3.1666667461395264 3.125 2.9166667461395264 2.3333332538604736 2.2083332538604736 2.5833332538604736 2.5833332538604736 2.5833332538604736 2.5416667461395264 2.25 1.9166666269302368 2.2083332538604736 2.4166667461395264 2.25 2.2083332538604736 2.2083332538604736 2.25 2 2.125 2.0833332538604736 1.6666666269302368 1.5416666269302368
3.25 3.25 3.25 3.25 3.25 3.25 3.25 3.25 3.25 3.3125 3.3125 3.25 3.25 3.25 3.25 3.25 3.25 3.25 3.25 3.25 3.25 3.1875 2.375 1.4249999523162842 1.4874999523162842 1.6875 1.1875 1.3125 2.375 2.9375 3.0625 3.125 3.125 3.125 3.1875 3.25 3.25 3.25 3.25 3.25 3.25 3.25 3.25 3.25 3.125 3.0625 3.1875 3.25 3.25 3.25 3.25 3.0625 2.9375 3.0625 3.125 2.9375 3 3.1875 2.9375 2.5 2.1875 2.5625 3 2.875 2.625 2.375 1.75 1.8125 2.1875 2.125 2.25 2.4375 2.5 2.375 1.9375 1 0.5 1.5
3.25 3.25 3.3125 3.3125 3.25 3.2916667461395264 3.3333332538604736 3.2916667461395264 3.25 3.25 3.2916667461395264 3.3333332538604736 3.3333332538604736 3.2916667461395264 3.25 3.2083332538604736 3.25 3.2916667461395264 3.25 3.25 3.25 3.25 2.8333332538604736 2 2.125 2.6666667461395264 1.9583333730697632 2.1666667461395264 3.1666667461395264 3.1666667461395264 3.1666667461395264 3.2083332538604736 3.1666667461395264 3.1666667461395264 3.2083332538604736 3.2916667461395264 3.2916667461395264 3.25 3.25 3.25 3.25 3.2916667461395264 3.2916667461395264 3.2083332538604736 3.2083332538604736 3.2083332538604736 3.2083332538604736 3.25 3.2083332538604736 3.2083332538604736 3.1666667461395264 2.8333332538604736 2.625 2.7083332538604736 2.7083332538604736 2.5833332538604736 2.8333332538604736 3.125 2.9166667461395264 2.5833332538604736 2.125 1.8333333730697632 2.5833332538604736 2.5416667461395264 2.4583332538604736 2.375 1.75 1.4583333730697632 1.9166666269302368 2.2083332538604736 2.375 2.1666667461395264 1.875 1.6499999761581421 1.3500000238418579 1.2916666269302368 1.25 1.6666666269302368
3.25 3.2916667461395264 3.375 3.3333332538604736 3.25 3.2916667461395264 3.375 3.3125 3.25 3.25 3.25 3.25 3.25 3.25 3.25 3.25 3.25 3.25 3.25 3.25 3.25 3.25 3.25 2.375 2 2.5 2 2.375 3.25 3.25 3.25 3.25 3.25 3.25 3.25 3.25 3.25 3.25 3.25 3.25 3.1875 3.1875 3.25 3.25 3.25 3.0625 2.875 2.875 2.8125 2.8125 2.75 2.75 2.8125 2.625 2.4375 2.4375 2.8125 3.0625 2.75 2.5 2.125 1.75 1.8125 2.125 2.0625 1.625 1.5 1.625 1.75 1.75 1.75 1.3333333730697632 0.5 0.5 1 1.3125 1.625 2
3.25 3.3125 3.375 3.3125 3.25 2.5 2.5 2.5 2.7916667461395264 3.1666667461395264 3.25 3.25 3.25 3.25 3.2083332538604736 3.125 3.1666667461395264 3.25 3.25 3.25 3.25 3.25 3.25 2.375 1.875 2.3333332538604736 1.9583333730697632 2.1666667461395264 3.0833332538604736 3.2916667461395264 3.25 3.25 3.25 3.25 3.25 3.25 3.25 3.25 3.1666667461395264 3.125 3.1666667461395264 3.2083332538604736 3.25 3.2083332538604736 3 2.8333332538604736 2.9166667461395264 3 2.875 2.7083332538604736 2.5833332538604736 2.625 2.7083332538604736 2.5416667461395264 2.0666666030883789 1.7333333492279053 2.2083332538604736 2.625 2.4583332538604736 2.375 2.2916667461395264 2.1666667461395264 2.1666667461395264 2.2000000476837158 1.4500000476837158 0.82499998807907104 0.79400002956390381 1.4424999952316284 1.9375 1.3999999761581421 1.0166666507720947 1.1499999761581421 1.75 2 1.8999999761581421 2.1666667461395264 2.5833332538604736 2.625
2.5 2.5 2.5 2.5 2.5 2.5 2.125 2.1875 2.0625 2 2.125 2.125 2.6875 3.25 3.125 2.875 2.9375 3.1875 3.25 3.25 3.25 3.25 2.75 2.125 2.0625 2 2.125 2.5625 3 3.25 3.25 3.25 3.25 3.25 3.25 3.25 3.25 3.25 3.125 3 3.125 3.1875 3.125 3.0625 2.8125 2.625 2.75 2.875 2.6875 2.4375 1.9375 1.5 1.5 1.4375 1.0499999523162842 0.44999998807907104 1.375 2.25 2.25 2.25 2.25 2.25 2.25 2.25 0.75 0.47499999403953552 0.20000000298023224 -1 -1 0.5 1.125 1.1666666269302368 0.875 1.1666666269302368 1.75 1.75 2 2.0625
3.25 3.25 3.25 3.25 3.25 3.25 3.25 3.2916667461395264 2.9166667461395264 2.0416667461395264 2.0416667461395264 2.5 2.5416667461395264 2.5416667461395264 2.4166667461395264 2.3333332538604736 2.3333332538604736 2.7916667461395264 3.25 3.3333332538604736 3.3333332538604736 3.25 2.25 1.9166666269302368 2.375 1.875 2.4166667461395264 3.25 3.25 3.25 3.25 3.25 3.25 3.25 3.2083332538604736 3.2083332538604736 3.25 3.25 3.25 3.1666667461395264 3.1666667461395264 3.1666667461395264 3 2.5416667461395264 2 1.8333333730697632 1.8333333730697632 1.5 1.5 1.4375 1.3125 1.375 1.8125 2.1875 2.6875 3.0625 3.1875 3.375 -1 -1 -1 -1 -1 -1 -1 -1 -1 -1 -1 -1 -1 0 0 0 -1 -1 1.5 1.5
3.25 3.25 3.25 3.25 3.25 3.1875 3.1875 3.25 3.25 3.25 3.25 3.25 3.3125 3.3125 3.25 3.375 3.0625 3 3.375 3.375 3.3125 3.375 2.625 1.8125 1.9375 2.0625 2.625 3.1875 3.25 3.25 3.25 3.25 3.25 3.3125 3.25 3.1875 3.25 3.25 3.25 3.1875 3.125 2.4375 1.625 1.1666666269302368 0.5 0.5 0.5 1.375 2.5 3.625 3.5 3.125 3.5625 3.9375 4 4 4.0625 4.125 -1 -1 -1 -1 -1 -1 -1 -1 -1 -1 -1 -1 -1 -1 -1 -1 -1 -1 -1 -1
3.1875 3.25 3.375 3.375 3.2916667461395264 3.0833332538604736 3.0833332538604736 3.25 3.2916667461395264 3.2916667461395264 2.875 2.5833332538604736 2.9166667461395264 3.2083332538604736 3.2916667461395264 3.375 2.9583332538604736 2.5 2.25 2.375 2.4583332538604736 2.4583332538604736 2.2083332538604736 1.875 1.9166666269302368 2.1666667461395264 2.25 2.4166667461395264 2.4166667461395264 2.3333332538604736 2.3366665840148926 2.1700000762939453 2.1666667461395264 2.25 2.25 2.25 2.3333332538604736 2.2916667461395264 1.875 1.6000000238418579 1.75 1.625 1.8125 2.875 3.5625 3.6875 3.875 3 2.9166667461395264 3.9166667461395264 4.25 4.0416665077209473 4 4 4 4 4.0625 4.25 -1 -1 -1 -1 -1 -1 -1 -1 -1 -1 -1 -1 -1 -1 -1 -1 -1 -1 -1 -1
3.0833332538604736 3.0833332538604736 3.1666667461395264 3.1666667461395264 3.0833332538604736 2.625 2.6875 3.1875 3 2.375 1.9375 1.75 1.875 2 2.0625 2.125 2 1.875 1.75 1.625 1.625 1.625 2 2.4375 2.5 2.5 2.125 1.375 1.25 2.125 1.5049999952316284 0.44249999523162842 0.625 0.625 0.625 0.625 0.875 1.125 1 1.875 3.5 3.5 3.5625 4 4.375 4.375 4.125 3.625 3.4375 3.875 4 4 4 4 4 4 4 -1 -1 -1 -1 -1 -1 -1 -1 -1 -1 -1 -1 -1 -1 -1 -1 -1 -1 -1 -1 -1
3.0625 2.8125 2.1875 1.2666666507720947 1.2999999523162842 1.1749999523162842 1.1749999523162842 1.5 1.5416666269302368 1.4583333730697632 1.75 1.9583333730697632 1.7083333730697632 1.2916666269302368 1.2083333730697632 1.3333333730697632 1.7083333730697632 2.0833332538604736 1.9583333730697632 1.8333333730697632 1.8333333730697632 1.8333333730697632 1.875 1.9166666269302368 1.9583333730697632 2 1.9583333730697632 1.625 1.375 1.625 1.6666666269302368 1.5 1.5833333730697632 1.3416666984558105 1.1599999666213989 1.375 1.875 2.625 3.625 4 3.9166667461395264 4.0416665077209473 4.0416665077209473 4 4.0833334922790527 4.0833334922790527 4 4 4 4 4.0416665077209473 4.0416665077209473 4.0833334922790527 4.0833334922790527 4 4.125 4.25 -1 -1 -1 -1 -1 -1 -1 -1 -1 -1 -1 -1 -1 -1 -1 -1 -1 -1 -1 -1 -1
1.6583333015441895 1.4166666269302368 1.4500000476837158 1.1000000238418579 1.3250000476837158 1.375 1.4375 1.75 1.625 1.375 1.625 1.75 1.6875 1.625 1.9375 2.3125 2.4375 2.5 2.4375 2.4375 2.4375 2.4375 2.625 2.625 2.5 2.5 2.5 2.5 2.5 2.25 2 2 2.1666667461395264 2.375 2.25 3.125 3.6666667461395264 3.8125 4.3125 4.375 4.125 4 4 4 4 4 4 4 4 4 4.125 4.1666665077209473 4.25 4.25 4 -1 -1 -1 -1 -1 -1 -1 -1 -1 -1 -1 -1 -1 -1 -1 -1 -1 -1 -1 -1 -1 -1 -1
1.5 1.625 2.125 2.1666667461395264 2.2083332538604736 2.2083332538604736 2.25 2.6666667461395264 2.5416667461395264 1.75 1.9166666269302368 2.2916667461395264 2.2083332538604736 2.125 2.1666667461395264 2.3333332538604736 2.4583332538604736 2.5 2.4166667461395264 2.375 2.375 2.375 2.5 2.5 2.4166667461395264 2.25 2.0833332538604736 2.25 2.25 1.9375 2.5 3.125 3.0625 3.4375 3.9500000476837158 4 4.0416665077209473 4.0833334922790527 4.0833334922790527 4.0416665077209473 4 4 4 4 4 4 4 4 4 4 4.0833334922790527 4.25 -1 -1 -1 -1 -1 -1 -1 -1 -1 -1 -1 -1 -1 -1 -1 -1 -1 -1 -1 -1 -1 -1 -1 -1 -1 -1
1.8125 1.4199999570846558 1.5333333015441895 1.7250000238418579 2 2.25 2.25 2.4375 2.4375 1.875 1.8125 2.125 2.125 2.1875 2.1875 2.125 2.3125 2.5 2.5 2.5 2.5 2.375 2.3125 2.125 1.9375 1.75 1.25 1.75 3.125 3.4166667461395264 3.5625 4 4 4 4.25 4.375 4.125 4 3.5 3.5 4 4 4 4 4 4 4.125 4.0833334922790527 4 -1 -1 -1 -1 -1 -1 -1 -1 -1 -1 -1 -1 -1 -1 -1 -1 -1 -1 -1 -1 -1 -1 -1 -1 -1 -1 -1 -1 -1
2.25 1.5333333015441895 1.5333333015441895 1.6833332777023315 2.0416667461395264 2.25 2.1666667461395264 2.125 1.6916667222976685 1.5666667222976685 1.7333333492279053 1.8583333492279053 2.1666667461395264 2.25 2.2083332538604736 1.9583333730697632 1.8333333730697632 2.1666667461395264 2.1666667461395264 2.1666667461395264 2.1666667461395264 2.0833332538604736 2 2 1.6540000438690186 2.1540000438690186 3.625 3.6500000953674316 3.7083332538604736 4 4.0416665077209473 4.0833334922790527 4.0833334922790527 4.0416665077209473 4.0833334922790527 4.1666665077209473 4.2083334922790527 4.125 3.6666667461395264 3.6666667461395264 4 4 4 4 4 4 4.0833334922790527 4.25 -1 -1 -1 -1 -1 -1 -1 -1 -1 -1 -1 -1 -1 -1 -1 -1 -1 -1 -1 -1 -1 -1 -1 -1 -1 -1 -1 -1 -1 -1
2.1500000953674316 2.2083332538604736 2.25 2.1875 2.0833332538604736 2.125 2.25 1.4500000476837158 0.83333331346511841 0.82499998807907104 0.82499998807907104 1.0499999523162842 1.375 1.375 1.375 1.4375 1.5 1.75 2 2.125 2.125 1.8333333730697632 1.625 2.75 3.5 3.75 4.0625 4 4 4 4 4 4 4 4.0625 4.1875 4.25 4.1875 4.0625 4 4 3.9375 3.9375 4 4 -1 -1 -1 -1 -1 -1 -1 -1 -1 -1 -1 -1 -1 -1 -1 -1 -1 -1 -1 -1 -1 -1 -1 -1 -1 -1 -1 -1 -1 -1 -1 -1 -1
2 2.125 2.25 2.125 1.0099999904632568 1.2566666603088379 2.0625 1.7200000286102295 1.5199999809265137 1.6666666269302368 1.9166666269302368 1.75 1.3999999761581421 1.0299999713897705 1.1299999952316284 1.875 2.1666667461395264 2.3333332538604736 2.5999999046325684 2.875 2.9375 3.0625 3.625 3.9500000476837158 3.9583332538604736 4 3.9583332538604736 3.9583332538604736 4 4 4.125 4.25 4.125 4 4.0416665077209473 4.125 4.0833334922790527 4.125 4.1666665077209473 4.1666665077209473 4.2083334922790527 4.0999999046325684 4 4 -1 -1 -1 -1 -1 -1 -1 -1 -1 -1 -1 -1 -1 -1 -1 -1 -1 -1 -1 -1 -1 -1 -1 -1 -1 -1 -1 -1 -1 -1 -1 -1 -1 -1
-1 -1 -1 -1 -1 1.5 1.8333333730697632 2 2 1.8125 2 2.4375 2.5 1.6625000238418579 1.4750000238418579 2.25 2.375 2.4166667461395264 2.375 3.125 3.8333332538604736 3.875 4 4 4 4 3.9375 3.9375 4.1875 4.3125 4.25 4.75 4.375 4 4 3.25 3.25 3.875 3.9375 4 4.375 4.25 -1 -1 -1 -1 -1 -1 -1 -1 -1 -1 -1 -1 -1 -1 -1 -1 -1 -1 -1 -1 -1 -1 -1 -1 -1 -1 -1 -1 -1 -1 -1 -1 -1 -1 -1 -1
-1 -1 -1 -1 -1 -1 1.75 1.875 2.125 2 2.125 2.625 2.625 1.875 1.625 2.25 2.5 2.5 2.25 3.5 4.125 4.1500000953674316 4.0999999046325684 4 4.0625 3.75 3.5833332538604736 4 4.375 4.625 4.5 4.5 -1 -1 -1 1.75 1.7333333492279053 2.4000000953674316 3.625 3.5 -1 -1 -1 -1 -1 -1 -1 -1 -1 -1 -1 -1 -1 -1 -1 -1 -1 -1 -1 -1 -1 -1 -1 -1 -1 -1 -1 -1 -1 -1 -1 -1 -1 -1 -1 -1 -1 -1
-1 -1 -1 -1 -1 -1 -1 -1 -1 -1 -1 -1 -1 -1 -1 -1 -1 -1 -1 -1 -1 4.5 4.5 -1 -1 -1 -1 -1 -1 -1 -1 -1 -1 -1 -1 -1 -1 -1 -1 -1 -1 -1 -1 -1 -1 -1 -1 -1 -1 -1 -1 -1 -1 -1 -1 -1 -1 -1 -1 -1 -1 -1 -1 -1 -1 -1 -1 -1 -1 -1 -1 -1 -1 -1 -1 -1 -1 -1
-1 -1 -1 -1 -1 -1 -1 -1 -1 -1 -1 -1 -1 -1 -1 -1 -1 -1 -1 -1 -1 -1 -1 -1 -1 -1 -1 -1 -1 -1 -1 -1 -1 -1 -1 -1 -1 -1 -1 -1 -1 -1 -1 -1 -1 -1 -1 -1 -1 -1 -1 -1 -1 -1 -1 -1 -1 -1 -1 -1 -1 -1 -1 -1 -1 -1 -1 -1 -1 -1 -1 -1 -1 -1 -1 -1 -1 -1
