SimulationData/Scenarios/Alblasserwaard/Flooding/Gorinchem/7200.asc
ncols        410
nrows        139
xllcorner    4.624486754327
yllcorner    51.814562674375
cellsize     0.001350341696
NODATA_value  -1
[rows 34 to 67 of 139, columns 234 to 311 of 410]
1.25 2.125 2.5 2.5 2.4375 2.1875 1.4750000238418579 0.69999998807907104 0.40000000596046448 0.34999999403953552 0.36666667461395264 0.36666667461395264 0.41249999403953552 0.64999997615814209 1.2875000238418579 2.125 2.125 2.125 2.6875 2.625 2.4375 2.5 2.5 2.625 2.5625 2.5 2.8125 3.125 2.75 2 -1 -1 -1 -1 -1 -1 -1 -1 -1 -1 -1 -1 -1 -1 -1 -1 -1 -1 -1 -1 -1 -1 -1 -1 -1 -1 -1 -1 -1 -1 -1 -1 -1 -1 -1 -1 -1 -1 -1 -1 -1 -1 -1 -1 -1 -1 -1 -1
1 1.5 2.125 2.5 2.5 2.5 2.3333332538604736 1.875 1.5833333730697632 1.5 1.4416667222976685 1.3833333253860474 1.4833333492279053 1.8333333730697632 2.1666667461395264 2.25 2.2083332538604736 2.2916667461395264 2.5 2.5416667461395264 2.5 2.5416667461395264 2.5833332538604736 2.5416667461395264 2.5 2.5 2.6666667461395264 2.875 2.6666667461395264 2.5999999046325684 2.875 -1 -1 -1 -1 -1 -1 -1 -1 -1 -1 -1 -1 -1 -1 -1 -1 -1 -1 -1 -1 -1 -1 -1 -1 -1 -1 -1 -1 -1 -1 -1 -1 -1 -1 -1 -1 -1 -1 -1 -1 -1 -1 -1 -1 -1 -1 -1
1.0625 1.3125 1.875 2.4375 2.5 2.5 2.5 2.5 2.5 2.5625 2.625 2.5625 2.4375 2.375 2.3125 2.25 2.1875 2.125 2.1875 2.5 2.6875 2.6875 2.75 2.6875 2.625 2.5625 2.5 2.625 2.75 2.625 2.5833332538604736 2.75 -1 -1 -1 -1 -1 -1 -1 -1 -1 -1 -1 -1 -1 -1 -1 -1 -1 -1 -1 -1 -1 -1 -1 -1 -1 -1 -1 -1 -1 -1 -1 -1 -1 -1 -1 -1 -1 -1 -1 -1 -1 -1 -1 -1 -1 -1
1.2083333730697632 1.2916666269302368 1.75 2.3333332538604736 2.5 2.6666667461395264 2.7083332538604736 2.5833332538604736 2.5833332538604736 2.5833332538604736 2.5416667461395264 2.5416667461395264 2.5 2.4583332538604736 2.4583332538604736 2.4583332538604736 2.5416667461395264 2.4583332538604736 2.2083332538604736 2.375 2.75 2.8333332538604736 2.8333332538604736 2.7916667461395264 2.7083332538604736 2.7083332538604736 2.75 2.7916667461395264 2.7916667461395264 2.6666667461395264 2.6666667461395264 2.9000000953674316 2.9166667461395264 2.5 -1 -1 -1 -1 -1 -1 -1 -1 -1 -1 -1 -1 -1 -1 -1 -1 -1 -1 -1 -1 -1 -1 -1 -1 -1 -1 -1 -1 -1 -1 -1 -1 -1 -1 -1 -1 -1 -1 -1 -1 -1 -1 -1 -1
1.3125 1.3125 1.875 2.4375 2.5 2.6875 2.75 2.625 2.625 2.5625 2.5 2.5625 2.5625 2.5 2.5625 2.75 2.6875 2.5 2.25 2.25 2.75 3 3 2.875 2.6875 2.75 2.875 2.8125 2.75 2.75 2.75 3 3.0625 2.875 -1 -1 -1 -1 -1 -1 -1 -1 -1 -1 -1 -1 -1 -1 -1 -1 -1 -1 -1 -1 -1 -1 -1 -1 -1 -1 -1 -1 -1 -1 -1 -1 -1 -1 -1 -1 -1 -1 -1 -1 -1 -1 -1 -1
2.0416667461395264 2.0833332538604736 2.375 2.5416667461395264 2.5833332538604736 2.6666667461395264 2.625 2.5833332538604736 2.5833332538604736 2.5416667461395264 2.5833332538604736 2.6666667461395264 2.625 2.5416667461395264 2.5416667461395264 2.5833332538604736 2.5416667461395264 2.4166667461395264 2.2916667461395264 2.375 2.75 3.0416667461395264 3.0833332538604736 3 2.8333332538604736 2.7916667461395264 2.8333332538604736 2.7916667461395264 2.7083332538604736 2.7083332538604736 2.7916667461395264 2.9166667461395264 2.875 2.7999999523162842 2.6666667461395264 2.25 -1 -1 -1 -1 -1 -1 -1 -1 -1 -1 -1 -1 -1 -1 -1 -1 -1 -1 -1 -1 -1 -1 -1 -1 -1 -1 -1 -1 -1 -1 -1 -1 -1 -1 -1 -1 -1 -1 -1 -1 -1 -1
2.5625 2.5625 2.625 2.8125 2.75 2.5625 2.6875 2.8125 2.75 2.625 2.625 2.6875 2.5625 2.5 2.5 2.5 2.4375 2.3125 2.1875 2.25 2.5 2.8125 3 3.125 3.125 2.875 2.6875 2.625 2.5625 2.5 2.5 2.5625 2.5625 2.625 2.5625 2.1666667461395264 1.75 1.75 -1 -1 -1 -1 -1 -1 -1 -1 -1 -1 -1 -1 -1 -1 -1 -1 -1 -1 -1 -1 -1 -1 -1 -1 -1 -1 -1 -1 -1 -1 -1 -1 -1 -1 -1 -1 -1 -1 -1 -1
2.5833332538604736 2.5833332538604736 2.5416667461395264 2.6666667461395264 2.6666667461395264 2.625 2.7916667461395264 2.9583332538604736 3 2.9166667461395264 2.8333332538604736 2.75 2.5833332538604736 2.5 2.5 2.4583332538604736 2.4166667461395264 2.3333332538604736 2.2083332538604736 2.2083332538604736 2.2916667461395264 2.4583332538604736 2.5833332538604736 2.625 2.625 2.5416667461395264 2.5416667461395264 2.5416667461395264 2.5 2.5 2.5833332538604736 2.7083332538604736 2.75 2.7916667461395264 2.7916667461395264 2.75 2.75 2.5 2.125 -1 -1 -1 -1 -1 -1 -1 -1 -1 -1 -1 -1 -1 -1 -1 -1 -1 -1 -1 -1 -1 -1 -1 -1 -1 -1 -1 -1 -1 -1 -1 -1 -1 -1 -1 -1 -1 -1 -1
2.6875 2.625 2.5 2.5 2.5 2.625 2.75 2.75 2.75 2.875 2.8125 2.5625 2.5 2.5 2.5 2.5 2.5 2.4375 2.3125 2.25 2.25 2.25 2.375 2.3125 2.3125 2.4375 2.5625 2.5625 2.5625 2.625 2.625 2.8125 3 3 2.8125 2.625 2.875 3.0625 3.25 3.25 -1 -1 -1 -1 -1 -1 -1 -1 -1 -1 -1 -1 -1 -1 -1 -1 -1 -1 -1 -1 -1 -1 -1 -1 -1 -1 -1 -1 -1 -1 -1 -1 -1 -1 -1 -1 -1 -1
2.5833332538604736 2.5416667461395264 2.5416667461395264 2.5416667461395264 2.5 2.5833332538604736 2.625 2.5833332538604736 2.75 2.7083332538604736 2.5833332538604736 2.5 2.5833332538604736 2.5833332538604736 2.5 2.5 2.5 2.5416667461395264 2.5 2.2916667461395264 2.1666667461395264 2.1666667461395264 2.25 2.375 2.4583332538604736 2.5833332538604736 2.5416667461395264 2.5833332538604736 2.9166667461395264 3.0833332538604736 3.0416667461395264 3.0833332538604736 3.0833332538604736 3 2.8333332538604736 2.6666667461395264 2.7083332538604736 2.875 3.0416667461395264 3.0499999523162842 3 -1 -1 -1 -1 -1 -1 -1 -1 -1 -1 -1 -1 -1 -1 -1 -1 -1 -1 -1 -1 -1 -1 -1 -1 -1 -1 -1 -1 -1 -1 -1 -1 -1 -1 -1 -1 -1
2.625 2.625 2.75 2.75 2.75 2.8125 2.875 3 3 2.8125 2.5625 2.5 2.6875 2.6875 2.5 2.5 2.5 2.5 2.4375 2.1875 2.125 2.25 2.4375 2.5625 2.5 2.625 2.6875 2.875 3.1875 3.1875 3.125 3.1875 3.25 3.1875 3.0625 3 3.0625 2.875 2.6875 3 2.9166667461395264 2.75 -1 -1 -1 -1 -1 -1 -1 -1 -1 -1 -1 -1 -1 -1 -1 -1 -1 -1 -1 -1 -1 -1 -1 -1 -1 -1 -1 -1 -1 -1 -1 -1 -1 -1 -1 -1
2.75 2.8333332538604736 2.875 2.875 2.8333332538604736 2.875 3.0416667461395264 3.1666667461395264 3 2.9166667461395264 3 2.75 2.5416667461395264 2.5833332538604736 2.5416667461395264 2.4583332538604736 2.5 2.5833332538604736 2.5 2.25 2.25 2.4166667461395264 2.5416667461395264 2.75 2.875 2.9583332538604736 2.9583332538604736 3.0833332538604736 3.25 3.2083332538604736 3.1666667461395264 3.2083332538604736 3.25 3.25 3.25 3.25 3.25 3.0833332538604736 2.875 3 3.0416667461395264 2.9166667461395264 -1 -1 -1 -1 -1 -1 -1 -1 -1 -1 -1 -1 -1 -1 -1 -1 -1 -1 -1 -1 -1 -1 -1 -1 -1 -1 -1 -1 -1 -1 -1 -1 -1 -1 -1 -1
2.8125 2.75 2.6875 2.875 3 3.0625 3.1875 3.25 3.0625 3 3.0625 2.9375 2.8125 2.875 2.75 2.5 2.625 2.8125 2.625 2.3125 2.4375 2.625 2.625 2.8125 3.125 3.0625 2.8125 3 3.25 3.25 3.25 3.25 3.25 3.25 3.25 3.25 3.25 3.25 3.125 3.125 3.0833332538604736 3.0833332538604736 -1 -1 -1 -1 -1 -1 -1 -1 -1 -1 -1 -1 -1 -1 -1 -1 -1 -1 -1 -1 -1 -1 -1 -1 -1 -1 -1 -1 -1 -1 -1 -1 -1 -1 -1 -1
3 2.9583332538604736 2.9583332538604736 3.0833332538604736 3.125 3.0416667461395264 2.9166667461395264 2.8333332538604736 2.7916667461395264 2.7916667461395264 2.7916667461395264 2.9166667461395264 3.0416667461395264 3 2.875 2.8333332538604736 2.9583332538604736 2.8333332538604736 2.3333332538604736 2.1666667461395264 2.625 2.9166667461395264 3 3.125 3.2083332538604736 3.1666667461395264 3.0416667461395264 3.0416667461395264 3.1666667461395264 3.125 3.125 3.2083332538604736 3.2083332538604736 3.25 3.25 3.25 3.2083332538604736 3.1666667461395264 3.125 3.0833332538604736 2.9583332538604736 2.625 -1 -1 -1 -1 -1 -1 -1 -1 -1 -1 -1 -1 -1 -1 -1 -1 -1 -1 -1 -1 -1 -1 -1 -1 -1 -1 -1 -1 -1 -1 -1 -1 -1 -1 -1 -1
3 2.875 2.875 3 3.125 3 2.75 2.625 2.75 2.8125 2.8125 3 3.0625 3 3.0625 3.0625 3 2.8125 2.3125 2.25 2.75 3 3.125 3.125 3.125 3.25 3.25 3.25 3.25 3.0625 2.9375 3 3 3.125 3.25 3.25 3.25 3.25 3.25 3.1666667461395264 3.0416667461395264 2.9166667461395264 -1 -1 -1 -1 -1 -1 -1 -1 -1 -1 -1 -1 -1 -1 -1 -1 -1 -1 -1 -1 -1 -1 -1 -1 -1 -1 -1 -1 -1 -1 -1 -1 -1 -1 -1 -1
3.0833332538604736 3 3 3.0833332538604736 3.2083332538604736 3.1666667461395264 3 2.9166667461395264 2.875 2.875 3.0416667461395264 3.2083332538604736 3.2083332538604736 3.2083332538604736 3.25 3.25 3.0416667461395264 2.7083332538604736 2.2916667461395264 2.25 2.75 3 3.0833332538604736 3.1666667461395264 3.2083332538604736 3.25 3.125 2.9583332538604736 2.875 2.7083332538604736 2.5833332538604736 2.625 2.7916667461395264 3 3.0833332538604736 3.0833332538604736 3.1666667461395264 3.25 3.2083332538604736 3.0833332538604736 3.0625 3.25 -1 -1 -1 -1 -1 -1 -1 -1 -1 -1 -1 -1 -1 -1 -1 -1 -1 -1 -1 -1 -1 -1 -1 -1 -1 -1 -1 -1 -1 -1 -1 -1 -1 -1 -1 -1
3.125 3.0625 3.1875 3.25 3.25 3.1875 3.0625 3 2.875 2.875 3 3.125 3.25 3.25 3.25 3.1875 2.9375 2.625 2.3125 2.1875 2.375 2.5 2.625 2.8125 2.875 2.875 2.5625 2.4375 2.6875 2.8125 2.8125 2.6875 2.6875 3 3.1875 3.125 3.0625 2.9375 3.0416667461395264 3 3 3.0833332538604736 -1 -1 -1 -1 -1 -1 -1 -1 -1 -1 -1 -1 -1 -1 -1 -1 -1 -1 -1 -1 -1 -1 -1 -1 -1 -1 -1 -1 -1 -1 -1 -1 -1 -1 -1 -1
3.1666667461395264 3.125 3.1666667461395264 3.2083332538604736 3.25 3.0833332538604736 2.9166667461395264 2.9166667461395264 2.9166667461395264 2.9583332538604736 2.9583332538604736 2.9583332538604736 3.0416667461395264 3.125 3.125 3.0833332538604736 2.9166667461395264 2.625 2.5 2.4166667461395264 2.3333332538604736 2.25 2.3333332538604736 2.4166667461395264 2.4166667461395264 2.5416667461395264 2.6666667461395264 2.7916667461395264 3.0416667461395264 3.2083332538604736 3.2083332538604736 3.0833332538604736 2.75 2.7916667461395264 3.0833332538604736 3.25 3.1666667461395264 3.0416667461395264 3.0416667461395264 3.25 3.1666667461395264 3 -1 -1 -1 -1 -1 -1 -1 -1 -1 -1 -1 -1 -1 -1 -1 -1 -1 -1 -1 -1 -1 -1 -1 -1 -1 -1 -1 -1 -1 -1 -1 -1 -1 -1 -1 -1
3.25 3.25 3.25 3.25 3.25 3.1875 3.125 3 2.9375 2.9375 3 3.0625 3 3 2.9375 3.0625 2.9375 2.625 2.625 2.625 2.625 2.625 2.625 2.6875 2.8125 3.0625 3.25 3.125 3.0625 3.1875 3.25 3.1875 2.6875 2.4375 2.625 2.75 3.0625 3.1666667461395264 3.125 3.0416667461395264 3.0833332538604736 -1 -1 -1 -1 -1 -1 -1 -1 -1 -1 -1 -1 -1 -1 -1 -1 -1 -1 -1 -1 -1 -1 -1 -1 -1 -1 -1 -1 -1 -1 -1 -1 -1 -1 -1 -1 -1
3.2083332538604736 3.25 3.25 3.25 3.25 3.25 3.25 3.2083332538604736 3 2.9583332538604736 3.0416667461395264 3.0833332538604736 3.0833332538604736 2.9583332538604736 2.9583332538604736 2.9166667461395264 2.75 2.7083332538604736 2.7916667461395264 2.8333332538604736 2.8333332538604736 2.875 2.875 2.9166667461395264 3.0833332538604736 3.2083332538604736 3.125 3.125 3.2083332538604736 3.2083332538604736 3.25 3.25 3 2.6666667461395264 2.5833332538604736 2.5 2.75 3.1666667461395264 3 2.1875 2.1666667461395264 3.25 -1 -1 -1 -1 -1 -1 -1 -1 -1 -1 -1 -1 -1 -1 -1 -1 -1 -1 -1 -1 -1 -1 -1 -1 -1 -1 -1 -1 -1 -1 -1 -1 -1 -1 -1 -1
3.25 3.25 3.25 3.25 3.25 3.25 3.25 3.25 2.9375 2.75 2.9375 3 2.875 2.6875 2.75 2.8125 2.75 2.75 3 3.25 3.25 3.25 3.0625 3 3.125 3.0625 3 3.125 3.25 3.25 3.25 3.25 3.25 3.125 3 2.75 2.75 3.125 2.3333332538604736 1.6666666269302368 2.5416667461395264 3 2.75 -1 -1 -1 -1 -1 -1 -1 -1 -1 -1 -1 -1 -1 -1 -1 -1 -1 -1 -1 -1 -1 -1 -1 -1 -1 -1 -1 -1 -1 -1 -1 -1 -1 -1 -1
3.25 3.25 3.25 3.25 3.25 3.2083332538604736 3.1666667461395264 3.2083332538604736 3 2.8333332538604736 2.875 2.9166667461395264 2.875 2.625 2.5833332538604736 2.7916667461395264 2.8333332538604736 2.7083332538604736 2.875 2.9583332538604736 2.8333332538604736 2.9166667461395264 2.875 2.9583332538604736 3.1666667461395264 3.0416667461395264 2.9583332538604736 3.0833332538604736 3.2083332538604736 3.25 3.25 3.25 3.25 3.25 3.25 2.875 2.625 2.375 1.625 2 2.8125 2.875 2.875 -1 -1 -1 -1 -1 -1 -1 -1 -1 -1 -1 -1 -1 -1 -1 -1 -1 -1 -1 -1 -1 -1 -1 -1 -1 -1 -1 -1 -1 -1 -1 -1 -1 -1 -1
3.25 3.25 3.25 3.1875 3.1875 3.125 3 3.125 3.1875 3 2.9375 3.125 3 2.625 2.5625 2.8125 2.75 2.625 2.875 2.875 2.75 2.625 2.6875 3 3.125 3 3.0625 3.1875 3.1875 3.25 3.25 3.125 3.125 3.25 3.25 2.7916667461395264 2.5416667461395264 1.5416666269302368 1.25 2.2083332538604736 2.7916667461395264 2.8499999046325684 2.5 -1 -1 -1 -1 -1 -1 -1 -1 -1 -1 -1 -1 -1 -1 -1 -1 -1 -1 -1 -1 -1 -1 -1 -1 -1 -1 -1 -1 -1 -1 -1 -1 -1 -1 -1
3.25 3.25 3.2083332538604736 3.1666667461395264 3.2083332538604736 3.1666667461395264 3.0833332538604736 3.125 3.2083332538604736 2.9583332538604736 2.9166667461395264 3.0416667461395264 2.75 2.6666667461395264 2.7083332538604736 2.6666667461395264 2.6666667461395264 2.7916667461395264 2.8333332538604736 2.7083332538604736 2.6666667461395264 2.625 2.75 2.9583332538604736 2.9583332538604736 2.875 2.9583332538604736 3.125 3.2083332538604736 3.0833332538604736 2.9166667461395264 2.875 2.8333332538604736 2.9166667461395264 3 2.875 2.625 1.5625 1.3125 2.3125 2.875 2.8125 2.5 -1 -1 -1 -1 -1 -1 -1 -1 -1 -1 -1 -1 -1 -1 -1 -1 -1 -1 -1 -1 -1 -1 -1 -1 -1 -1 -1 -1 -1 -1 -1 -1 -1 -1 -1
3.25 3.25 3.125 3.0625 3.1875 3.25 3.25 3.25 3.25 3.0625 2.9375 2.9375 2.875 2.9375 3.0625 2.875 2.75 2.8125 2.625 2.5625 2.625 2.625 2.6875 2.75 2.625 2.625 2.8125 2.9375 3.125 3 2.8125 2.875 2.875 2.9375 2.9166667461395264 2.9166667461395264 2.2083332538604736 1.75 2.125 2.4166667461395264 2.6666667461395264 2.5416667461395264 2.3333332538604736 -1 -1 -1 -1 -1 -1 -1 -1 -1 -1 -1 -1 -1 -1 -1 -1 -1 -1 -1 -1 -1 -1 -1 -1 -1 -1 -1 -1 -1 -1 -1 -1 -1 -1 -1
3.25 3.25 3.2083332538604736 3.1666667461395264 3.2083332538604736 3.25 3.25 3.25 3.25 3.2083332538604736 2.9583332538604736 2.9166667461395264 3.0833332538604736 3.0416667461395264 3 2.8333332538604736 2.6666667461395264 2.5833332538604736 2.5 2.5 2.5 2.5 2.5833332538604736 2.625 2.5416667461395264 2.5833332538604736 2.6666667461395264 2.75 2.8333332538604736 2.6666667461395264 2.625 2.7916667461395264 2.875 2.9166667461395264 2.75 2.9375 2.125 1.8125 2.4375 2.4375 2.375 2.375 2.5 -1 -1 -1 -1 -1 -1 -1 -1 -1 -1 -1 -1 -1 -1 -1 -1 -1 -1 -1 -1 -1 -1 -1 -1 -1 -1 -1 -1 -1 -1 -1 -1 -1 -1 -1
3.25 3.25 3.25 3.25 3.25 3.25 3.25 3.25 3.25 3.25 3.0625 3 3.0625 2.75 2.5625 2.625 2.625 2.5 2.5625 2.75 2.625 2.5625 2.5 2.4375 2.5 2.5 2.5 2.5625 2.5625 2.5 2.625 2.75 2.8125 2.75 2.7083332538604736 2.4500000476837158 1.8500000238418579 2.1666667461395264 2.7083332538604736 2.625 2.5 2.4583332538604736 2.4166667461395264 -1 -1 -1 -1 -1 -1 -1 -1 -1 -1 -1 -1 -1 -1 -1 -1 -1 -1 -1 -1 -1 -1 -1 -1 -1 -1 -1 -1 -1 -1 -1 -1 -1 -1 -1
3.25 3.25 3.25 3.25 3.25 3.25 3.25 3.25 3.25 3.25 3.2083332538604736 3.1666667461395264 2.9166667461395264 2.625 2.5416667461395264 2.5 2.625 2.6666667461395264 2.6666667461395264 2.75 2.75 2.7916667461395264 2.7916667461395264 2.75 2.75 2.7083332538604736 2.75 2.7083332538604736 2.5416667461395264 2.5416667461395264 2.5833332538604736 2.5833332538604736 2.5416667461395264 2.5 2.125 1.75 2.0625 2.3125 2.5 2.5 2.5625 2.5625 2.25 -1 -1 -1 -1 -1 -1 -1 -1 -1 -1 -1 -1 -1 -1 -1 -1 -1 -1 -1 -1 -1 -1 -1 -1 -1 -1 -1 -1 -1 -1 -1 -1 -1 -1 -1
3.25 3.25 3.25 3.25 3.25 3.25 3.25 3.25 3.25 3.1875 3.1875 3 2.75 2.625 2.5 2.5625 2.75 2.6875 2.6875 2.875 2.9375 3.125 3.25 3.0625 2.75 2.5625 2.625 2.75 2.75 2.875 2.875 2.6875 2.0416667461395264 1.5 1.5833333730697632 1.9583333730697632 2.4166667461395264 2.3333332538604736 2.2083332538604736 2.375 2.5416667461395264 2.5 2.3333332538604736 -1 -1 -1 -1 -1 -1 -1 -1 -1 -1 -1 -1 -1 -1 -1 -1 -1 -1 -1 -1 -1 -1 -1 -1 -1 -1 -1 -1 -1 -1 -1 -1 -1 -1 -1
3.25 3.25 3.25 3.25 3.25 3.25 3.25 3.25 3.2083332538604736 3.0833332538604736 3.0416667461395264 2.375 1.9166666269302368 2.3333332538604736 2.5833332538604736 2.7916667461395264 2.75 2.5416667461395264 2.5 2.5 2.5416667461395264 2.75 2.9166667461395264 2.75 2.7083332538604736 2.7916667461395264 2.7916667461395264 3 3.125 3.125 3.1666667461395264 2.9583332538604736 1.8333333730697632 0.875 1.5 2.1875 2.375 2.1875 2.1875 2.5 2.3125 2 1.875 -1 -1 -1 -1 -1 -1 -1 -1 -1 -1 -1 -1 -1 -1 -1 -1 -1 -1 -1 -1 -1 -1 -1 -1 -1 -1 -1 -1 -1 -1 -1 -1 -1 -1 -1
3.25 3.25 3.1875 3.125 3.1875 3.25 3.25 3.25 3.25 3.25 3.25 2.25 1.5 1.8125 2.3125 2.8125 2.8125 2.625 2.375 2.25 2.4375 2.6875 2.8125 2.6875 2.8125 3.0625 3.0625 3.1875 3.25 3.1875 3.1875 2.6666667461395264 1.7083333730697632 1.0833333730697632 1.7083333730697632 2.2916667461395264 2.2916667461395264 2.2083332538604736 2.0833332538604736 1.9583333730697632 1.8333333730697632 1.9166666269302368 2 -1 -1 -1 -1 -1 -1 -1 -1 -1 -1 -1 -1 -1 -1 -1 -1 -1 -1 -1 -1 -1 -1 -1 -1 -1 -1 -1 -1 -1 -1 -1 -1 -1 -1 -1
3.25 3.25 3.2083332538604736 3.1666667461395264 3.2083332538604736 3.25 3.25 3.2083332538604736 3.125 3.0416667461395264 2.875 2.4166667461395264 1.7916666269302368 1.75 2.1666667461395264 2.3333332538604736 2.4166667461395264 2.4583332538604736 2.4166667461395264 2.4166667461395264 2.625 2.9166667461395264 3 2.8333332538604736 2.9166667461395264 3.1666667461395264 3.1666667461395264 3.2083332538604736 3.25 3.0416667461395264 2.875 2.25 1.125 1.5 2 2.375 2.1875 2.125 1.9375 1.9375 2.25 1.9375 1.5 -1 -1 -1 -1 -1 -1 -1 -1 -1 -1 -1 -1 -1 -1 -1 -1 -1 -1 -1 -1 -1 -1 -1 -1 -1 -1 -1 -1 -1 -1 -1 -1 -1 -1 -1
3.25 3.25 3.25 3.25 3.25 3.375 3.25 3.125 3.0625 2.75 2.4375 2.1875 1.5625 1.75 2.25 2.25 2.375 2.3125 2.3125 2.375 2.5625 2.6875 2.6875 2.625 2.6875 2.9375 3.0625 3.125 3.125 2.875 2.625 1.75 1.375 1.9166666269302368 2.1666667461395264 2.375 2.375 2.4583332538604736 2.4583332538604736 2.5833332538604736 2.6666667461395264 2.125 0.75 -1 -1 -1 -1 -1 -1 -1 -1 -1 -1 -1 -1 -1 -1 -1 -1 -1 -1 -1 -1 -1 -1 -1 -1 -1 -1 -1 -1 -1 -1 -1 -1 -1 -1 -1
3.125 3.2083332538604736 3.2083332538604736 3.2083332538604736 3.25 3.2916667461395264 3.25 3.125 3 2.7083332538604736 2.4166667461395264 1.7916666269302368 1.75 2.5 2.8333332538604736 2.9583332538604736 2.9583332538604736 2.8333332538604736 2.75 2.4166667461395264 2.5 2.4583332538604736 2.5 2.7083332538604736 2.5416667461395264 2.5 2.75 2.7083332538604736 2.7083332538604736 2.8333332538604736 2.375 1.5625 1.9375 2.375 2.3125 2.5 2.6875 2.5625 2.6875 3.0625 3.0833332538604736 2.75 -1 -1 -1 -1 -1 -1 -1 -1 -1 -1 -1 -1 -1 -1 -1 -1 -1 -1 -1 -1 -1 -1 -1 -1 -1 -1 -1 -1 -1 -1 -1 -1 -1 -1 -1 -1
