SimulationData/Scenarios/Alblasserwaard/Flooding/Gorinchem/7200.asc
ncols        410
nrows        139
xllcorner    4.624486754327
yllcorner    51.814562674375
cellsize     0.001350341696
NODATA_value  -1
[rows 102 to 135 of 139, columns 78 to 155 of 410]
2.9375 2.8125 3.25 3.375 3.4375 2.9375 2.4375 2.25 2 2.5 3.1875 3.4375 3.5 3.5 3.5 3.5 3.4375 3.3125 3.375 3.5 3.5 3.5 3.5 3.5 3.5 3.5 3.5 3.5 3.4583332538604736 3.4583332538604736 3.5 3.5 3.4583332538604736 3.4583332538604736 3.4583332538604736 3.4166667461395264 3.4583332538604736 3.5 3.4166667461395264 3.375 3.375 3.4166667461395264 3.5 3.4583332538604736 3.4583332538604736 3.4166667461395264 3.3333332538604736 3.4166667461395264 3.4166667461395264 3.3333332538604736 3.3333332538604736 3.3333332538604736 3.2916667461395264 3.2916667461395264 3.3333332538604736 3.2916667461395264 3.25 3.3333332538604736 3.3333332538604736 3.25 3.25 3.25 3.2916667461395264 3.3333332538604736 3.25 3.25 3.2916667461395264 3.25 3.2083332538604736 3.2083332538604736 3.25 3.25 3.25 3.25 3.25 3.25 3.25 3.25
1.75 1.9583333730697632 2.5833332538604736 2.7083332538604736 2.5 2.375 2.625 2.875 2.9583332538604736 3.1666667461395264 3.4166667461395264 3.4583332538604736 3.4583332538604736 3.4166667461395264 3.4583332538604736 3.5 3.5 3.4583332538604736 3.4583332538604736 3.5 3.5 3.5 3.5 3.5 3.5 3.5 3.5 3.5 3.375 3.375 3.5 3.5 3.5 3.5 3.375 3.375 3.5 3.5 3.375 3.3125 3.375 3.375 3.5 3.5 3.5 3.4375 3.4375 3.4375 3.3125 3.25 3.3125 3.3125 3.25 3.25 3.3125 3.3125 3.25 3.3125 3.3125 3.25 3.3125 3.3125 3.3125 3.375 3.25 3.1875 3.25 3.25 3.25 3.25 3.25 3.25 3.25 3.25 3.25 3.25 3.25 3.25
1.6875 2.1875 3.1875 3.3125 2.5 2.5625 3.375 3.375 3.375 3.4375 3.5 3.5 3.5 3.5 3.5 3.4375 3.4375 3.5 3.5 3.5 3.5 3.4375 3.375 3.4375 3.5 3.4583332538604736 3.375 3.3333332538604736 3.3333332538604736 3.4166667461395264 3.4166667461395264 3.4166667461395264 3.5 3.5 3.4166667461395264 3.4166667461395264 3.4583332538604736 3.4166667461395264 3.375 3.3333332538604736 3.375 3.4166667461395264 3.4166667461395264 3.4583332538604736 3.5 3.4583332538604736 3.4166667461395264 3.375 3.375 3.3333332538604736 3.3333332538604736 3.3333332538604736 3.2916667461395264 3.3333332538604736 3.2916667461395264 3.25 3.25 3.25 3.25 3.25 3.2916667461395264 3.2916667461395264 3.25 3.25 3.2083332538604736 3.2083332538604736 3.25 3.25 3.25 3.25 3.25 3.25 3.25 3.25 3.25 3.25 3 2.7083332538604736
2.0416667461395264 2.5 3.3333332538604736 3.3333332538604736 2.7916667461395264 2.875 3.4583332538604736 3.4166667461395264 3.4583332538604736 3.4583332538604736 3.4166667461395264 3.4166667461395264 3.4166667461395264 3.5 3.5 3.4583332538604736 3.4583332538604736 3.4583332538604736 3.4583332538604736 3.4166667461395264 3.375 3.375 3.2916667461395264 3.375 3.5 3.4375 3.375 3.375 3.375 3.4375 3.375 3.375 3.5 3.5 3.5 3.5 3.375 3.375 3.5 3.4375 3.375 3.375 3.375 3.4375 3.5 3.5 3.4375 3.3125 3.3125 3.375 3.375 3.3125 3.3125 3.4375 3.375 3.25 3.25 3.3125 3.3125 3.25 3.25 3.25 3.25 3.25 3.25 3.25 3.25 3.25 3.25 3.25 3.25 3.25 3.25 3.25 2.9375 2.6875 2.6875 2.875
2.5 2.875 3.25 3.25 3.375 3.5 3.5 3.5 3.5 3.375 3.375 3.4375 3.375 3.375 3.4375 3.5 3.5 3.4375 3.4375 3.4375 3.4375 3.5 3.375 3.375 3.4583332538604736 3.4583332538604736 3.5 3.4166667461395264 3.3333332538604736 3.25 3.2083332538604736 3.25 3.3333332538604736 3.25 3.2083332538604736 3.2916667461395264 3.2083332538604736 3.1666667461395264 3.2083332538604736 3.2083332538604736 3.2083332538604736 3.1666667461395264 3.125 3.125 3.1666667461395264 3.125 3.125 3.25 3.2916667461395264 3.2916667461395264 3.3333332538604736 3.3333332538604736 3.375 3.375 3.2916667461395264 3.25 3.2916667461395264 3.3333332538604736 3.2916667461395264 3.25 3.25 3.25 3.25 3.25 3.25 3.25 3.25 3.25 3.25 3.25 3.25 3.25 3.0416667461395264 2.8333332538604736 2.7916667461395264 2.8333332538604736 3.125 3.2916667461395264
3 3.1666667461395264 3.25 3.25 3.375 3.4583332538604736 3.4166667461395264 3.375 3.4166667461395264 3.375 3.375 3.4583332538604736 3.4166667461395264 3.25 3.1666667461395264 3.2083332538604736 3.2083332538604736 3.2083332538604736 3.1666667461395264 3.25 3.3333332538604736 3.3333332538604736 3.2916667461395264 3.2916667461395264 3.2916667461395264 3.1875 3.125 3.125 3.125 3.125 3.1875 3.25 3.1875 3.125 3.125 3.1875 3.1875 3.125 3.125 3.125 3.0625 3 3 2.8125 2.8125 2.9375 2.875 2.875 2.875 2.9375 3.0625 3.1875 3.3125 3.3125 3.3125 3.375 3.375 3.3125 3.25 3.25 3.25 3.25 3.25 3.25 3.25 3.25 3.25 3.25 3.25 3.25 2.875 2.5625 2.625 3 3.3125 3.25 3.25 3.25
3.0625 2.9375 3.25 3.3125 3.4375 3.4375 3.375 3.3125 3.3125 3.3125 3.1875 3.125 3.125 3.125 3.125 3.0625 3 3.125 3.25 3.1875 3.125 3.125 3.1875 3.25 3.2083332538604736 3.2083332538604736 3.1666667461395264 3.25 3.3333332538604736 3.4166667461395264 3.5 3.4583332538604736 3.375 3.4166667461395264 3.5 3.5 3.5 3.5 3.5 3.5 3.5 3.5 3.5 3.125 3.0416667461395264 3.3333332538604736 3.3333332538604736 3.125 3.0416667461395264 3.1666667461395264 3.1666667461395264 3.125 3.0833332538604736 3.0416667461395264 3 3 3.1666667461395264 3.125 3.0833332538604736 3.25 3.25 3.25 3.25 3.25 3.25 3.0833332538604736 2.9166667461395264 2.875 2.7916667461395264 2.75 2.75 2.7916667461395264 3.0416667461395264 3.25 3.25 3.25 3.25 3.25
2.7916667461395264 2.7916667461395264 3.25 3.3333332538604736 3.25 3.0833332538604736 3 2.9166667461395264 2.9583332538604736 3.0833332538604736 3.2083332538604736 3.2083332538604736 3.1666667461395264 3.3333332538604736 3.5 3.4583332538604736 3.4166667461395264 3.375 3.3333332538604736 3.375 3.4166667461395264 3.4166667461395264 3.4166667461395264 3.375 3.375 3.3125 3.25 3.3125 3.4375 3.5 3.5 3.5 3.5 3.5 3.5 3.5 3.5 3.4375 3.4375 3.5 3.5 3.5 3.5 3.125 3.0625 3.3125 3.375 3.4375 3.375 3.4375 3.4375 3.3125 3.25 3.25 2.75 2.25 2.5 2.75 2.5625 2.75 3.1875 3.25 3.25 3.25 3 2.6875 2.6875 2.6875 2.9375 3.25 3.25 3.25 3.25 3.25 3.25 3.25 3.25 3.25
2.5625 2.5 2.75 2.6875 2.6875 3 3.25 3.25 3.25 3.3125 3.375 3.375 3.5 3.4375 3.4375 3.5 3.4375 3.375 3.4375 3.4375 3.375 3.4375 3.4375 3.4166667461395264 3.4583332538604736 3.4166667461395264 3.3333332538604736 3.3333332538604736 3.4166667461395264 3.5 3.4583332538604736 3.4583332538604736 3.4166667461395264 3.3333332538604736 3.375 3.375 3.4166667461395264 3.4583332538604736 3.4583332538604736 3.5 3.5 3.5 3.3333332538604736 3 3.0833332538604736 3.3333332538604736 3.3333332538604736 3.375 3.4166667461395264 3.4166667461395264 3.4166667461395264 3.3333332538604736 3.25 3.25 3.25 2.9166667461395264 3.0833332538604736 3.25 2.9583332538604736 2.7083332538604736 2.7916667461395264 2.8333332538604736 2.8333332538604736 2.875 2.875 3 3.2083332538604736 3.25 3.25 3.25 3.25 3.25 3.25 3.25 3.25 3.25 3.25 3.25
2.7083332538604736 2.5416667461395264 2.9166667461395264 2.9166667461395264 3.125 3.375 3.3333332538604736 3.375 3.375 3.375 3.4166667461395264 3.4166667461395264 3.4166667461395264 3.4166667461395264 3.4166667461395264 3.375 3.3333332538604736 3.3333332538604736 3.4166667461395264 3.4166667461395264 3.3333332538604736 3.375 3.4166667461395264 3.4166667461395264 3.5 3.5 3.5 3.5 3.5 3.5 3.5 3.5 3.4375 3.375 3.3125 3.3125 3.4375 3.5 3.5 3.5 3.5 3.5 3.0625 3 3.3125 3.375 3.4375 3.4375 3.5 3.375 3.375 3.4375 3.375 3.3125 3.25 3.3125 3.375 3.3125 3.3125 3.375 3.3125 3.25 3.3125 3.3125 3.1875 3.1875 3.25 3.25 3.25 3.25 3.25 3.25 3.25 3.25 3.25 3.25 3.25 3.25
2.9375 2.75 2.9375 3.1875 3.4375 3.5 3.4375 3.4375 3.4375 3.4375 3.4375 3.375 3.375 3.375 3.375 3.4375 3.5 3.5 3.5 3.5 3.5 3.4375 3.375 3.375 3.4166667461395264 3.5 3.5 3.5 3.5 3.5 3.4583332538604736 3.4166667461395264 3.4583332538604736 3.5 3.4166667461395264 3.375 3.4583332538604736 3.5 3.4583332538604736 3.4583332538604736 3.5 3.5 3.0416667461395264 3.0416667461395264 3.4166667461395264 3.3333332538604736 3.3333332538604736 3.375 3.4166667461395264 3.375 3.4166667461395264 3.4583332538604736 3.4166667461395264 3.375 3.3333332538604736 3.375 3.375 3.3333332538604736 3.375 3.375 3.2916667461395264 3.25 3.2916667461395264 3.2916667461395264 3.25 3.25 3.25 3.25 3.25 3.25 3.25 3.25 3.25 3.25 3.25 3.25 3.25 3.25
3.125 2.7083332538604736 2.7916667461395264 3.25 3.375 3.375 3.3333332538604736 3.375 3.4166667461395264 3.4166667461395264 3.4166667461395264 3.3333332538604736 3.2916667461395264 3.2916667461395264 3.375 3.4166667461395264 3.4583332538604736 3.5 3.4583332538604736 3.4166667461395264 3.4166667461395264 3.375 3.4166667461395264 3.4375 3.4375 3.5 3.5 3.5 3.4375 3.4375 3.4375 3.3125 3.3125 3.375 3.375 3.375 3.4375 3.5 3.4375 3.4375 3.5 3.5 3 3 3.4375 3.3125 3.25 3.375 3.5 3.375 3.375 3.375 3.375 3.375 3.25 3.375 3.4375 3.375 3.3125 3.25 3.25 3.25 3.25 3.25 3.25 3.25 3.25 3.25 3.25 3.25 3.25 3.25 3.25 3.25 3.25 3.25 3.25 3.25
3.25 2.75 2.875 3.25 3.3125 3.375 3.375 3.4375 3.5 3.5 3.5 3.5 3.4375 3.4375 3.5 3.375 3.375 3.5 3.4375 3.375 3.375 3.375 3.4583332538604736 3.5 3.4166667461395264 3.3333332538604736 3.4166667461395264 3.5416667461395264 3.5416667461395264 3.5 3.4583332538604736 3.4166667461395264 3.4166667461395264 3.4166667461395264 3.375 3.3333332538604736 3.375 3.4166667461395264 3.4166667461395264 3.4166667461395264 3.5 3.4583332538604736 2.9166667461395264 2.9166667461395264 3.375 3.2916667461395264 3.3333332538604736 3.4583332538604736 3.4583332538604736 3.4166667461395264 3.4583332538604736 3.4583332538604736 3.4583332538604736 3.4583332538604736 3.4166667461395264 3.4583332538604736 3.4166667461395264 3.2916667461395264 3.25 3.25 3.25 3.25 3.25 3.25 3.25 3.25 3.25 3.25 3.25 3.25 3.25 3.25 3.25 3.25 3.25 3.25 3.25 3.2916667461395264
3.125 3.0833332538604736 3.2083332538604736 3.2916667461395264 3.3333332538604736 3.375 3.4166667461395264 3.4166667461395264 3.375 3.375 3.4166667461395264 3.5 3.4166667461395264 3.4166667461395264 3.4583332538604736 3.375 3.375 3.4583332538604736 3.5 3.5 3.4583332538604736 3.4166667461395264 3.5 3.6875 3.5625 3.375 3.4375 3.5625 3.75 3.6875 3.25 3.25 3.5 3.4375 3.375 3.3125 3.25 3.25 3.3125 3.375 3.375 3.3125 2.75 2.8125 3.375 3.3125 3.375 3.5 3.4375 3.4375 3.4375 3.4375 3.4375 3.375 3.375 3.375 3.3125 3.25 3.25 3.25 3.25 3.25 3.25 3.25 3.25 3.25 3.25 3.25 3.25 3.25 3.25 3.25 3.25 3.25 3.25 3.25 3.25 3.3125
3.375 3.3125 3.25 3.3125 3.375 3.375 3.375 3.4375 3.375 3.3125 3.375 3.4375 3.375 3.3125 3.375 3.375 3.3125 3.3125 3.375 3.375 3.375 3.375 3.4166667461395264 3.5 3.5416667461395264 3.5 3.4166667461395264 3.375 3.4583332538604736 3.4583332538604736 3.25 3.25 3.375 3.3333332538604736 3.2916667461395264 3.25 3.25 3.25 3.25 3.25 3.2916667461395264 3.2916667461395264 2.75 2.75 3.25 3.25 3.2916667461395264 3.3333332538604736 3.2916667461395264 3.2916667461395264 3.2916667461395264 3.375 3.4583332538604736 3.4166667461395264 3.25 3.25 3.25 3.25 3.25 3.25 3.25 3.25 3.25 3.25 3.25 3.25 3.1666667461395264 3.1666667461395264 3.25 3.25 3.25 3.25 3.25 3.25 3.1666667461395264 3.1666667461395264 3.25 3.25
3.375 3.3333332538604736 3.2916667461395264 3.2916667461395264 3.375 3.3333332538604736 3.2916667461395264 3.3333332538604736 3.3333332538604736 3.4166667461395264 3.5 3.4583332538604736 3.375 3.2916667461395264 3.2916667461395264 3.2916667461395264 3.2083332538604736 3.2083332538604736 3.25 3.25 3.2916667461395264 3.3333332538604736 3.3125 3.25 3.25 3.25 3.25 3.25 3.3125 3.3125 3.3125 3.3125 3.25 3.25 3.25 3.25 3.25 3.3125 3.3125 3.25 3.3125 3.3125 2.8125 2.8125 3.25 3.25 3.25 3.25 3.25 3.25 3.25 3.375 3.4375 3.375 3.375 3.3125 3.25 3.25 3.25 3.25 3.25 3.25 3.25 3.3125 3.3125 3.25 3.25 3.3125 3.375 3.3125 3.25 3.25 3.3125 3.3125 3.3125 3.3125 3.25 3.25
3.3125 3.3125 3.25 3.3125 3.3125 3.25 3.3125 3.3125 3.375 3.5625 3.625 3.5 3.375 3.3125 3.25 3.25 3.25 3.25 3.25 3.25 3.375 3.3333332538604736 3.25 3.25 3.25 3.25 3.2916667461395264 3.2916667461395264 3.25 3.25 3.2916667461395264 3.3333332538604736 3.2916667461395264 3.2916667461395264 3.3333332538604736 3.2916667461395264 3.25 3.2916667461395264 3.2916667461395264 3.25 3.25 3 2.875 3.125 3.25 3.25 3.25 3.25 3.2916667461395264 3.3333332538604736 3.2916667461395264 3.3333332538604736 3.375 3.3333332538604736 3.3333332538604736 3.2916667461395264 3.25 3.25 3.25 3.25 3.25 3.2083332538604736 3.2083332538604736 3.2916667461395264 3.2916667461395264 3.25 3.25 3.25 3.3333332538604736 3.2916667461395264 3.25 3.25 3.2916667461395264 3.2916667461395264 3.2916667461395264 3.2916667461395264 3.25 3.25
3.25 3.2916667461395264 3.2916667461395264 3.25 3.25 3.25 3.25 3.2916667461395264 3.375 3.4166667461395264 3.4166667461395264 3.3333332538604736 3.2916667461395264 3.2916667461395264 3.25 3.2916667461395264 3.2916667461395264 3.25 3.25 3.2916667461395264 3.3333332538604736 3.2916667461395264 3.25 3.25 3.25 3.25 3.25 3.25 3.25 3.25 3.25 3.25 3.25 3.3125 3.3125 3.25 3.25 3.25 3.25 3.25 3.25 2.875 2.875 3.3125 3.3125 3.25 3.25 3.25 3.25 3.3125 3.3125 3.25 3.25 3.25 3.25 3.25 3.25 3.125 3.125 3.25 3.25 3.1875 3.1875 3.25 3.25 3.25 3.25 3.25 3.25 3.25 3.25 3.25 3.25 3.25 3.25 3.25 3.25 3.25
3.3125 3.3125 3.25 3.25 3.25 3.25 3.25 3.375 3.375 3.3125 3.375 3.3125 3.25 3.25 3.25 3.3125 3.3125 3.3125 3.3125 3.25 3.25 3.25 3.25 3.25 3.25 3.25 3.25 3.25 3.25 3.25 3.25 3.25 3.2916667461395264 3.2916667461395264 3.25 3.25 3.25 3.25 3.25 3.25 3.25 2.8333332538604736 2.8333332538604736 3.2916667461395264 3.2916667461395264 3.25 3.25 3.25 3.25 3.25 3.2916667461395264 3.2916667461395264 3.25 3.25 3.25 3.25 3.25 3.1666667461395264 3.1666667461395264 3.25 3.25 3.25 3.25 3.25 3.25 3.25 3.25 3.25 3.25 3.25 2.9166667461395264 2.9166667461395264 3.2083332538604736 2.8333332538604736 2.5 2.5 2.5 2.5
3.375 3.4166667461395264 3.3333332538604736 3.25 3.25 3.25 3.2916667461395264 3.375 3.3333332538604736 3.25 3.25 3.2916667461395264 3.2916667461395264 3.25 3.25 3.25 3.25 3.2916667461395264 3.3333332538604736 3.2916667461395264 3.25 3.25 3.25 3.25 3.25 3.25 3.25 3.25 3.25 3.25 3.25 3.25 3.25 3.25 3.25 3.25 3.25 3.25 3.25 3.3125 3.125 2.9375 3.125 3.25 3.3125 3.3125 3.25 3.25 3.25 3.25 3.25 3.25 3.25 3.25 3.25 3.25 3.25 3.25 3.25 3.25 3.25 3.25 3.25 3.25 3.25 3.25 3.25 3.25 3.3125 3.3125 2.1875 1.625 2.0625 2.0625 2.125 2.125 2.125 2.6875
2.3125 2.5 2.9375 3.25 3.25 3.25 3.25 3.25 3.25 3.25 3.25 3.3125 3.3125 3.25 3.25 3.25 3.25 3.25 3.25 3.3125 3.2916667461395264 3.1666667461395264 3.1666667461395264 3.25 3.25 3.25 3.25 3.2916667461395264 3.2916667461395264 3.25 3.2083332538604736 3.25 3.3333332538604736 3.2916667461395264 3.25 3.25 3.25 3.25 3.25 3.0416667461395264 2.9166667461395264 3.2083332538604736 3.3333332538604736 3.25 3.2916667461395264 3.2916667461395264 3.25 3.25 3.2916667461395264 3.2916667461395264 3.25 3.2916667461395264 3.3333332538604736 3.25 3.2916667461395264 3.2916667461395264 3.25 3.25 3.2916667461395264 3.2916667461395264 3.25 3.25 3.25 3.25 2.875 2.5 2.5 2.5 2.5416667461395264 2.5416667461395264 2.4166667461395264 2.4166667461395264 2.5 2.875 3.25 3.25 3.25 3.25
2.375 2.2916667461395264 2.2083332538604736 2.3333332538604736 2.4583332538604736 2.5833332538604736 2.5833332538604736 2.5833332538604736 2.5833332538604736 2.5833332538604736 2.5833332538604736 2.5833332538604736 2.5833332538604736 2.5833332538604736 2.5833332538604736 2.5 2.75 3.25 3.25 3.3125 2.6700000762939453 2.2125000953674316 3 3.25 3.25 3.25 3.25 3.25 3.25 3.25 3.1875 3.25 3.375 3.3125 3.25 3.3125 3.375 3.375 3.375 2.875 2.8125 3.375 3.4375 3.3125 3.25 3.25 3.25 3.25 3.3125 3.3125 3.25 3.3125 3.375 3.3125 3.375 3.375 3.25 3.25 3.3125 3.3125 3.3125 3.3125 2.6875 2.125 2.125 2.125 2.1875 2.25 2.75 3.25 3.25 3.3125 3.3125 3.25 3.25 3.25 3.25 3.25
2.9375 3.25 3.0625 2.875 2.375 1.8125 1.625 1.5 2 2.5 2.5 2 1.75 1.75 1.25 1 2 3.25 3.25 3.25 2.2000000476837158 2.0875000953674316 2.8125 3.125 3.1875 2.75 2.2400000095367432 2.3250000476837158 2.5 2.9166667461395264 3.25 3.25 3.25 3.25 3.2916667461395264 3.3333332538604736 3.3333332538604736 3.375 3.4166667461395264 2.7916667461395264 2.6666667461395264 3.25 3.3333332538604736 3.3333332538604736 3.3333332538604736 3.3333332538604736 3.375 3.375 3.3333332538604736 3.3333332538604736 3.375 3.4166667461395264 3.4166667461395264 3.3333332538604736 3.375 3.375 3.25 3.25 3.25 3.25 2.9166667461395264 2.5 2.2916667461395264 2.3333332538604736 2.875 3.25 3.25 3.3333332538604736 3.2916667461395264 3.25 3.25 3.2916667461395264 3.2916667461395264 3.25 3.25 3.25 3.25 3.2083332538604736
3.1666667461395264 3.25 3.25 3.25 3.125 2.9583332538604736 2.8333332538604736 2.4583332538604736 2.5833332538604736 3 3.0999999046325684 2.625 2.25 2.5 2.1875 2.625 2.7999999523162842 2.4583332538604736 2.4583332538604736 2.7000000476837158 3.0833332538604736 2.4375 2.4375 3.125 3.1875 2.5 1.3166667222976685 1.6749999523162842 1.6875 1.875 2.25 2.25 2.8125 3.3125 3.25 3.25 3.25 3.25 3.5 3 2.6666667461395264 3.1875 3.3125 3.3125 3.3125 3.25 3.375 3.375 3.25 3.25 3.3125 3.4375 3.5 3.4375 3.375 3.1875 3.125 3.25 2.6875 2.125 2.1875 2.625 2.9375 3.0625 3.25 3.25 3.25 3.25 3.25 3.25 3.25 3.25 3.25 3.25 3.25 3.25 3.25 3.1875
3.25 3.25 3.3125 3.375 3.3125 3.25 3.25 3.125 3 3 2.9166667461395264 1.5249999761581421 1.2749999761581421 2.4166667461395264 2.1875 2.375 2.5625 2.25 1.5750000476837158 2.0333333015441895 2.625 2.2083332538604736 2.3333332538604736 2.9166667461395264 2.8499999046325684 2.5499999523162842 2.7083332538604736 3.0499999523162842 2.5999999046325684 2.2916667461395264 2.3333332538604736 2.2083332538604736 2.125 1.9583333730697632 1.75 2.1666667461395264 2.5833332538604736 2.5833332538604736 2.625 2.5 2.5 3 3.3333332538604736 3.2916667461395264 3.25 3.25 3.3333332538604736 3.3333332538604736 3.2916667461395264 3.2916667461395264 3.25 3 2.75 2.75 2.7083332538604736 1.9833333492279053 1.4833333492279053 1.875 1.9583333730697632 2 2.5833332538604736 2.7916667461395264 2.625 2.75 2.8333332538604736 2.8333332538604736 2.8333332538604736 2.8333332538604736 2.875 2.875 2.8333332538604736 2.8333332538604736 2.8333332538604736 2.8333332538604736 2.875 2.7916667461395264 2.5416667461395264 2.1749999523162842
3.25 2.5833332538604736 2.8125 3.4500000476837158 3.3333332538604736 3.2083332538604736 3.25 3.25 3.25 3.1875 2.6666667461395264 2.059999942779541 2.1333334445953369 2.5833332538604736 2.4166667461395264 2.4583332538604736 2.3333332538604736 1.6666666269302368 1.4916666746139526 2.0333333015441895 2.3125 2.5625 2.1875 1.75 2.0625 2.375 2.3125 2.25 2.4166667461395264 2.5 2 2.1875 2.625 2.0625 1.875 1.875 2 2.25 1.5625 1.5625 2.125 2.125 2.25 2.25 2.25 2.25 2.25 2.25 2.3125 2.3125 2.25 2.25 1.75 1.75 1.6875 1.3333333730697632 1.25 1.9375 2.4375 2.5625 2.5 2.4375 2.5625 2.5 2.375 2.4375 2.5 2.3125 2.25 2.5625 2.5625 2.3125 2.4375 2.5625 2.875 3.1875 2.3125 1.75
-1 -1 -1 3.375 3.25 3.1875 3.3125 3.0625 2.75 2.75 3.125 2.625 2.25 1.9333333969116211 2.3250000476837158 3.0625 2.8125 2.6875 2.4166667461395264 1.875 2.375 2.7916667461395264 2.5833332538604736 2.25 2.4166667461395264 1.8999999761581421 1.6000000238418579 2.4166667461395264 2.625 2.125 1.4616667032241821 1.6950000524520874 2.5799999237060547 2.5 2.375 2.4000000953674316 2.2916667461395264 2.5 2.3333332538604736 2.2083332538604736 2.2916667461395264 2.2916667461395264 2.1666667461395264 2.125 2.2916667461395264 2.5416667461395264 2.625 2.2916667461395264 2 2.1666667461395264 2.25 2.1666667461395264 2.375 2.7083332538604736 2.6666667461395264 2.6500000953674316 2.8499999046325684 2.9583332538604736 3.1666667461395264 3.2916667461395264 3.2916667461395264 3.2083332538604736 2.9166667461395264 2.625 2.5 2.625 2.8333332538604736 2.5833332538604736 2.7916667461395264 3.125 2.9583332538604736 2.8333332538604736 2.8333332538604736 2.9166667461395264 2.7916667461395264 2.5 1.6666666269302368 1.75
-1 -1 -1 3.25 3.25 3.3499999046325684 3.25 2.9375 2.5 1.6666666269302368 2.25 2.4375 1.1625000238418579 0.43000000715255737 1.5640000104904175 2.5499999523162842 2.625 2.75 2.625 1.875 2 2.4375 2.375 2.4375 2.5625 2.75 3 3 2.875 2.6875 2.9375 3.25 3.25 1.8799999952316284 1.5049999952316284 2.6875 2.5625 2.25 2.125 1.9375 2.3125 2.6875 2.625 2.5 2.375 2.5625 3 2.6875 2.1875 2.5625 2.6875 2.5 2.125 2.25 2.6666667461395264 2.625 2.875 3.0625 3.3125 3.3125 3.25 3 2.75 2.8125 2.5625 2.5 2.75 2.5625 2.875 2.75 2.6875 3 2.3125 1.8125 2 2.5 -1 2.25
-1 -1 -1 -1 -1 2.625 2.625 2.625 -1 1.75 1.4166666269302368 0.75 0.40000000596046448 1.3250000476837158 1.5833333730697632 1.9166666269302368 3.25 2.25 2.25 2.25 2.25 2.125 2 2.25 2.75 3 3 3.1666667461395264 2.5999999046325684 2.4166667461395264 2.9166667461395264 3.1666667461395264 3 2.2539999485015869 2.1040000915527344 2.5416667461395264 2.5 2.1666667461395264 2.3333332538604736 1.9583333730697632 2.375 3.2083332538604736 3 2.8333332538604736 2.6666667461395264 2.6666667461395264 2.3366665840148926 2.3366665840148926 2.6666667461395264 2.4166667461395264 2.2083332538604736 2.1666667461395264 1.9583333730697632 1.7000000476837158 2.3499999046325684 2.2533333301544189 2.2950000762939453 2.8333332538604736 2.4500000476837158 2.1583333015441895 2.375 2.75 2.875 3.25 1.9833333492279053 1.3500000238418579 1.6349999904632568 1.3140000104904175 1.8600000143051147 2.3125 2.1666667461395264 1.8666666746139526 0.9375 0.54000002145767212 0.36000001430511475 0.32500001788139343 0.40000000596046448 2.125
-1 -1 -1 -1 -1 1.75 1.8333333730697632 1.875 -1 2 1.375 0.75 -1 2.25 1.1833333969116211 1.5166666507720947 3.25 -1 -1 -1 -1 -1 -1 -1 -1 -1 -1 -1 2 1.8333333730697632 2.125 2.5625 2.5 2.4375 2.4375 2.375 2.375 2.3125 2.0625 1.75 2.1666667461395264 2.75 3.0625 3 2.75 2.5625 2.8125 3.0625 3.0625 3.125 2.8125 2.5 2.375 2 1.75 1.1733332872390747 1.3849999904632568 2.25 0.78333336114883423 0.36666667461395264 0.5 -1 -1 -1 -1 -1 0.019999999552965164 0.21000000834465027 0.35000002384185791 0.20000000298023224 0.20000000298023224 0.23333334922790527 0.27500000596046448 0.30000001192092896 0.17499999701976776 0.25 0.40000000596046448 0.40000000596046448
-1 -1 -1 -1 -1 -1 -1 -1 -1 -1 -1 -1 -1 -1 -1 -1 -1 -1 -1 -1 -1 -1 -1 -1 -1 -1 -1 -1 -1 0.75 1.5 2.3125 2.2916667461395264 2.3333332538604736 2.4166667461395264 2.5 2.5833332538604736 2.4583332538604736 2.2916667461395264 2 1.6499999761581421 2.2083332538604736 2.9583332538604736 3 2.2916667461395264 2.2916667461395264 2.9583332538604736 2.9583332538604736 3 3.25 3.1666667461395264 3 3 2.75 2.0625 0.75 -1 -1 0.40000000596046448 0.40000000596046448 -1 -1 -1 -1 -1 -1 -1 -1 0.16000001132488251 0.14000000059604645 0.20000000298023224 0.30000001192092896 0.30000001192092896 0.20000000298023224 0.10000000149011612 0.25 0.40000000596046448 0.40000000596046448
-1 -1 -1 -1 -1 -1 -1 -1 -1 -1 -1 -1 -1 -1 -1 -1 -1 -1 -1 -1 -1 -1 -1 -1 -1 -1 -1 -1 -1 -1 -1 2.5 2.3333332538604736 2.25 2.3125 2.375 2.375 2.4375 2.4375 2.3125 2.25 2.5625 2.875 2.8125 2.8125 2.75 2.6875 2.75 2.75 2.875 3 3 3 2.75 2.5833332538604736 2.75 -1 -1 -1 -1 -1 -1 -1 -1 -1 -1 -1 -1 -1 -1 -1 -1 -1 -1 -1 -1 -1 -1
-1 -1 -1 -1 -1 -1 -1 -1 -1 -1 -1 -1 -1 -1 -1 -1 -1 -1 -1 -1 -1 -1 -1 -1 -1 -1 -1 -1 -1 -1 -1 -1 2.25 2.25 1.8799999952316284 1.8583333492279053 2.0833332538604736 2.3333332538604736 2.4583332538604736 2.4166667461395264 2.5833332538604736 2.5416667461395264 2.5833332538604736 2.75 2.9166667461395264 3.0499999523162842 3.125 3.0833332538604736 2.625 2.75 3 3.125 3.125 2.75 2.625 2.75 -1 -1 -1 -1 -1 -1 -1 -1 -1 -1 -1 -1 -1 -1 -1 -1 -1 -1 -1 -1 -1 -1
-1 -1 -1 -1 -1 -1 -1 -1 -1 -1 -1 -1 -1 -1 -1 -1 -1 -1 -1 -1 -1 -1 -1 -1 -1 -1 -1 -1 -1 -1 -1 -1 -1 -1 0.40000000596046448 1.0750000476837158 1.75 2 2.25 2.375 2.6875 2.5625 2.4375 2.75 2.875 3 -1 -1 -1 -1 -1 -1 -1 -1 -1 -1 -1 -1 -1 -1 -1 -1 -1 -1 -1 -1 -1 -1 -1 -1 -1 -1 -1 -1 -1 -1 -1 -1
