SimulationData/Scenarios/Alblasserwaard/Flooding/Gorinchem/8640.asc
ncols        410
nrows        139
xllcorner    4.624486754327
yllcorner    51.814562674375
cellsize     0.001350341696
NODATA_value  -1
[rows 72 to 107 of 139, columns 0 to 80 of 410]
-1 -1 -1 -1 -1 -1 -1 -1 -1 -1 -1 -1 -1 -1 -1 -1 -1 -1 -1 -1 -1 -1 -1 -1 -1 -1 -1 -1 -1 -1 -1 -1 -1 -1 -1 -1 -1 -1 -1 -1 -1 -1 -1 -1 -1 -1 -1 -1 -1 -1 -1 -1 -1 -1 -1 -1 -1 -1 -1 -1 -1 -1 -1 -1 -1 -1 -1 -1 -1 -1 -1 -1 -1 -1 -1 -1 -1 -1 -1 -1 -1
-1 -1 -1 -1 -1 -1 -1 -1 -1 -1 -1 -1 -1 -1 -1 -1 -1 -1 -1 -1 -1 -1 -1 -1 -1 -1 -1 -1 -1 -1 -1 -1 -1 -1 -1 -1 -1 -1 -1 -1 -1 -1 -1 -1 -1 -1 -1 -1 -1 -1 -1 -1 -1 -1 -1 -1 -1 -1 -1 -1 -1 -1 -1 -1 -1 -1 -1 -1 -1 -1 -1 -1 -1 -1 -1 -1 -1 -1 -1 -1 -1
-1 -1 -1 -1 -1 -1 -1 -1 -1 -1 -1 -1 -1 -1 -1 -1 -1 -1 -1 -1 -1 -1 -1 -1 -1 -1 -1 -1 -1 -1 -1 -1 -1 -1 -1 -1 -1 -1 -1 -1 -1 -1 -1 -1 -1 -1 -1 -1 -1 -1 -1 -1 -1 -1 -1 -1 -1 -1 -1 -1 -1 -1 -1 -1 -1 -1 -1 -1 -1 -1 -1 -1 -1 -1 -1 -1 -1 -1 -1 -1 -1
-1 -1 -1 -1 -1 -1 -1 -1 -1 -1 -1 -1 -1 -1 -1 -1 -1 -1 -1 -1 -1 -1 -1 -1 -1 -1 -1 -1 -1 -1 -1 -1 -1 -1 -1 -1 -1 -1 -1 -1 -1 -1 -1 -1 -1 -1 -1 -1 -1 -1 -1 -1 -1 -1 -1 -1 -1 -1 -1 -1 -1 -1 -1 -1 -1 -1 -1 -1 -1 -1 -1 -1 -1 -1 -1 -1 -1 -1 2.5 2.5 3.125
-1 -1 -1 -1 -1 -1 -1 -1 -1 -1 -1 -1 -1 -1 -1 -1 -1 -1 -1 -1 -1 -1 -1 -1 -1 -1 -1 -1 -1 -1 -1 -1 -1 -1 -1 -1 -1 -1 -1 -1 -1 -1 -1 -1 -1 -1 -1 -1 -1 -1 -1 -1 -1 -1 -1 -1 -1 -1 -1 -1 -1 -1 -1 -1 -1 -1 -1 -1 -1 -1 -1 -1 -1 -1 -1 -1 -1 3.75 3.3333332538604736 3.375 3.6875
-1 -1 -1 -1 -1 -1 -1 -1 -1 -1 -1 -1 -1 -1 -1 -1 -1 -1 -1 -1 -1 -1 -1 -1 -1 -1 -1 -1 -1 -1 -1 -1 -1 -1 -1 -1 -1 -1 -1 -1 -1 -1 -1 -1 -1 -1 -1 -1 -1 -1 -1 -1 -1 -1 -1 -1 -1 -1 -1 -1 -1 -1 -1 -1 -1 -1 -1 -1 -1 -1 -1 -1 -1 2.5 1.625 2 3.3125 3.8499999046325684 3.7083332538604736 3.625 3.5416667461395264
-1 -1 -1 -1 -1 -1 -1 -1 -1 -1 -1 -1 -1 -1 -1 -1 -1 -1 -1 -1 -1 -1 -1 -1 -1 -1 -1 -1 -1 -1 -1 -1 -1 -1 -1 -1 -1 -1 -1 -1 -1 -1 -1 -1 -1 -1 -1 -1 -1 -1 -1 -1 -1 -1 -1 -1 -1 2.75 3.25 3.75 3.75 3.75 -1 -1 -1 -1 -1 -1 -1 -1 -1 3 3.25 3.25 2.75 3 3.6875 3.75 3.625 3.5 3.4375
-1 -1 -1 -1 -1 -1 -1 -1 -1 -1 -1 -1 -1 -1 -1 -1 -1 -1 -1 -1 -1 -1 -1 -1 -1 -1 -1 -1 -1 -1 -1 -1 -1 -1 -1 -1 -1 -1 -1 -1 -1 -1 -1 -1 -1 -1 -1 -1 -1 -1 -1 -1 -1 -1 3.75 2.75 3.125 3.6500000953674316 3.625 3.7916667461395264 3.75 3.75 3.75 3.8125 3.875 3.5 3.3333332538604736 3.75 3.75 3.4166667461395264 3.5 3.5999999046325684 3.6666667461395264 3.7916667461395264 3.875 3.8333332538604736 3.6666667461395264 3.7083332538604736 3.6666667461395264 3.625 3.7083332538604736
-1 -1 -1 -1 -1 -1 -1 -1 -1 -1 -1 -1 -1 -1 -1 -1 -1 -1 -1 -1 -1 -1 -1 -1 -1 -1 -1 -1 -1 -1 -1 -1 -1 -1 -1 -1 -1 -1 -1 -1 -1 -1 -1 -1 -1 -1 -1 -1 -1 -1 -1 3.5 3.875 4.25 3.9166667461395264 3.8125 3.8125 3.75 3.8125 3.8125 3.75 3.75 3.75 3.75 3.8125 3.8125 3.75 3.75 3.75 3.75 3.75 3.75 3.8125 3.8125 3.8125 3.8125 3.8125 3.75 3.625 3.625 3.6875
-1 -1 -1 -1 -1 -1 -1 -1 -1 -1 -1 -1 -1 -1 -1 -1 -1 -1 -1 -1 -1 -1 -1 -1 -1 -1 -1 -1 -1 -1 -1 -1 -1 -1 -1 -1 -1 -1 -1 -1 -1 -1 -1 -1 -1 -1 3.875 2.6666667461395264 2.9375 3.75 3.75 3.6500000953674316 3.6666667461395264 4 3.9166667461395264 3.7916667461395264 3.7916667461395264 3.7916667461395264 3.75 3.7916667461395264 3.7916667461395264 3.75 3.75 3.75 3.7916667461395264 3.7916667461395264 3.7916667461395264 3.8333332538604736 3.8333332538604736 3.8333332538604736 3.7916667461395264 3.75 3.75 3.75 3.75 3.75 3.7916667461395264 3.75 3.6666667461395264 3.6666667461395264 3.7083332538604736
-1 -1 -1 -1 -1 -1 -1 -1 0.40000000596046448 1.0750000476837158 1.75 1.75 1.75 -1 -1 -1 -1 -1 -1 -1 -1 -1 -1 -1 -1 -1 -1 -1 -1 -1 -1 -1 -1 -1 -1 -1 -1 -1 -1 -1 -1 1.75 2 3.1875 3.9375 3.75 3.6875 3.5625 3.6875 3.875 3.9375 3.875 3.875 3.875 3.8125 3.8125 3.9375 3.875 3.8125 3.875 3.8125 3.75 3.8125 3.8125 3.75 3.8125 3.875 4 4 3.9375 3.8125 3.75 3.75 3.75 3.75 3.75 3.75 3.625 3.5625 3.75 3.8125
-1 -1 -1 -1 1.5 1.625 1.625 1.5 1.6333333253860474 1.7000000476837158 1.25 1.5625 1.9166666269302368 2 2.25 2.375 2.25 -1 -1 -1 -1 -1 -1 -1 -1 -1 -1 -1 -1 -1 -1 -1 -1 -1 -1 -1 -1 -1 -1 -1 4 3.25 3.375 3.8125 3.75 3.6666667461395264 3.625 3.6666667461395264 3.6666667461395264 3.4166667461395264 3.1666667461395264 3.5 3.8333332538604736 3.7083332538604736 3.7083332538604736 3.8333332538604736 3.875 3.8333332538604736 3.8333332538604736 3.9166667461395264 3.875 3.6666667461395264 3.5416667461395264 3.5416667461395264 3.625 3.7083332538604736 3.6666667461395264 3.75 3.8333332538604736 3.8333332538604736 3.75 3.7083332538604736 3.5833332538604736 3.5 3.6666667461395264 3.7916667461395264 3.7916667461395264 3.7083332538604736 3.7083332538604736 3.8333332538604736 3.9166667461395264
-1 -1 -1 -1 1.625 1.5499999523162842 1.75 2.25 2.5833332538604736 2.8333332538604736 2.25 1.6666666269302368 1.8333333730697632 2.0833332538604736 2.2916667461395264 2.25 2.0999999046325684 1.625 1.6875 3.125 3.875 3.75 3.6875 3.625 3.75 3.5833332538604736 3.75 3.5625 3.3333332538604736 3.75 3.75 3.625 3.625 3.6666667461395264 2.8125 2.375 3.125 3.9375 4.375 3.5625 3.2999999523162842 3.75 3.8333332538604736 3.5833332538604736 3.5416667461395264 3.7083332538604736 3.6875 3.75 3.5 2.5 1.6875 2.5 3.375 3.3125 3.5625 3.875 3.875 3.8125 3.8125 3.875 3.8125 3.5625 3.375 3.3125 3.5 3.625 3.5 3.625 3.75 3.75 3.75 3.75 3.4375 2.5 2.625 3.5625 3.75 3.8125 3.8125 3.8125 3.875
-1 -1 -1 -1 -1 2 2.375 2.75 2.75 2.75 2.625 1.8125 1.5 2.125 2.25 2.1875 2.25 2.1875 1.2875000238418579 2.0999999046325684 3.6875 3.6875 3.75 3.75 3.75 3.625 3.5625 3.5625 3.5625 3.6875 3.75 3.6875 3.6875 3.6875 3.125 2.75 3.3125 3.75 3.875 3.5625 3.3125 3.625 3.6875 3.5 3.6875 3.625 3.7083332538604736 3.6666667461395264 3.5416667461395264 3.2083332538604736 3 3.25 3.5 3.5 3.6666667461395264 3.8333332538604736 3.7916667461395264 3.75 3.75 3.7916667461395264 3.7916667461395264 3.7916667461395264 3.7916667461395264 3.7083332538604736 3.6666667461395264 3.6666667461395264 3.6666667461395264 3.6666667461395264 3.6666667461395264 3.6666667461395264 3.625 3.5833332538604736 3.5833332538604736 3.1666667461395264 3.0833332538604736 3.5 3.5416667461395264 3.5833332538604736 3.625 3.625 3.6666667461395264
-1 -1 -1 -1 -1 2.8333332538604736 2.7916667461395264 2.75 2.75 2.75 2.75 2.5833332538604736 2 2 2.1666667461395264 1.9583333730697632 2.0833332538604736 2.25 1.7416666746139526 1.875 3.1749999523162842 3.7083332538604736 3.75 3.8333332538604736 3.7916667461395264 3.875 4.0833334922790527 3.9166667461395264 3.625 3.5416667461395264 3.5833332538604736 3.75 3.7916667461395264 3.75 3.75 3.625 3.625 3.75 3.5833332538604736 3.4166667461395264 3.3333332538604736 3.5833332538604736 3.8333332538604736 3.7083332538604736 3.5833332538604736 3.625 3.75 3.75 3.8125 3.9375 3.9375 3.875 3.75 3.6875 3.625 3.6875 3.75 3.75 3.75 3.875 3.875 3.8125 3.75 3.625 3.625 3.625 3.625 3.6875 3.6875 3.625 3.5625 3.5 3.6875 3.9375 3.875 3.8125 3.8125 3.75 3.8125 3.875 3.875
-1 -1 -1 0.5 1.875 3.25 3 2.8125 2.8125 2.75 2.75 2.75 2.625 2.1875 1.875 1.9375 1.9375 1.875 2.3125 1.5750000476837158 2.0750000476837158 3.6875 3.6875 3.75 3.75 3.75 3.875 3.9375 3.8125 3.5625 3.5625 3.75 3.9375 4 3.8125 3.75 3.625 3.5 3.5 3.5625 3.5 3.5625 3.75 3.75 3.75 3.75 3.75 3.75 3.75 3.7916667461395264 3.8333332538604736 3.8333332538604736 3.7916667461395264 3.75 3.7083332538604736 3.6666667461395264 3.6666667461395264 3.625 3.5833332538604736 3.6666667461395264 3.7083332538604736 3.6666667461395264 3.6666667461395264 3.7083332538604736 3.75 3.75 3.75 3.7916667461395264 3.7916667461395264 3.75 3.75 3.7916667461395264 3.8333332538604736 3.7916667461395264 3.75 3.75 3.75 3.75 3.7916667461395264 3.7916667461395264 3.75
-1 -1 -1 1.8333333730697632 2.4166667461395264 3.0833332538604736 2.9583332538604736 2.8333332538604736 2.9166667461395264 2.75 2.75 2.7916667461395264 2.875 2.0833332538604736 1.8333333730697632 2.1666667461395264 1.875 1.9166666269302368 2.2083332538604736 2.2083332538604736 2.1666667461395264 2.2999999523162842 2.2833333015441895 2.2999999523162842 2.2999999523162842 2.2999999523162842 2.3166666030883789 2.4000000953674316 3.1083333492279053 3.75 4 4.0833334922790527 4.0416665077209473 4.0416665077209473 3.875 3.7916667461395264 3.75 3.75 3.8333332538604736 3.875 3.7916667461395264 3.7916667461395264 3.875 3.875 3.7916667461395264 3.8125 3.8125 3.75 3.75 3.75 3.75 3.75 3.75 3.75 3.75 3.8125 3.8125 3.8125 3.8125 3.75 3.75 3.8125 3.8125 3.75 3.8125 3.875 3.8125 3.75 3.75 3.75 3.75 3.8125 3.875 3.8125 3.75 3.75 3.8125 3.8125 3.75 3.75 3.75
-1 -1 -1 2.875 2.9375 3.1875 3.0625 2.8125 2.875 2.8125 2.75 2.75 2.75 1.9375 2.0625 2.75 2.125 1.875 2.1875 2.375 2.4375 2.625 2.75 2.75 2.75 2.75 2.75 2.1624999046325684 1.7999999523162842 2.8875000476837158 3.8125 4 4 3.9375 3.9375 3.875 3.8125 3.75 3.8125 3.875 3.8125 3.8125 3.875 3.9375 3.875 3.7916667461395264 3.7916667461395264 3.4583332538604736 3.25 3.25 3.1666667461395264 3.1666667461395264 3.125 3.0833332538604736 3.125 3.2083332538604736 3.2083332538604736 3.2083332538604736 3.2083332538604736 3.1666667461395264 3.4166667461395264 3.75 3.7916667461395264 3.75 3.7916667461395264 3.8333332538604736 3.7916667461395264 3.75 3.75 3.75 3.75 3.75 3.75 3.5 3.2083332538604736 3.1666667461395264 3.2083332538604736 3.5 3.75 3.75 3.7916667461395264
-1 -1 -1 2.75 2.5625 2.8333332538604736 2.9583332538604736 2.7916667461395264 2.8333332538604736 2.7916667461395264 2.75 2.625 2.6666667461395264 2.875 2.7083332538604736 2.7083332538604736 2.5 1.9166666269302368 2 1.9583333730697632 1.625 2.125 2.6666667461395264 2.7083332538604736 2.75 2.75 2.75 2.75 2.3416666984558105 2.1166665554046631 2.4916665554046631 3.2583334445953369 3.8333332538604736 3.8333332538604736 3.875 3.875 3.8333332538604736 3.75 3.75 3.75 3.75 3.7916667461395264 3.7916667461395264 3.8333332538604736 3.8333332538604736 3.25 2.8125 2.9375 3.0625 3.0625 3 3 2.9375 3.3125 3.8125 3.8125 3.375 2.9375 2.875 2.875 2.75 3.1875 3.75 3.75 3.75 3.75 3.75 3.75 3.3125 2.875 2.875 2.8125 2.8125 2.75 2.6875 2.75 2.75 2.75 2.75 2.75 2.875
-1 -1 -1 -1 1.75 2.5 2.9375 2.9375 2.875 2.8125 2.3125 2.375 3.3125 3.75 3.375 3.4375 3.75 3.5 3.0625 2.5 2.125 2 2 1.9375 1.75 2.1875 2.75 2.75 2.75 2.75 1.5249999761581421 2.0250000953674316 3.8125 3.8125 3.8125 3.8125 3.75 3.75 3.75 3.75 3.75 3.8125 3.875 3.2083332538604736 3.2083332538604736 3.25 3.2916667461395264 3.625 4 4 4 4 4 3.9583332538604736 3.9166667461395264 3.9583332538604736 3.9583332538604736 3.8333332538604736 3.75 3.75 3.4166667461395264 3.125 3.2083332538604736 3.2083332538604736 3.1666667461395264 3.1666667461395264 3.1666667461395264 3.125 3.0833332538604736 3.125 3.1666667461395264 3.125 3.125 3.375 3.625 3.6666667461395264 3.6666667461395264 3.375 3.0833332538604736 3.0833332538604736 3.125
-1 -1 -1 -1 -1 2.75 3.0833332538604736 3.25 2.0833332538604736 2.25 2.7083332538604736 3.4166667461395264 3.7916667461395264 3.75 3.75 3.75 3.75 3.75 3.7916667461395264 3.7916667461395264 3.7083332538604736 3.3333332538604736 3 2.875 2.625 2.5416667461395264 2.4166667461395264 2.2916667461395264 2.25 2.0833332538604736 1.2000000476837158 1.6166666746139526 3.0416667461395264 3.2083332538604736 3.1666667461395264 3.1666667461395264 3.1666667461395264 3.2083332538604736 3.2083332538604736 3.1666667461395264 3.1666667461395264 3.1666667461395264 3.1666667461395264 3.2083332538604736 3.875 3.875 3.9375 3.9375 4 4.0625 4 3.9375 3.875 3.875 3.9375 4 3.875 3.75 3.75 3.75 3.75 3.75 3.3125 2.875 2.875 2.875 3.25 3.6875 3.75 3.75 3.75 3.75 3.75 3.8125 3.8125 3.75 3.75 3.75 3.75 3.75 3.75
-1 -1 -1 -1 -1 -1 -1 -1 2.625 3.25 3.875 3.875 3.6875 3.6875 3.8125 3.75 3.75 3.875 4 3.875 3.75 3.75 3.75 3.75 3.8125 3.8125 3.625 3 2.4375 2.25 2 2 2.375 2.625 2.625 2.25 1.875 2.25 2.5 2.6875 3 3.5 3.875 3.7916667461395264 3.8333332538604736 3.7916667461395264 3.7916667461395264 3.875 3.9166667461395264 3.9583332538604736 4 3.875 3.75 3.75 3.6666667461395264 3.75 3.8333332538604736 3.75 3.7916667461395264 3.7916667461395264 3.75 3.75 3.75 3.75 3.75 3.75 3.75 3.7916667461395264 3.7916667461395264 3.75 3.75 3.75 3.7916667461395264 3.7916667461395264 3.75 3.75 3.75 3.75 3.75 3.75 3.75
-1 -1 -1 -1 -1 -1 -1 -1 3.375 3.5999999046325684 3.7916667461395264 3.4583332538604736 3.3333332538604736 3.7083332538604736 3.6666667461395264 3.5833332538604736 3.875 4 3.875 3.7916667461395264 3.8333332538604736 3.9166667461395264 3.875 3.7916667461395264 3.75 3.8333332538604736 3.875 3.75 3.7916667461395264 3.8333332538604736 3.7083332538604736 3.6666667461395264 3.75 3.9166667461395264 3.9166667461395264 3.8333332538604736 1.9166666269302368 2.75 3.5416667461395264 3.6666667461395264 3.875 3.875 3.8333332538604736 3.875 3.9375 3.8125 3.8125 3.9375 4 4 4 3.9375 3.8125 3.8125 3.8125 3.8125 3.875 3.875 3.9375 3.875 3.75 3.75 3.75 3.8125 3.875 3.8125 3.75 3.8125 3.8125 3.8125 3.8125 3.8125 3.8125 3.8125 3.8125 3.75 3.75 3.75 3.75 3.75 3.75
-1 -1 -1 -1 -1 -1 -1 -1 -1 3.25 3.625 3.375 3.25 3.75 3.75 3.8125 3.9375 3.875 3.6875 3.6875 3.875 4 3.9375 3.8125 3.6875 3.75 3.8125 3.75 3.875 3.875 3.75 3.8125 3.8125 4.0625 4.125 3.875 2.9375 3 3.9375 3.8125 3.8125 3.8125 3.8333332538604736 3.9166667461395264 3.9166667461395264 3.875 3.8333332538604736 3.8333332538604736 3.875 3.9166667461395264 3.9166667461395264 3.875 3.7916667461395264 3.8333332538604736 3.875 3.7916667461395264 3.7916667461395264 3.875 3.9166667461395264 3.8333332538604736 3.7916667461395264 3.8333332538604736 3.875 3.9166667461395264 3.9166667461395264 3.875 3.7916667461395264 3.75 3.7916667461395264 3.8333332538604736 3.7916667461395264 3.8333332538604736 3.8333332538604736 3.8333332538604736 3.8333332538604736 3.7916667461395264 3.7916667461395264 3.75 3.75 3.75 3.75
-1 -1 -1 -1 -1 -1 -1 -1 -1 2.75 3.5833332538604736 3.0999999046325684 3.125 3.7083332538604736 3.7083332538604736 3.7916667461395264 3.6666667461395264 3.625 3.6666667461395264 3.6666667461395264 3.75 3.75 3.7083332538604736 3.75 3.7916667461395264 3.7083332538604736 3.7083332538604736 3.75 3.5416667461395264 3.5 3.6666667461395264 3.625 3.3333332538604736 3.2916667461395264 3.2083332538604736 2.9166667461395264 2.5416667461395264 3.0833332538604736 3.9583332538604736 3.8333332538604736 3.7916667461395264 3.7916667461395264 3.7916667461395264 3.75 3.8125 3.8125 3.75 3.75 3.8125 3.875 3.75 3.75 3.75 3.75 3.75 3.75 3.75 3.75 3.8125 3.8125 3.75 3.75 3.8125 3.8125 3.75 3.8125 3.8125 3.75 3.8125 3.8125 3.75 3.8125 3.8125 3.8125 3.8125 3.8125 3.875 3.8125 3.75 3.75 3.75
-1 -1 -1 -1 -1 -1 -1 -1 -1 -1 -1 0.75 2.75 3.75 3.875 3.8125 3.625 3.5 3.5 3.6875 3.75 3.75 3.6875 3.75 3.8125 3.75 3.75 3.375 3 3.375 3.6875 3.1875 3.125 3.625 3.6875 3.625 2.875 3.125 4.0625 3.875 3.875 3.875 3.75 3.75 3.7916667461395264 3.7916667461395264 3.75 3.75 3.75 3.75 3.7916667461395264 3.8333332538604736 3.8333332538604736 3.7916667461395264 3.75 3.75 3.7916667461395264 3.7916667461395264 3.7916667461395264 3.7916667461395264 3.7916667461395264 3.7916667461395264 3.7916667461395264 3.8333332538604736 3.8333332538604736 3.7916667461395264 3.75 3.75 3.75 3.75 3.8333332538604736 3.875 3.7916667461395264 3.7916667461395264 3.8333332538604736 3.8333332538604736 3.875 3.875 3.8333332538604736 3.8333332538604736 3.7916667461395264
-1 -1 -1 -1 -1 -1 -1 -1 -1 -1 -1 -1 3.75 3.75 3.9500000476837158 4.0416665077209473 3.9583332538604736 3.8333332538604736 3.75 3.8333332538604736 3.9166667461395264 3.5833332538604736 3.7916667461395264 3.875 3.625 3.5416667461395264 3.625 3.375 3.3333332538604736 3.6666667461395264 3.75 3.2916667461395264 3.2083332538604736 3.7083332538604736 3.5416667461395264 3.25 2.625 3 3.9166667461395264 3.875 3.8333332538604736 3.75 3.75 3.75 3.6875 3.6875 3.3125 2.875 3.375 3.875 3.875 3.8125 3.75 3.75 3.75 3.75 3.75 3.75 3.8125 3.8125 3.8125 3.8125 3.8125 3.875 3.8125 3.75 3.75 3.75 3.75 3.75 3.8125 3.8125 3.75 3.75 3.8125 3.8125 3.8125 3.875 3.875 3.9375 3.875
-1 -1 -1 -1 -1 -1 -1 -1 -1 -1 -1 -1 -1 -1 4.25 4.25 4.0625 3.9375 3.9375 3.875 3.875 3.6875 3.375 3.25 3.3125 3.5 3.25 3.3125 3.6875 3.625 3.6875 3.4375 3.1875 3.625 4 2.75 2.375 2.875 3.75 3.75 3.6875 3.7083332538604736 3.75 3.75 3.4166667461395264 3 2.7916667461395264 2.625 2.75 2.9166667461395264 3 3.4166667461395264 3.7916667461395264 3.8333332538604736 3.8333332538604736 3.7916667461395264 3.75 3.75 3.75 3.75 3.75 3.75 3.75 3.75 3.75 3.75 3.75 3.75 3.75 3.75 3.75 3.7916667461395264 3.8333332538604736 3.8333332538604736 3.7916667461395264 3.75 3.7916667461395264 3.8333332538604736 3.7916667461395264 3.7916667461395264 3.7916667461395264
-1 -1 -1 -1 -1 -1 -1 -1 -1 -1 -1 -1 -1 -1 -1 4.25 4.0833334922790527 3.4000000953674316 3.3333332538604736 3.2916667461395264 2.9166667461395264 2.9166667461395264 2.625 2.875 3.1666667461395264 3.2916667461395264 3.4583332538604736 3.5 3.5416667461395264 3.4583332538604736 3.6666667461395264 3.5833332538604736 3.5 3.6666667461395264 3.75 3.6666667461395264 2.9166667461395264 2.625 2.8333332538604736 2.8333332538604736 3.375 3.75 3.75 3.75 2.9375 2.5 2.8125 2.9375 3 2.875 2.625 2.625 3.375 3.9375 3.875 3.75 3.75 3.75 3.75 3.75 3.75 3.75 3.8125 3.875 3.875 3.875 3.875 3.875 3.8125 3.75 3.75 3.8125 3.875 3.875 3.875 3.875 3.8125 3.75 3.75 3.75 3.625
-1 -1 -1 -1 -1 -1 -1 -1 -1 -1 -1 -1 -1 -1 -1 -1 -1 1.25 2.125 2 1 1.0833333730697632 1.8125 3.1875 3.25 3.125 3.5 3.4375 3.375 3.375 3.5 3.5625 3.6875 3.75 3.75 3.25 2.5625 2.625 2.6875 2.5 3.125 3.6666667461395264 3.75 3.1666667461395264 2.5416667461395264 2.7083332538604736 3.0833332538604736 3.4583332538604736 3.6666667461395264 3.3333332538604736 3.0416667461395264 2.75 2.7083332538604736 3.25 3.7916667461395264 3.75 3.7916667461395264 3.8333332538604736 3.8333332538604736 3.7916667461395264 3.7916667461395264 3.7916667461395264 3.8333332538604736 3.9166667461395264 3.875 3.875 3.875 3.8333332538604736 3.7916667461395264 3.75 3.75 3.75 3.75 3.7916667461395264 3.875 3.875 3.7916667461395264 3.75 3.75 3.5416667461395264 3.4583332538604736
-1 -1 -1 -1 -1 -1 -1 -1 -1 -1 -1 -1 -1 -1 -1 -1 -1 -1 -1 -1 -1 0.5 1.5 3.4166667461395264 3 2.1875 2.380000114440918 2.9833333492279053 3.4166667461395264 3.3333332538604736 3.0833332538604736 2.7916667461395264 2.9500000476837158 3.0625 2.875 2.5999999046325684 2.7916667461395264 3.2083332538604736 3.2916667461395264 2.5833332538604736 2.5416667461395264 3.5 3.6875 2.8125 2.375 3 3.4375 3.6875 3.75 3.75 3.3125 3.0625 2.6875 2.9375 3.75 3.75 3.8125 3.875 3.8125 3.8125 3.8125 3.75 3.75 3.875 3.8125 3.8125 3.8125 3.75 3.75 3.75 3.75 3.75 3.75 3.8125 3.8125 3.75 3.75 3.75 3.375 3.3125 3.6875
-1 -1 -1 -1 -1 -1 -1 -1 -1 -1 -1 -1 -1 -1 -1 -1 -1 -1 -1 -1 -1 -1 -1 -1 -1 -1 0.40000000596046448 1.4666666984558105 1.9375 1.9375 2 1.875 1.3333333730697632 1.625 2.75 2.9166667461395264 3.375 3.6875 3.375 2.5 2.2916667461395264 2.5 2.7916667461395264 2.7083332538604736 2.9166667461395264 3.4166667461395264 3.625 3.6666667461395264 3.6666667461395264 3.7083332538604736 3.4166667461395264 2.6666667461395264 2.7083332538604736 3.5 3.7916667461395264 3.75 3.7916667461395264 3.7916667461395264 3.7916667461395264 3.875 3.9166667461395264 3.8333332538604736 3.75 3.75 3.75 3.75 3.75 3.75 3.75 3.75 3.8333332538604736 3.75 3.4166667461395264 3.25 3.2083332538604736 3.0416667461395264 2.9166667461395264 2.5 2.2083332538604736 2.4583332538604736 3.0833332538604736
-1 -1 -1 -1 -1 -1 -1 -1 -1 -1 -1 -1 -1 -1 -1 -1 -1 -1 -1 -1 -1 -1 -1 -1 -1 -1 3.5 2.375 2.125 1.75 1.2916666269302368 1.7916666269302368 2.5 2.75 3.1666667461395264 3.2083332538604736 3.2916667461395264 3.4166667461395264 3.3333332538604736 2.9583332538604736 2.3333332538604736 1.875 2.625 3.1875 3.5 3.6875 3.6875 3.5625 3.5 3.5 3 2.375 3 3.75 3.75 3.75 3.8125 3.3125 2.6875 2.75 3 2.9375 2.75 2.8125 2.8125 2.75 2.875 3 3.375 3.8125 3.875 3.3125 2.5625 2.4375 2.625 3 3.25 2.875 2.125 2.5625 3.5625
-1 -1 -1 -1 -1 -1 -1 -1 -1 -1 -1 -1 -1 -1 -1 -1 -1 -1 -1 -1 -1 -1 -1 -1 -1 -1 3.375 3.5625 3.75 2.375 1.5 2.6875 3.6875 4 3.125 2.9375 3.375 3 3.375 3.6666667461395264 3.2083332538604736 3.0833332538604736 3.0833332538604736 3.0833332538604736 3.0416667461395264 2.8333332538604736 2.9583332538604736 3.0833332538604736 3.0833332538604736 2.875 2.2916667461395264 2.4583332538604736 3.3333332538604736 3.5 3.1666667461395264 2.75 2.75 2.9166667461395264 2.3333332538604736 2.4583332538604736 3 2.8333332538604736 2.75 2.875 3 3.0833332538604736 3.0416667461395264 2.875 3.0833332538604736 3.25 3.1666667461395264 3.25 3.4166667461395264 3.5 3.5833332538604736 3.7083332538604736 3.75 3.3333332538604736 2.5 2.9166667461395264 3.75
-1 -1 -1 -1 -1 -1 -1 -1 -1 -1 -1 -1 -1 -1 -1 -1 -1 -1 -1 -1 -1 -1 -1 -1 -1 -1 3.25 2.4666666984558105 2.6333334445953369 2.125 2.1666667461395264 3.3499999046325684 3.5416667461395264 3.5 3.0999999046325684 2.4800000190734863 3.0250000953674316 3 3.125 3.8333332538604736 3.7083332538604736 4 4 3.875 3.3125 2.75 2.875 3 2.9375 2.625 2.5 2.625 2.6875 2.8125 2.75 3 3.4375 3.625 3.5 3.75 4 3.75 3.75 3.75 3.875 4 3.6875 3.5 3.8125 3.8125 3.75 3.875 3.9375 3.9375 3.8125 3.75 3.75 3.375 3 3.375 3.75
-1 -1 -1 -1 -1 -1 -1 -1 -1 -1 -1 -1 -1 -1 -1 -1 -1 -1 -1 -1 -1 -1 -1 -1 -1 -1 -1 -1 -1 1.75 2.375 3.375 2.8333332538604736 2.375 3.0625 3.4375 3.4375 3.0625 3.125 3.875 3.8333332538604736 3.7916667461395264 3.7916667461395264 3.75 3.7916667461395264 3.7916667461395264 3.7916667461395264 3.8333332538604736 3.875 3.75 3.5833332538604736 3.3333332538604736 3 3.25 3.4166667461395264 3.5416667461395264 3.7083332538604736 3.5833332538604736 3.5833332538604736 3.6666667461395264 3.75 3.75 3.75 3.7916667461395264 3.8333332538604736 3.7916667461395264 3.7083332538604736 3.6666667461395264 3.6666667461395264 3.625 3.7083332538604736 3.8333332538604736 3.8333332538604736 3.8333332538604736 3.7916667461395264 3.75 3.75 3.5833332538604736 3.4583332538604736 3.625 3.75
