SimulationData/Scenarios/Alblasserwaard/Flooding/Gorinchem/8640.asc
ncols        410
nrows        139
xllcorner    4.624486754327
yllcorner    51.814562674375
cellsize     0.001350341696
NODATA_value  -1
[rows 36 to 71 of 139, columns 162 to 242 of 410]
-1 -1 -1 -1 -1 -1 -1 -1 -1 -1 -1 -1 -1 -1 -1 -1 -1 -1 -1 -1 -1 -1 -1 -1 -1 -1 -1 -1 -1 -1 -1 -1 -1 -1 -1 -1 -1 -1 -1 -1 -1 -1 -1 -1 -1 -1 -1 -1 -1 -1 -1 -1 -1 -1 -1 -1 -1 -1 -1 -1 -1 -1 -1 -1 -1 -1 -1 0.875 0.8125 0.75 0.8125 1 1.3125 1.6875 2.375 2.875 2.875 2.9375 2.875 2.75 2.75
-1 -1 -1 -1 -1 -1 -1 -1 -1 -1 -1 -1 -1 -1 -1 -1 -1 -1 -1 -1 -1 -1 -1 -1 -1 -1 -1 -1 -1 -1 -1 -1 -1 -1 -1 -1 -1 -1 -1 -1 -1 -1 -1 -1 -1 -1 -1 -1 -1 -1 -1 -1 -1 -1 -1 -1 -1 -1 -1 -1 -1 -1 -1 -1 -1 1 1 0.89999997615814209 0.79166668653488159 0.75 0.91666668653488159 1.3333333730697632 1.625 1.75 2.25 2.8333332538604736 2.9583332538604736 3.0833332538604736 3.0416667461395264 2.875 2.9166667461395264
-1 -1 -1 -1 -1 -1 -1 -1 -1 -1 -1 -1 -1 -1 -1 -1 -1 -1 -1 -1 -1 -1 -1 -1 -1 -1 -1 -1 -1 -1 -1 -1 -1 -1 -1 -1 -1 -1 -1 -1 -1 -1 -1 -1 -1 -1 -1 -1 -1 -1 -1 -1 -1 -1 -1 -1 -1 -1 -1 -1 -1 -1 -1 -1 -1 0.75 0.75 0.75 0.75 0.8125 1.25 1.6875 1.75 1.8125 2.3125 2.875 3 3.0625 3.0625 3 3
-1 -1 -1 -1 -1 -1 -1 -1 -1 -1 -1 -1 -1 -1 -1 -1 -1 -1 -1 -1 -1 -1 -1 -1 -1 -1 -1 -1 -1 -1 -1 -1 -1 -1 -1 -1 -1 -1 -1 -1 -1 -1 -1 -1 -1 -1 -1 -1 -1 -1 -1 -1 -1 -1 -1 -1 -1 -1 -1 -1 -1 -1 1 1.8333333730697632 2 1.3500000238418579 1.0833333730697632 1.125 1.2916666269302368 1.6666666269302368 2.2083332538604736 2.5 2.5 2.5 2.75 3 3.0416667461395264 3.0833332538604736 3.0833332538604736 3 2.9166667461395264
-1 -1 -1 -1 -1 -1 -1 -1 -1 -1 -1 -1 -1 -1 -1 -1 -1 -1 -1 -1 -1 -1 -1 -1 -1 -1 -1 -1 -1 -1 -1 -1 -1 -1 -1 -1 -1 -1 -1 -1 -1 -1 -1 -1 -1 -1 -1 -1 -1 -1 -1 -1 -1 -1 -1 -1 -1 -1 -1 -1 -1 0.20000000298023224 1.4833333492279053 2.5625 2.75 2.375 2.25 2.3125 2.5 2.6875 2.8125 2.9375 3 2.9375 3.0625 3.25 3.125 3 3.1875 3.25 3.125
-1 -1 -1 -1 -1 -1 -1 -1 -1 -1 -1 -1 -1 -1 -1 -1 -1 -1 -1 -1 -1 -1 -1 -1 -1 -1 -1 -1 -1 -1 -1 -1 -1 -1 -1 -1 -1 -1 -1 -1 -1 -1 -1 -1 -1 -1 -1 -1 -1 -1 -1 -1 -1 -1 -1 -1 -1 -1 -1 -1 3 2.2374999523162842 2.6583333015441895 3.0833332538604736 2.7916667461395264 2.75 2.75 2.75 2.75 2.7916667461395264 2.875 2.9583332538604736 3.0416667461395264 3 2.9583332538604736 3.0833332538604736 3.125 3.125 3.2916667461395264 3.4583332538604736 3.5
-1 -1 -1 -1 -1 -1 -1 -1 -1 -1 -1 -1 -1 -1 -1 -1 -1 -1 -1 -1 -1 -1 -1 -1 -1 -1 -1 -1 -1 -1 -1 -1 -1 -1 -1 -1 -1 -1 -1 -1 -1 -1 -1 -1 -1 -1 -1 -1 -1 -1 -1 -1 -1 -1 -1 -1 -1 -1 -1 2.75 3 3.125 3.1875 3.0625 2.875 2.8125 2.75 2.75 2.75 2.9375 3.125 3.125 3.1875 3.125 3 3 3 3.125 3.25 3.25 3.25
-1 -1 -1 -1 -1 -1 -1 -1 -1 -1 -1 -1 -1 -1 -1 -1 -1 -1 -1 -1 -1 -1 -1 -1 -1 -1 -1 -1 -1 -1 -1 -1 -1 -1 -1 -1 -1 -1 -1 -1 -1 -1 -1 -1 -1 -1 -1 -1 -1 -1 -1 -1 -1 -1 -1 -1 1.25 2 2.6666667461395264 2.75 3 3.125 3.0833332538604736 3.0416667461395264 3.0416667461395264 3.0833332538604736 2.9166667461395264 2.875 2.875 3.0833332538604736 3.1666667461395264 3.0833332538604736 3.0833332538604736 3.0416667461395264 3.0416667461395264 3 2.9583332538604736 3.0833332538604736 3.125 3.0833332538604736 3.25
-1 -1 -1 -1 -1 -1 -1 -1 -1 -1 -1 -1 -1 -1 -1 -1 -1 -1 -1 -1 -1 -1 -1 -1 -1 -1 -1 -1 -1 -1 -1 -1 -1 -1 -1 -1 -1 -1 -1 -1 -1 -1 -1 -1 -1 -1 -1 -1 -1 -1 -1 -1 2.75 2.75 2.875 3.125 2.5 2.4375 2.75 2.8125 2.875 2.8125 2.875 3 3 3 3 2.9375 3 3.1875 3.125 3 3.0625 3.125 3.25 3.25 3.25 3.3125 3.375 3.5 3.5
-1 -1 -1 -1 -1 -1 -1 -1 -1 -1 -1 -1 -1 -1 -1 -1 -1 -1 -1 -1 -1 -1 -1 -1 -1 -1 -1 -1 -1 -1 -1 -1 -1 -1 -1 -1 -1 -1 -1 -1 -1 1 1.875 3.125 3.375 2.9166667461395264 2.5625 2.5625 2.875 2.9375 2.8125 2.75 2.7999999523162842 2.7916667461395264 2.7916667461395264 2.9583332538604736 3.0416667461395264 3 2.875 2.75 2.7916667461395264 2.8333332538604736 2.875 2.9166667461395264 2.9583332538604736 3 3 3.0416667461395264 3.0833332538604736 3.0833332538604736 3.0833332538604736 3.0833332538604736 3.1666667461395264 3.2916667461395264 3.375 3.3333332538604736 3.2916667461395264 3.375 3.5416667461395264 3.6666667461395264 3.5
2.5 2.75 3.3125 3.125 2.8125 2.875 3.0625 2.9375 2.875 3 2.4166667461395264 1.25 -1 -1 -1 -1 -1 -1 -1 -1 -1 -1 -1 -1 -1 -1 -1 -1 -1 -1 -1 -1 -1 -1 -1 -1 1.5 1.5 2.375 3.125 2.875 2.25 2.4375 3 3.125 3.0625 2.9375 2.8125 2.8125 2.8125 2.75 2.75 2.75 2.75 2.75 2.8125 2.875 2.9375 2.875 2.75 2.8125 2.8125 2.8125 2.875 3.125 3.375 3.25 3.1875 3.125 3.0625 3.25 3.3125 3.3125 3.25 3.1875 3.3125 3.375 3.4375 3.5625 3.625 3.5
2.9375 2.9375 3.0625 2.9375 2.875 3.0625 3.1875 3.125 3.0625 3.125 2.625 2.0833332538604736 2 2 -1 -1 -1 -1 0.10000000149011612 0.10000000149011612 -1 -1 -1 -1 -1 -1 -1 -1 -1 -1 -1 -1 3.5 3.375 2.1666667461395264 2.25 2.6500000953674316 2.5 2.75 2.9583332538604736 2.9166667461395264 3 3.125 3.0416667461395264 2.9583332538604736 3 2.9166667461395264 2.7916667461395264 2.8333332538604736 2.875 2.7916667461395264 2.75 2.75 2.75 2.8333332538604736 2.8333332538604736 2.8333332538604736 2.875 2.7916667461395264 2.7916667461395264 2.8333332538604736 2.8333332538604736 2.9166667461395264 3 3.375 3.75 3.4583332538604736 3.3333332538604736 3.25 3.25 3.5 3.4583332538604736 3.4583332538604736 3.4583332538604736 3.4583332538604736 3.5 3.5 3.4583332538604736 3.3333332538604736 3.25 3.25
3.125 3.125 3.0416667461395264 2.9583332538604736 2.9166667461395264 3.0833332538604736 3.0833332538604736 3.125 3.125 3.0833332538604736 3 2.75 2.4583332538604736 2.2999999523162842 2.1666667461395264 2 -1 -1 0.20000000298023224 0.38333332538604736 0.75 -1 -1 -1 -1 -1 1.25 2 2.75 2.75 3 3.125 3.25 3.25 3 2.8125 2.875 3 3 2.9375 2.9375 3 3 3 3 3 3 2.9375 2.875 2.9375 2.875 2.75 2.8125 2.875 2.9375 2.9375 2.9375 2.9375 2.875 2.875 2.9375 3 3 3.0625 3.3125 3.5 3.5 3.5 3.25 3.3125 3.5625 3.5 3.4375 3.375 3.375 3.4375 3.5625 3.4375 3.125 3 3.1875
3.3125 3.375 3.3125 3.0625 2.875 3 3.1875 3.0625 3.1875 3.375 3.25 3.0625 3.0625 3.0625 2.5 2.5 3.375 2.25 1.3600000143051147 1.6333333253860474 2.0499999523162842 2.625 2.9375 2.875 3 2.875 2.5 2.6666667461395264 2.9166667461395264 2.9166667461395264 3.0416667461395264 3.125 3.0833332538604736 3.0416667461395264 3 3 3 3 3 3 3 3 3 3 3 3 3 2.9583332538604736 2.9166667461395264 2.9583332538604736 2.9166667461395264 2.8333332538604736 2.875 2.9583332538604736 3 2.9583332538604736 2.9583332538604736 2.9583332538604736 2.9583332538604736 3 3 2.9583332538604736 3 3.2916667461395264 3.4166667461395264 3.3333332538604736 3.5416667461395264 3.5416667461395264 3.25 3.4166667461395264 3.5833332538604736 3.5416667461395264 3.5 3.4583332538604736 3.5 3.5833332538604736 3.7083332538604736 3.625 3.4166667461395264 3.3333332538604736 3.2916667461395264
3.2083332538604736 3.0416667461395264 3.4583332538604736 3.5416667461395264 3.4166667461395264 3.5 3.5833332538604736 3.4583332538604736 3.4166667461395264 3.5 3.5416667461395264 3.5416667461395264 3.4583332538604736 3.4583332538604736 3.25 2.9166667461395264 2.8333332538604736 2.375 2.4375 2.6875 2.4375 2.625 3.0625 3 2.9375 2.875 3.125 3.125 2.9375 3 3.125 3.25 3.125 3 3 3.0625 3.0625 3 3 3 3 3 2.9375 2.9375 3 2.9375 2.9375 3 3 3 2.875 2.75 2.8125 2.875 2.875 2.9375 3 2.9375 2.9375 2.9375 2.9375 3 3 3.25 3.625 3.75 3.625 3.5 3.625 3.75 3.6875 3.6875 3.625 3.5625 3.6875 3.75 3.75 3.6875 3.5625 3.5 3.375
3.125 2.9375 3.3125 3.625 3.8125 3.875 3.75 3.625 3.5 3.75 3.75 3.6875 3.4375 3.4375 3.5 3.3125 3 2.6666667461395264 2.9166667461395264 3.4166667461395264 3.2916667461395264 3.125 3 3.25 3.1666667461395264 3.125 3.25 3.1666667461395264 3 3 3.125 3.2083332538604736 3.0833332538604736 3 3.0416667461395264 3.0416667461395264 3 3 3 3.0416667461395264 3.0416667461395264 3.0416667461395264 3.0416667461395264 3 3 2.9583332538604736 2.9583332538604736 3 2.9583332538604736 2.9583332538604736 3 2.9166667461395264 2.9583332538604736 2.9583332538604736 2.9166667461395264 2.9583332538604736 2.9166667461395264 2.9166667461395264 2.9166667461395264 2.8333332538604736 2.9166667461395264 3 3.0833332538604736 3.25 3.3333332538604736 3.5 3.5 3.5833332538604736 3.7083332538604736 3.75 3.7083332538604736 3.7083332538604736 3.6666667461395264 3.625 3.6666667461395264 3.7083332538604736 3.75 3.5833332538604736 3.4166667461395264 3.3333332538604736 3.375
3.5833332538604736 3.5 3.4583332538604736 3.5833332538604736 3.75 3.75 3.75 3.7083332538604736 3.6666667461395264 3.6666667461395264 3.7083332538604736 3.7083332538604736 3.625 3.6666667461395264 3.7083332538604736 3.6666667461395264 3.625 2.7916667461395264 2.625 3.125 3.125 3.25 3.25 3.25 3.25 3.125 3.125 3.3125 3.25 3.1875 3.375 3.3125 3.125 3.125 3.0625 3 3 3 3 3.0625 3.0625 3.0625 3.0625 3 3.0625 3.0625 3 3 3 3 3 3 3.0625 3.0625 3 3 2.9375 3.125 3.125 2.875 2.9375 3 3.1875 3.3125 3.25 3.375 3.625 3.6875 3.6875 3.75 3.625 3.625 3.75 3.75 3.75 3.75 3.75 3.6875 3.625 3.5 3.4375
3.75 3.75 3.75 3.75 3.75 3.75 3.75 3.75 3.75 3.6875 3.6875 3.6875 3.6875 3.75 3.75 3.75 3.7083332538604736 3.375 2.875 2.7916667461395264 3 3.375 3.5833332538604736 3.3333332538604736 3.0416667461395264 3 3.125 3.2916667461395264 3.25 3.25 3.2916667461395264 3.1666667461395264 3.1666667461395264 3.1666667461395264 3.0833332538604736 3.0416667461395264 3 3 3 2.9583332538604736 3 3.125 3.125 3.0833332538604736 3.2083332538604736 3.2083332538604736 3.0833332538604736 3.125 3.1666667461395264 3.2083332538604736 3.25 3.125 3.0416667461395264 3 2.875 2.875 2.9583332538604736 3.375 3.5416667461395264 3.375 3.2083332538604736 3.0416667461395264 3.2083332538604736 3.2083332538604736 3.0833332538604736 3.4166667461395264 3.7083332538604736 3.5 3.5 3.6666667461395264 3.6666667461395264 3.6666667461395264 3.7083332538604736 3.75 3.75 3.75 3.75 3.75 3.75 3.6666667461395264 3.4583332538604736
3.75 3.75 3.75 3.75 3.75 3.75 3.75 3.75 3.75 3.75 3.6666667461395264 3.4583332538604736 3.5 3.7083332538604736 3.75 3.7083332538604736 3.7083332538604736 3.75 3.375 2.8125 2.625 3 3.375 3.125 2.9375 3.0625 3.125 3.1875 3.1875 3.1875 3.125 3.0625 3.25 3.25 3.0625 3 3 3 3 3 3.125 3.25 3.25 3.25 3.375 3.4375 3.4375 3.5 3.5 3.375 3.25 3.0625 2.9375 2.9375 2.8125 2.75 3 3.5 3.75 3.625 3.4375 3.4375 3.625 3.5625 3.375 3.4375 3.625 3.5625 3.5 3.5625 3.5625 3.6875 3.75 3.75 3.75 3.75 3.75 3.75 3.75 3.75 3.375
3.6875 3.6875 3.75 3.75 3.75 3.75 3.75 3.75 3.75 3.75 3.5625 3.375 3.4375 3.625 3.5625 3.5 3.6666667461395264 3.7083332538604736 3.625 3.5416667461395264 3.3333332538604736 2.75 2.4166667461395264 2.8333332538604736 3.1666667461395264 3.125 3.25 3.25 3.2083332538604736 3.25 3.2083332538604736 3.1666667461395264 3.2083332538604736 3.25 3.25 3.125 3 3 3.0833332538604736 3.0833332538604736 3.125 3.3333332538604736 3.4583332538604736 3.4166667461395264 3.4166667461395264 3.5416667461395264 3.5416667461395264 3.4166667461395264 3.2916667461395264 3.0833332538604736 2.9166667461395264 2.875 2.9166667461395264 2.9583332538604736 2.9166667461395264 2.875 3.0416667461395264 3.4583332538604736 3.625 3.5833332538604736 3.6666667461395264 3.5833332538604736 3.4583332538604736 3.5 3.5 3.3333332538604736 3.3333332538604736 3.5833332538604736 3.7083332538604736 3.7083332538604736 3.625 3.6666667461395264 3.75 3.75 3.75 3.75 3.75 3.7083332538604736 3.6666667461395264 3.7083332538604736 3.4583332538604736
3.6666667461395264 3.625 3.7083332538604736 3.75 3.75 3.75 3.75 3.75 3.75 3.7083332538604736 3.5 3.375 3.4166667461395264 3.375 3.4166667461395264 3.5833332538604736 3.6666667461395264 3.75 3.75 3.75 3.6875 2.875 2.125 2.875 3.4375 3.125 3.125 3.25 3.3125 3.4375 3.375 3.25 3.125 3.1875 3.375 3.3125 3.25 3.125 3.125 3.1875 3.25 3.5 3.5625 3.5 3.375 3.4375 3.375 3.0625 2.9375 3.0625 3.25 3.25 3.1875 3.0625 3.0625 3.0625 3.1875 3.5 3.6875 3.75 3.75 3.5625 3.375 3.1875 3 3 3.25 3.625 3.75 3.75 3.75 3.75 3.75 3.75 3.75 3.625 3.625 3.625 3.5 3.625 3.6875
3.625 3.5625 3.5625 3.6875 3.6875 3.625 3.5625 3.5 3.75 3.6875 3.5625 3.625 3.75 3.5625 3.5 3.7083332538604736 3.75 3.75 3.75 3.75 3.5833332538604736 3.4166667461395264 2.8333332538604736 3.0416667461395264 3.25 3.125 3.0833332538604736 3.2083332538604736 3.2916667461395264 3.5 3.5 3.5 3.4166667461395264 3.25 3.2916667461395264 3.375 3.5 3.3333332538604736 3.2083332538604736 3.2916667461395264 3.2916667461395264 3.375 3.5 3.5416667461395264 3.5416667461395264 3.4166667461395264 3.125 2.9583332538604736 3.125 3.375 3.5 3.4166667461395264 3.4166667461395264 3.2916667461395264 3.125 3.125 3.2083332538604736 3.4166667461395264 3.625 3.75 3.7083332538604736 3.6666667461395264 3.5 3.375 3.4166667461395264 3.375 3.5416667461395264 3.75 3.75 3.75 3.75 3.75 3.75 3.75 3.7083332538604736 3.625 3.6666667461395264 3.6666667461395264 3.5833332538604736 3.5833332538604736 3.6666667461395264
3.4583332538604736 3.5833332538604736 3.5 3.4583332538604736 3.5416667461395264 3.5416667461395264 3.5833332538604736 3.5833332538604736 3.6666667461395264 3.75 3.75 3.7916667461395264 3.7916667461395264 3.75 3.5833332538604736 3.5 3.625 3.75 3.75 3.75 3.375 3 3.375 3.125 2.9375 3.3125 3.125 3.1875 3.4375 3.5625 3.625 3.6875 3.625 3.3125 3.3125 3.5 3.75 3.625 3.5 3.5625 3.4375 3.3125 3.3125 3.25 3.3125 3.1875 2.9375 3 3.4375 3.75 3.375 3.4375 3.625 3.5625 3.25 3.125 3.1875 3.3125 3.5625 3.75 3.625 3.4375 3.375 3.375 3.75 3.6875 3.6875 3.75 3.75 3.75 3.75 3.75 3.75 3.6875 3.5625 3.5625 3.6875 3.75 3.75 3.75 3.75
3.75 3.75 3.75 3.75 3.75 3.75 3.75 3.75 3.75 3.75 3.6875 3.625 3.6875 3.625 3.3125 3.2083332538604736 3.25 3.4583332538604736 3.625 3.75 3.5833332538604736 3.4166667461395264 3.5833332538604736 3.3333332538604736 3.125 3.4166667461395264 3.3333332538604736 3.2916667461395264 3.375 3.4166667461395264 3.5416667461395264 3.5416667461395264 3.5416667461395264 3.4166667461395264 3.3333332538604736 3.4166667461395264 3.5416667461395264 3.5833332538604736 3.5 3.4166667461395264 3.2083332538604736 3.0416667461395264 3 3 3.0833332538604736 3.2083332538604736 3.375 3.4166667461395264 3.5833332538604736 3.8333332538604736 3.75 3.7083332538604736 3.75 3.7083332538604736 3.4583332538604736 3.25 3.4166667461395264 3.625 3.7083332538604736 3.75 3.7083332538604736 3.625 3.6666667461395264 3.75 3.75 3.75 3.75 3.75 3.75 3.75 3.75 3.75 3.7083332538604736 3.6666667461395264 3.6666667461395264 3.6666667461395264 3.7083332538604736 3.75 3.75 3.75 3.75
3.75 3.75 3.75 3.75 3.75 3.7083332538604736 3.6666667461395264 3.6666667461395264 3.7083332538604736 3.75 3.7083332538604736 3.6666667461395264 3.7083332538604736 3.6666667461395264 3.5833332538604736 3.375 3.3125 3.375 3.5625 3.75 3.75 3.75 3.75 3.75 3.4375 3.0625 3.125 3.25 3.375 3.5625 3.5625 3.4375 3.375 3.25 3.25 3.375 3.5 3.5625 3.4375 3.375 3.1875 2.9375 2.9375 3.1875 3.5 3.625 3.625 3.625 3.6875 3.75 3.75 3.75 3.75 3.75 3.6875 3.5 3.4375 3.625 3.75 3.75 3.75 3.75 3.75 3.75 3.75 3.75 3.75 3.75 3.6875 3.625 3.6875 3.75 3.6875 3.6875 3.75 3.75 3.75 3.75 3.75 3.75 3.75
3.75 3.6875 3.6875 3.75 3.75 3.6875 3.625 3.625 3.6875 3.6875 3.6875 3.75 3.75 3.75 3.75 3.7083332538604736 3.7083332538604736 3.7083332538604736 3.7083332538604736 3.5833332538604736 3.5833332538604736 3.75 3.75 3.75 3.6666667461395264 3.0416667461395264 3.0416667461395264 3.5416667461395264 3.5416667461395264 3.5416667461395264 3.5833332538604736 3.6666667461395264 3.5833332538604736 3.4583332538604736 3.4166667461395264 3.4166667461395264 3.5833332538604736 3.6666667461395264 3.5416667461395264 3.5 3.25 3.0416667461395264 3.0833332538604736 3.25 3.4583332538604736 3.5416667461395264 3.625 3.7083332538604736 3.75 3.75 3.75 3.75 3.75 3.75 3.75 3.7083332538604736 3.6666667461395264 3.7083332538604736 3.75 3.75 3.75 3.75 3.75 3.75 3.75 3.75 3.75 3.75 3.6666667461395264 3.5833332538604736 3.6666667461395264 3.75 3.75 3.75 3.75 3.75 3.75 3.75 3.75 3.75 3.75
3.75 3.7083332538604736 3.7083332538604736 3.75 3.75 3.75 3.75 3.75 3.7083332538604736 3.625 3.6666667461395264 3.75 3.7083332538604736 3.6666667461395264 3.6666667461395264 3.625 3.6875 3.75 3.75 3.75 3.75 3.75 3.75 3.6875 3.5625 3 2.9375 3.3125 3.1875 3.125 3.25 3.375 3.4375 3.5 3.375 3.25 3.3125 3.3125 3.1875 3.125 3.0625 3.1875 3.1875 3.1875 3.5 3.6875 3.75 3.75 3.75 3.75 3.75 3.75 3.75 3.75 3.75 3.75 3.75 3.75 3.75 3.75 3.75 3.75 3.75 3.75 3.6875 3.6875 3.75 3.75 3.75 3.75 3.75 3.75 3.75 3.75 3.75 3.75 3.75 3.75 3.75 3.75 3.75
3.75 3.75 3.75 3.75 3.75 3.75 3.625 3.5 3.5 3.5625 3.6875 3.75 3.6875 3.625 3.6666667461395264 3.6666667461395264 3.7083332538604736 3.75 3.75 3.75 3.75 3.75 3.75 3.7083332538604736 3.6666667461395264 3.5 3 2.8333332538604736 3 3.0416667461395264 3.0833332538604736 3.0416667461395264 3.0416667461395264 3.1666667461395264 3.2916667461395264 3.3333332538604736 3.25 3.2083332538604736 3.1666667461395264 3 3 3.2083332538604736 3.3333332538604736 3.4583332538604736 3.6666667461395264 3.75 3.75 3.75 3.75 3.75 3.75 3.75 3.75 3.75 3.75 3.75 3.75 3.7083332538604736 3.7083332538604736 3.75 3.75 3.75 3.75 3.75 3.7083332538604736 3.7083332538604736 3.75 3.75 3.75 3.75 3.6666667461395264 3.6666667461395264 3.7083332538604736 3.7083332538604736 3.75 3.75 3.75 3.75 3.75 3.75 3.7083332538604736
3.7083332538604736 3.7083332538604736 3.75 3.7083332538604736 3.7083332538604736 3.75 3.75 3.4166667461395264 3.5416667461395264 3.7083332538604736 3.7083332538604736 3.7083332538604736 3.75 3.75 3.75 3.75 3.75 3.75 3.75 3.75 3.75 3.75 3.75 3.75 3.75 3.75 3.125 2.6875 3 3.1875 3.375 3.5 3.4375 3.375 3.4375 3.5 3.5 3.5625 3.5 3.375 3.4375 3.5 3.625 3.75 3.75 3.75 3.75 3.75 3.75 3.75 3.75 3.75 3.75 3.75 3.75 3.75 3.8125 3.75 3.6875 3.75 3.75 3.75 3.75 3.75 3.75 3.75 3.75 3.75 3.75 3.75 3.6875 3.6875 3.6875 3.6875 3.6875 3.625 3.6875 3.75 3.75 3.75 3.75
3.75 3.75 3.75 3.6875 3.6875 3.75 3.75 3.75 3.75 3.6875 3.5 3.5625 3.75 3.75 3.75 3.75 3.75 3.75 3.75 3.75 3.75 3.75 3.75 3.75 3.7083332538604736 3.625 3.2916667461395264 2.5833332538604736 2.4166667461395264 3.125 3.625 3.7083332538604736 3.75 3.6666667461395264 3.5833332538604736 3.5 3.5833332538604736 3.6666667461395264 3.6666667461395264 3.7083332538604736 3.75 3.75 3.75 3.75 3.75 3.75 3.75 3.75 3.75 3.75 3.75 3.75 3.75 3.75 3.7083332538604736 3.7083332538604736 3.7916667461395264 3.7916667461395264 3.75 3.75 3.75 3.75 3.75 3.75 3.75 3.75 3.75 3.75 3.75 3.75 3.75 3.75 3.75 3.75 3.7083332538604736 3.6666667461395264 3.6666667461395264 3.6666667461395264 3.6666667461395264 3.6666667461395264 3.625
3.7083332538604736 3.7083332538604736 3.75 3.7083332538604736 3.7083332538604736 3.7083332538604736 3.6666667461395264 3.5833332538604736 3.625 3.7083332538604736 3.625 3.6666667461395264 3.75 3.75 3.75 3.75 3.75 3.75 3.75 3.75 3.75 3.75 3.6875 3.625 3.5625 3.3125 3.0625 2.5625 2.1875 2.5 3.25 3.6875 3.6875 3.75 3.75 3.75 3.75 3.75 3.75 3.75 3.75 3.75 3.75 3.75 3.75 3.75 3.75 3.75 3.75 3.75 3.875 3.875 3.75 3.6875 3.625 3.6875 3.75 3.75 3.75 3.75 3.75 3.6875 3.625 3.75 3.75 3.75 3.75 3.75 3.75 3.75 3.75 3.75 3.75 3.75 3.75 3.75 3.75 3.625 3.5625 3.5625 3.5625
3.75 3.75 3.75 3.6875 3.6875 3.6875 3.625 3.5 3.5 3.6875 3.75 3.75 3.75 3.75 3.75 3.75 3.75 3.75 3.75 3.75 3.75 3.75 3.5416667461395264 3.3333332538604736 3.3333332538604736 3.4166667461395264 3.5 3.1666667461395264 2.7916667461395264 2.25 2.75 3.625 3.625 3.75 3.75 3.75 3.75 3.75 3.75 3.75 3.75 3.75 3.75 3.75 3.75 3.75 3.75 3.75 3.75 3.7083332538604736 3.75 3.7083332538604736 3.6666667461395264 3.75 3.75 3.75 3.75 3.75 3.75 3.75 3.75 3.7083332538604736 3.6666667461395264 3.7083332538604736 3.75 3.75 3.75 3.75 3.75 3.75 3.7083332538604736 3.625 3.625 3.7083332538604736 3.7083332538604736 3.7083332538604736 3.75 3.7083332538604736 3.6666667461395264 3.625 3.5
3.75 3.75 3.7083332538604736 3.7083332538604736 3.75 3.7083332538604736 3.6666667461395264 3.7083332538604736 3.6666667461395264 3.625 3.6666667461395264 3.7083332538604736 3.75 3.75 3.75 3.75 3.75 3.75 3.75 3.75 3.75 3.75 3.4375 3.1875 3.25 3.5 3.75 3.75 3.125 2.375 2.5 3.25 3.75 3.75 3.75 3.75 3.75 3.75 3.75 3.75 3.75 3.75 3.75 3.75 3.75 3.75 3.75 3.75 3.75 3.6875 3.6875 3.6875 3.6875 3.75 3.75 3.75 3.75 3.75 3.75 3.625 3.625 3.75 3.75 3.75 3.75 3.75 3.75 3.75 3.75 3.75 3.75 3.75 3.5625 3.5625 3.75 3.5625 3.375 3.375 3.375 3.25 2.9375
3.75 3.75 3.75 3.75 3.75 3.75 3.75 3.75 3.75 3.6875 3.625 3.6875 3.7083332538604736 3.7083332538604736 3.75 3.75 3.7083332538604736 3.7083332538604736 3.75 3.6666667461395264 3.5833332538604736 3.5416667461395264 3.375 3.25 3.25 3.5 3.75 3.75 3.125 2.75 2.375 2.75 3.75 3.75 3.75 3.75 3.75 3.75 3.75 3.75 3.75 3.75 3.75 3.75 3.75 3.75 3.7916667461395264 3.75 3.6666667461395264 3.7083332538604736 3.7916667461395264 3.7916667461395264 3.75 3.75 3.75 3.75 3.75 3.75 3.75 3.625 3.625 3.75 3.75 3.75 3.75 3.75 3.75 3.75 3.75 3.75 3.7083332538604736 3.5833332538604736 3.4583332538604736 3.4583332538604736 3.3333332538604736 3.1666667461395264 3.1666667461395264 3.2083332538604736 3.0416667461395264 2.8333332538604736 2.5416667461395264
3.75 3.7083332538604736 3.6666667461395264 3.7083332538604736 3.75 3.75 3.75 3.7083332538604736 3.7083332538604736 3.75 3.75 3.75 3.7083332538604736 3.75 3.75 3.75 3.75 3.75 3.75 3.5 3.25 3.3125 3.4375 3.5 3.5625 3.6875 3.75 3.75 3.4375 3.0625 2.375 2.75 3.75 3.75 3.75 3.75 3.75 3.75 3.75 3.75 3.75 3.75 3.75 3.75 3.75 3.75 3.8125 3.75 3.625 3.75 3.8125 3.75 3.75 3.75 3.75 3.75 3.75 3.75 3.75 3.75 3.75 3.75 3.75 3.75 3.75 3.75 3.75 3.75 3.75 3.75 3.5625 3.1875 3.125 3.1875 2.9375 3.3125 3.875 3.5 2.625 2.0625 2.1875
3.6875 3.75 3.75 3.75 3.75 3.75 3.75 3.75 3.75 3.75 3.75 3.75 3.75 3.75 3.75 3.75 3.6666667461395264 3.5 3.4166667461395264 3.4166667461395264 3.5 3.5833332538604736 3.7083332538604736 3.75 3.75 3.75 3.75 3.75 3.75 3.5 2.5416667461395264 2.75 3.7083332538604736 3.75 3.75 3.7916667461395264 3.7916667461395264 3.75 3.75 3.75 3.75 3.75 3.7916667461395264 3.8333332538604736 3.6666667461395264 3.5 3.625 3.75 3.75 3.7916667461395264 3.8333332538604736 3.7916667461395264 3.75 3.75 3.75 3.75 3.75 3.75 3.75 3.75 3.7083332538604736 3.7083332538604736 3.75 3.75 3.7083332538604736 3.6666667461395264 3.625 3.625 3.5833332538604736 3.375 3.1666667461395264 3 2.5 2.3333332538604736 2.5416667461395264 2.75 3 2.8333332538604736 2.75 2.7916667461395264 3.0833332538604736
