SimulationData/Scenarios/Waterwolf/Flooding/Uitdammerdijk/1020.asc
ncols        561
nrows        278
xllcorner    4.817258165162
yllcorner    52.370746892638
cellsize     0.000511251697
NODATA_value  -9999
[rows 66 to 87 of 278, columns 240 to 287 of 561]
-0.5700000524520874 -0.5700000524520874 -0.5900000333786011 -0.6299999952316284 0 -0.5900000333786011 -0.6299999952316284 -0.6200000047683716 -0.6399999856948853 -0.6399999856948853 -0.7599999904632568 -1.0099999904632568 -0.949999988079071 -0.3400000333786011 -2.1700000762939453 -1.0000001192092896 -1.0000001192092896 -0.6700000762939453 -0.8400000333786011 -0.5700000524520874 -0.6600000858306885 -0.49000000953674316 -0.4100000858306885 -0.6599999666213989 -0.6599999666213989 -2.050000011920929 0 -9999 -9999 -9999 -9999 -9999 -9999 -9999 -9999 -9999 -9999 -9999 -9999 -9999 -9999 -9999 -9999 -9999 -9999 -9999 -9999 -9999
-0.7000000476837158 -0.7000000476837158 -0.440000057220459 -0.5199999809265137 -0.6100000143051147 -0.5700000524520874 -0.6600000858306885 -0.6800000667572021 -0.5099999904632568 -0.5099999904632568 -0.7000000476837158 -0.8899999856948853 -0.9499999284744263 -0.3400000333786011 -2.350000075995922 -1.03000009059906 -1.03000009059906 -0.5600000619888306 -0.690000057220459 -0.5700000524520874 -0.690000057220459 -0.6200000047683716 -0.690000057220459 -0.3900001049041748 -0.3900001049041748 -2.7300000190734863 0 -9999 -9999 -9999 -9999 -9999 -9999 -9999 -9999 -9999 -9999 -9999 -9999 -9999 -9999 -9999 -9999 -9999 -9999 -9999 -9999 -9999
-0.6500000953674316 -0.6500000953674316 0 -0.5900000333786011 -0.6500000953674316 -0.6399999856948853 -0.5199999809265137 -0.6800000667572021 -0.7100000381469727 -0.7100000381469727 -0.41999995708465576 -0.2699998617172241 -0.3299999237060547 -0.3400000333786011 -2.4000000804662704 -0.6800000667572021 -0.6800000667572021 -0.5099999904632568 -0.4700000286102295 -0.8700000047683716 -0.7100000381469727 -0.5700000524520874 -0.5700000524520874 -0.6000000238418579 -0.6000000238418579 -0.5199999809265137 0 -9999 -9999 -9999 -9999 -9999 -9999 -9999 -9999 -9999 -9999 -9999 -9999 -9999 -9999 -9999 -9999 -9999 -9999 -9999 -9999 -9999
-0.5400000810623169 -0.5400000810623169 -0.6399999856948853 -0.6299999952316284 -0.5700000524520874 -0.6000000238418579 -0.059999942779541016 -0.7699999809265137 -0.7300000190734863 -0.7300000190734863 -0.7200000286102295 -0.7599999904632568 -1.0499999523162842 -0.4700000286102295 -2.450000075623393 -0.6800000667572021 -0.6800000667572021 -0.9100000858306885 -0.40000009536743164 -0.5099999904632568 -0.5600000619888306 -0.059999942779541016 -0.6200000047683716 -0.6899999380111694 -0.6899999380111694 -0.6699999570846558 -0.32999998331069946 -9999 -9999 -9999 -9999 -9999 -9999 -9999 -9999 -9999 -9999 -9999 -9999 -9999 -9999 -9999 -9999 -9999 -9999 -9999 -9999 -9999
-0.6299999952316284 -0.6299999952316284 -0.6000000238418579 -0.5400000810623169 -0.6700000762939453 -0.6399999856948853 -0.7200000286102295 -0.7200000286102295 -0.5900000333786011 -0.5900000333786011 -0.5900000333786011 -0.6500000953674316 -0.4700000286102295 -0.4700000286102295 -2.3000000789761543 -0.4700000286102295 -0.4700000286102295 -0.7100000381469727 -0.5300000905990601 -0.2799999713897705 -0.5099999904632568 -0.440000057220459 -0.20000004768371582 -0.48000001907348633 -0.48000001907348633 -0.6899999380111694 -0.32999998331069946 -9999 -9999 -9999 -9999 -9999 -9999 -9999 -9999 -9999 -9999 -9999 -9999 -9999 -9999 -9999 -9999 -9999 -9999 -9999 -9999 -9999
-0.690000057220459 -0.690000057220459 -0.6600000858306885 -0.5900000333786011 -0.7400000095367432 -0.6799999475479126 -0.6899999380111694 -0.8199999332427979 -0.809999942779541 -0.809999942779541 -0.08000004291534424 -0.3799999952316284 -0.5499999523162842 -0.3400000333786011 -1.6699999570846558 -0.6599999666213989 -0.6599999666213989 -0.8000000715255737 -0.8100000619888306 -0.6000000238418579 -0.6000000238418579 -0.5900000333786011 -0.46000003814697266 -0.7100000381469727 -0.7100000381469727 -0.6800000667572021 0 -9999 -9999 -9999 -9999 -9999 -9999 -9999 -9999 -9999 -9999 -9999 -9999 -9999 -9999 -9999 -9999 -9999 -9999 -9999 -9999 -9999
-0.6800000667572021 -0.6800000667572021 -0.6000000238418579 -0.5900000333786011 -0.5600000619888306 -0.5 -0.6000000238418579 -0.6600000858306885 -0.6500000953674316 -0.6500000953674316 -0.7000000476837158 -0.8100000619888306 -0.46000003814697266 -0.4100000858306885 -2.0600000619888306 -0.7900000810623169 -0.7900000810623169 -0.7500001192092896 0 -0.630000114440918 -0.49000000953674316 -0.6500000953674316 -0.4100000858306885 -0.6700000762939453 -0.6700000762939453 0 -1.5999999046325684 -9999 -9999 -9999 -9999 -9999 -9999 -9999 -9999 -9999 -9999 -9999 -9999 -9999 -9999 -9999 -9999 -9999 -9999 -9999 -9999 -9999
-0.6700000762939453 -0.6700000762939453 -0.6299999952316284 -0.5800000429153442 -0.6100000143051147 -0.7300000190734863 -0.6800000667572021 -0.7100000381469727 -0.7100000381469727 -0.10000014305114746 -0.6700000762939453 -0.7400000095367432 -0.3400000333786011 -0.3400000333786011 -1.5200001001358032 -0.3100001811981201 -0.3100001811981201 -0.630000114440918 -0.5500000715255737 -0.46000003814697266 -0.7100000381469727 -0.7100000381469727 -0.6100000143051147 -0.5800000429153442 -0.5800000429153442 -0.5500000715255737 -2.5500000715255737 -2.940000057220459 -9999 -9999 -9999 -9999 -9999 -9999 -9999 -9999 -9999 -9999 -9999 -9999 -9999 -9999 -9999 -9999 -9999 -9999 -9999 -9999
-0.6700000762939453 -0.6700000762939453 -0.6700000762939453 -0.6100000143051147 -0.5900000333786011 -0.6200000047683716 -0.6800000667572021 -0.6800000667572021 -0.6800000667572021 -0.6800000667572021 -0.7100000381469727 -0.8799999952316284 -0.3799999952316284 -0.3400000333786011 -0.9500000476837158 -0.7200000286102295 -0.7200000286102295 -0.6100001335144043 -0.6400001049041748 -0.6400001049041748 -0.7100000381469727 -0.690000057220459 -0.49000000953674316 -0.5700000524520874 -0.5700000524520874 -0.5600000619888306 0 -1.9200000762939453 -9999 -9999 -9999 -9999 -9999 -9999 -9999 -9999 -9999 -9999 -9999 -9999 -9999 -9999 -9999 -9999 -9999 -9999 -9999 -9999
-0.7100000381469727 -0.7100000381469727 -0.7900000810623169 -0.009999990463256836 -0.009999990463256836 -0.039999961853027344 -0.7100000381469727 -0.6499999761581421 -0.6499999761581421 -0.809999942779541 0 -0.41999995708465576 -0.2999999523162842 -0.3400000333786011 -0.7000000476837158 -0.7600001096725464 -0.7600001096725464 -0.7400001287460327 -0.6500000953674316 -0.7100000381469727 -0.690000057220459 -0.7599999904632568 -0.8500000238418579 -0.6600000858306885 -0.6600000858306885 -0.7100000381469727 -0.6600000858306885 -0.6100000143051147 -0.3500000238418579 -9999 -9999 -9999 -9999 -9999 -9999 -9999 -9999 -9999 -9999 -9999 -9999 -9999 -9999 -9999 -9999 -9999 -9999 -9999
-0.6200000047683716 -0.6200000047683716 -0.690000057220459 -0.7699999809265137 -0.6800000667572021 -0.8200000524520874 -0.8899999856948853 -0.6299999952316284 -0.6299999952316284 -0.7999999523162842 -0.2099999189376831 -0.309999942779541 0 -0.3400000333786011 -0.8200000524520874 -0.8300000429153442 -0.8300000429153442 -0.6500000953674316 -0.7000000476837158 -0.7300000190734863 -0.7300000190734863 -0.6499999761581421 -0.6800000667572021 -0.6800000667572021 -0.6000000238418579 -0.6000000238418579 -0.6500000953674316 -0.6400001049041748 -1.8300000429153442 -1.9500000476837158 -2.350000023841858 -2.350000023841858 -9999 -9999 -9999 -9999 -9999 -9999 -9999 -9999 -9999 -9999 -9999 -9999 -9999 -9999 -9999 -9999
-0.6700000762939453 -0.6700000762939453 -0.6299999952316284 -0.5900000333786011 -0.690000057220459 -0.7000000476837158 -0.49000000953674316 -0.7899999618530273 -0.7899999618530273 -0.7699999809265137 -0.5199999809265137 -0.5900000333786011 0 -0.3400000333786011 -0.8600001335144043 -0.880000114440918 -0.880000114440918 -0.8400000333786011 -0.6800000667572021 -0.6700000762939453 -0.690000057220459 -0.7599999904632568 -0.8000000715255737 -0.8000000715255737 -0.5100001096725464 -0.6700000762939453 -0.6700000762939453 -0.5900000333786011 -0.6200000047683716 -0.8200000524520874 -1.0500000417232513 -1.0500000417232513 -2.540000081062317 -9999 -9999 -9999 -9999 -9999 -9999 -9999 -9999 -9999 -9999 -9999 -9999 -9999 -9999 -9999
-0.7100000381469727 -0.7100000381469727 -0.5900000333786011 -0.5300000905990601 -0.6299999952316284 -0.7000000476837158 -0.6200000047683716 -1.190000057220459 -1.190000057220459 0 -0.309999942779541 -0.26999998092651367 0 -0.3400000333786011 -0.46999990940093994 -0.41999995708465576 -0.41999995708465576 -0.7900000810623169 -0.7300000190734863 -0.5500000715255737 -0.8200000524520874 -0.7000000476837158 -0.7000000476837158 -0.7000000476837158 -0.6400001049041748 -0.2799999713897705 0 -0.4900001287460327 -0.4700000286102295 -0.10000014305114746 -0.5200001001358032 -0.5200001001358032 -2.6600000709295273 -0.12000000476837158 -9999 -9999 -9999 -9999 -9999 -9999 -9999 -9999 -9999 -9999 -9999 -9999 -9999 -9999
-0.6599999666213989 -0.7000000476837158 -0.5199999809265137 -0.6299999952316284 -0.6299999952316284 -0.8500000238418579 -0.7000000476837158 -0.7699999809265137 -0.7699999809265137 -1.4100000858306885 -1.2699999809265137 -1.399999976158142 -0.7200000286102295 -0.3400000333786011 -0.8700001239776611 -0.8100000619888306 -0.8100000619888306 0 -0.7900000810623169 -0.8300000429153442 -0.6299999952316284 -0.6800000667572021 -0.8200000524520874 -0.8200000524520874 0 -0.6400001049041748 -0.6200001239776611 -0.6800000667572021 -0.6000000238418579 -0.09000015258789062 -0.5200001001358032 -0.5200001001358032 -0.6000000238418579 -1.9200000762939453 -9999 -9999 -9999 -9999 -9999 -9999 -9999 -9999 -9999 -9999 -9999 -9999 -9999 -9999
-0.6699999570846558 -0.6299999952316284 -0.6499999761581421 -0.6599999666213989 -0.6399999856948853 -0.6200000047683716 -0.7000000476837158 -0.6299999952316284 -0.6299999952316284 -0.8300000429153442 -0.2799999713897705 -0.41999995708465576 -1 -0.3400000333786011 -0.8199999332427979 -0.8899999856948853 -0.8899999856948853 -1.040000081062317 -1.0100001096725464 -1.2100000381469727 -0.059999942779541016 -0.5900000333786011 -0.690000057220459 -0.690000057220459 -0.6000000238418579 -0.5700000524520874 -0.6600000858306885 -0.5900000333786011 -0.6700000762939453 -0.690000057220459 -0.6600000858306885 -0.6600000858306885 -0.2799999713897705 -0.7300000190734863 -1.9200000762939453 -9999 -9999 -9999 -9999 -9999 -9999 -9999 -9999 -9999 -9999 -9999 -9999 -9999
-0.6599999666213989 -0.48000001907348633 -0.6100000143051147 -0.019999980926513672 -0.7000000476837158 -0.6600000858306885 -0.6299999952316284 0 0 -0.7000000476837158 -0.31999993324279785 -0.38999998569488525 -1.0600000023841858 -0.3400000333786011 -0.3700000047683716 -0.16999995708465576 -0.16999995708465576 -0.6700000762939453 -0.6800000667572021 -0.6100000143051147 -0.059999942779541016 -0.7100000381469727 -0.6700000762939453 -0.6700000762939453 -0.6499999761581421 -0.6800000667572021 -0.5400000810623169 -0.6800000667572021 -0.5800000429153442 -0.019999980926513672 -0.6100000143051147 -0.6100000143051147 -0.49000000953674316 -0.5400000810623169 -2.1700000762939453 -9999 -9999 -9999 -9999 -9999 -9999 -9999 -9999 -9999 -9999 -9999 -9999 -9999
-0.6599999666213989 -0.6599999666213989 -0.7400000095367432 -0.690000057220459 -0.6399999856948853 -0.5800000429153442 -0.6700000762939453 -0.7200000286102295 -0.7200000286102295 -0.6600000858306885 -0.6800000667572021 0 -1.1200000047683716 -0.3400000333786011 -0.7800000905990601 -0.7800000905990601 -0.7100000381469727 -0.6800000667572021 -0.6800000667572021 -0.5099999904632568 -0.5299999713897705 -0.7300000190734863 -0.6499999761581421 -0.6499999761581421 -0.6600000858306885 -0.04999995231628418 -0.5 -0.6399999856948853 -0.5600000619888306 -0.4700000286102295 -0.5700000524520874 -0.5700000524520874 -0.630000114440918 -0.6500000953674316 -2.0900000631809235 -9999 -9999 -9999 -9999 -9999 -9999 -9999 -9999 -9999 -9999 -9999 -9999 -9999
-0.7300000190734863 -0.6700000762939453 -0.690000057220459 -0.6299999952316284 -0.31999993324279785 -0.1099998950958252 -0.28999996185302734 -0.34999990463256836 -0.34999990463256836 -0.4199998378753662 -0.38999998569488525 -1.100000023841858 -1.199999988079071 -0.3400000333786011 -0.6200000047683716 -0.6200000047683716 -0.8100000619888306 -0.6000000238418579 -0.6600000858306885 -0.5600000619888306 -0.6100000143051147 -0.6000000238418579 -0.5900000333786011 -0.5900000333786011 -0.24000000953674316 -0.5500000715255737 -0.5900000333786011 -0.43000006675720215 -0.029999971389770508 -0.6500000953674316 -0.690000057220459 -0.690000057220459 -0.5500000715255737 -1.5700000524520874 -2.040000081062317 -9999 -9999 -9999 -9999 -9999 -9999 -9999 -9999 -9999 -9999 -9999 -9999 -9999
-0.5499999523162842 -0.6800000667572021 -0.690000057220459 -0.6500000953674316 -0.6500000953674316 -0.2399998903274536 -0.2399998903274536 -0.39999985694885254 -0.39999985694885254 -0.46999990940093994 -0.309999942779541 -0.5699999332427979 -1.2299999594688416 -0.3400000333786011 -0.8400000333786011 -0.8400000333786011 -0.7200000286102295 -0.690000057220459 -0.690000057220459 -0.7000000476837158 -0.6400001049041748 -0.6800000667572021 -0.019999980926513672 -0.019999980926513672 -0.690000057220459 -0.6299999952316284 -0.6200000047683716 -0.6200000047683716 -0.5600000619888306 -0.5200001001358032 -0.5099999904632568 -0.5099999904632568 -0.5300000905990601 -0.43000006675720215 -1.9300000667572021 -9999 -9999 -9999 -9999 -9999 -9999 -9999 -9999 -9999 -9999 -9999 -9999 -9999
-0.059999942779541016 -0.7599999904632568 -0.7400000095367432 -0.7599999904632568 -0.7699999809265137 -1.1100000143051147 -1.1800000667572021 -1.25 -1.25 -1.1500000953674316 -0.3799999952316284 -0.3999999761581421 -1.1699999570846558 -0.3400000333786011 -0.7599999904632568 -0.7599999904632568 -0.3999999761581421 -0.880000114440918 -0.8500000238418579 -0.7300000190734863 -0.6700000762939453 -0.6700000762939453 -0.6700000762939453 -0.6700000762939453 -0.690000057220459 -0.5 -0.6700000762939453 -0.7000000476837158 -0.029999971389770508 -0.6700000762939453 -0.6700000762939453 -0.7100000381469727 -0.5800000429153442 -0.4900001287460327 -1.9200000762939453 -9999 -9999 -9999 -9999 -9999 -9999 -9999 -9999 -9999 -9999 -9999 -9999 -9999
-0.7000000476837158 -0.6500000953674316 -0.6399999856948853 -0.7200000286102295 -0.6600000858306885 -0.7100000381469727 -0.7900000810623169 -0.5700000524520874 -0.5700000524520874 -1.600000023841858 -1.1800000071525574 -1.059999942779541 0 0 -0.3799999952316284 -0.3799999952316284 -0.31999993324279785 -0.25 -0.20000004768371582 -0.3200000524520874 -0.010000109672546387 -0.5500000715255737 -0.4200000762939453 -0.4200000762939453 -0.7400001287460327 -0.6100001335144043 -0.5300000905990601 -0.6000000238418579 -0.2099999189376831 -0.21999990940093994 -0.21999990940093994 -0.2599998712539673 -0.2099999189376831 -2.0900000482797623 -1.4500000476837158 -9999 -9999 -9999 -9999 -9999 -9999 -9999 -9999 -9999 -9999 -9999 -9999 -9999
-0.75 -0.7800000905990601 -0.6500000953674316 -0.6800000667572021 -0.7100000381469727 -0.7200000286102295 -0.9100000858306885 -0.8600000143051147 -0.8600000143051147 -0.8500000238418579 -0.9100000858306885 -1.1200000047683716 -0.5699999332427979 0 -2.120000049471855 -2.120000049471855 -0.30000007152557373 -0.2999999523162842 -0.09999990463256836 -0.3700000047683716 -0.19000005722045898 -0.7100000381469727 -0.7200000286102295 -0.7200000286102295 -1.2100000381469727 -1.1600000858306885 -1.1500000953674316 -0.8900001049041748 -0.4799998998641968 -0.8999999761581421 -0.8999999761581421 -1.1999999284744263 -0.7599999904632568 -1.6599999368190765 -2.649999976158142 -9999 -9999 -9999 -9999 -9999 -9999 -9999 -9999 -9999 -9999 -9999 -9999 -9999
