SimulationData/Scenarios/Waterwolf/Flooding/Uitdammerdijk/1020.asc
ncols        561
nrows        278
xllcorner    4.817258165162
yllcorner    52.370746892638
cellsize     0.000511251697
NODATA_value  -9999
[rows 88 to 109 of 278, columns 0 to 47 of 561]
-9999 -9999 -9999 -9999 -9999 -9999 -9999 -9999 -9999 -9999 -9999 -0.6400000005960464 -0.6400000005960464 -0.89000004529953 -1.160000056028366 -0.8300000429153442 -1.0800000727176666 -1.14000004529953 -1.1200000643730164 -1.1200000643730164 0 -1.120000034570694 -1.3900000490248203 -1.410000056028366 -0.9800000488758087 -1.1300000548362732 -1.3800000548362732 -1.3800000548362732 0 0 0 0 -1.4466124577447772 0 0 -1.410000056028366 -1.120000034570694 -1.2700000405311584 -1.4400000125169754 -1.4500000029802322 -1.219999998807907 -1.0999999940395355 -1.0999999940395355 -1.3400000035762787 -1.1800000071525574 -1.290000006556511 -1.510000005364418 -1.0299999713897705
-9999 -9999 -9999 -9999 -9999 -9999 -9999 -9999 -9999 -9999 -9999 -0.26999999582767487 -0.26999999582767487 -0.8100000619888306 -1.1300000548362732 -0.8800000548362732 -1.0400000512599945 -1.0800000429153442 -1.2000000476837158 -1.2000000476837158 -1.170000046491623 -1.0800000429153442 -1.0100000500679016 -0.9500000476837158 -1.400000050663948 -1.4600000530481339 -1.4900000542402267 -1.4900000542402267 -1.1000000536441803 -1.3700000494718552 -1.0800000429153442 -1.0300000607967377 -1.3500000536441803 -1.0300000607967377 -1.0300000607967377 -1.0500000417232513 -0.8000000715255737 -1.190000057220459 -1.0999999940395355 -1.3700000047683716 -1.0600000023841858 -1.4200000017881393 -1.4200000017881393 -1.290000006556511 -1.520000010728836 -0.949999988079071 -1.260000005364418 -0.1099998950958252
-9999 -9999 -9999 -9999 -9999 -9999 -9999 -9999 -9999 -9999 -1.14000004529953 -1.14000004529953 -0.5200000405311584 0 -0.89000004529953 -0.9300000071525574 -0.89000004529953 -1.1300000250339508 -1.1700000166893005 -1.1700000166893005 -1.1899999976158142 -1.1700000166893005 -1.1599999964237213 -1.3900000154972076 -1.3300000503659248 0 -2.100000023841858 -1.520000047981739 -1.4700000584125519 -1.120000034570694 -1.2200000435113907 -1.5100000500679016 -1.440000057220459 -1.190000057220459 -1.190000057220459 -0.9800000488758087 -1.4600000474601984 -0.4700000286102295 -0.8700000047683716 -0.7599999904632568 -0.5400000214576721 -0.04999995231628418 -0.04999995231628418 -0.11000001430511475 -0.3400000333786011 -0.48000001907348633 -0.46000003814697266 -0.4899998903274536
-9999 -9999 -9999 -9999 -9999 -9999 -9999 -9999 -9999 -1.5700000450015068 -1.2700000405311584 -1.2700000405311584 -1.3100000470876694 -1.2700000405311584 -1.1300000548362732 -1.4300000183284283 -0.9600000381469727 -1.070000022649765 -0.19000005722045898 -0.19000005722045898 -1.5000000149011612 -1.3600000143051147 -1.550000011920929 -1.5200000181794167 -0.4700000286102295 -1.0400000512599945 -1.1300000548362732 -1.1300000548362732 -0.8700000643730164 -1.2100000530481339 -1.1000000536441803 -1.4000000469386578 0 0 0 -1.3300000503659248 -2.450000047683716 -1.1300000548362732 -0.9900000095367432 -0.04999995231628418 -0.41999995708465576 -0.5099999904632568 -0.5099999904632568 -0.6899999976158142 -0.5299999713897705 -0.5600000023841858 -0.04999995231628418 -0.85999995470047
-9999 -9999 -9999 -9999 -9999 -9999 -9999 -9999 -1.7000000476837158 -1.940000057220459 -1.160000056028366 -1.160000056028366 -1.0000000596046448 -1.1800000369548798 0 -1.0400000214576721 -1.090000033378601 -1.0400000214576721 -1.0100000202655792 -1.0100000202655792 -0.8199999928474426 -1.3800000101327896 -1.3200000077486038 -1.300000011920929 0 -1.160000056028366 -1.420000046491623 -1.420000046491623 -1.4700000584125519 -1.5100000500679016 -0.6200000643730164 -0.8500000238418579 -0.9700000584125519 0 0 -1.4300000481307507 -1.420000048354268 -1.2400000542402267 -0.8999999761581421 -0.5400000214576721 -0.6100000143051147 -0.5 -0.5 -0.3999999761581421 -0.04999995231628418 -0.28999996185302734 -0.48000001907348633 -0.4599999189376831
-9999 -9999 -9999 -9999 -9999 -9999 -9999 -0.7800000309944153 -0.9000000357627869 -1.120000034570694 -1.3700000271201134 -1.3700000271201134 -1.0300000309944153 -1.0100000202655792 -1.0800000429153442 -0.9700000286102295 -0.04999995231628418 -1.25 -1.219999998807907 -1.219999998807907 -0.9800000190734863 -0.8100000023841858 -0.7000000476837158 -0.11000001430511475 -0.009999990463256836 -0.6000000238418579 -0.6000000238418579 -0.3799999952316284 -0.24000000953674316 -0.46000003814697266 -0.5399999618530273 -0.5799999833106995 -0.7899999618530273 -0.7799999713897705 -0.7799999713897705 -0.8100000023841858 -1.2399999797344208 -1.1599999964237213 -0.7199999690055847 -0.48000001907348633 -0.6299999356269836 -0.08999991416931152 -0.08999991416931152 -1.0899999737739563 -0.08999991416931152 -0.5099999904632568 -0.9299999475479126 -1.260000005364418
-9999 -9999 -9999 -9999 -9999 -9999 -0.9000000357627869 -0.9000000357627869 -1.4900000374764204 -1.1800000369548798 -1.6400000303983688 -1.6400000303983688 -1.1700000166893005 -0.019999980926513672 -1.0600000321865082 -1.0900000035762787 -1.1899999976158142 -1.1699999868869781 -1.1399999856948853 -1.1399999856948853 -1.1900000274181366 -0.550000011920929 -0.6200000047683716 -0.019999980926513672 -0.3200000524520874 -0.40000009536743164 -0.40000009536743164 -0.25999999046325684 -0.440000057220459 -0.5399999618530273 -0.699999988079071 -0.3400000333786011 -0.9800000190734863 -1.6299999877810478 -1.6299999877810478 -1.979999989271164 -1.1899999976158142 -0.9599999785423279 -2.1799999475479126 -1.2999999672174454 -1.9499999582767487 -2.3299999833106995 -2.3299999833106995 -0.6899999380111694 -0.25999999046325684 -1.4399999603629112 -0.4622999429702759 -1.020000010728836
-9999 -9999 -9999 -9999 -9999 -9999 -0.5100000500679016 -0.009999990463256836 -0.5200000405311584 -0.4100000858306885 0 0 -0.690000057220459 -0.6000000238418579 -0.7000000476837158 -0.7100000381469727 -0.8299999833106995 -0.7800000309944153 -0.26999998092651367 -0.26999998092651367 -1.120000034570694 -0.9500000476837158 -0.36000001430511475 0 0 -0.2700001001358032 -0.2700001001358032 -0.23000001907348633 -0.4100000858306885 -1.2099999785423279 -1.0199999809265137 -0.059999942779541016 -0.059999942779541016 -0.9599999785423279 -0.9599999785423279 -0.6899999976158142 -0.800000011920929 -0.7899999618530273 -0.1799999475479126 -0.8299999833106995 -0.6199999451637268 -0.09999990463256836 -0.09999990463256836 -0.13999998569488525 -1.0199999809265137 -0.08999991416931152 -0.08999991416931152 -1.1699999868869781
-9999 -9999 -9999 -9999 -1.0600000619888306 -0.7000000476837158 -0.5700000524520874 -0.5500000715255737 -0.5800000429153442 -0.5300000309944153 -0.5900000333786011 -0.5900000333786011 -0.5100000500679016 -0.43000006675720215 0 -0.7400000095367432 -0.9900000095367432 -1.1899999976158142 -1.2500000149011612 -1.2500000149011612 -1.3900000490248203 -1.2300000488758087 -0.14016008377075195 0 -0.4500000476837158 -0.3200000524520874 -0.3200000524520874 -0.36000001430511475 -0.46000003814697266 -1.559999991208315 -0.9800000190734863 -0.059999942779541016 -0.059999942779541016 -0.059999942779541016 -0.059999942779541016 -0.5999999642372131 -0.9800000190734863 -0.059999942779541016 -0.08999991416931152 -0.08999991416931152 -0.08999991416931152 -0.08999991416931152 -0.08999991416931152 -0.08999991416931152 -0.08999991416931152 -0.08999991416931152 -0.08999991416931152 -0.0700000524520874
-9999 -9999 -9999 -9999 -0.6300000548362732 -0.6000000238418579 -0.960000067949295 -0.7000000476837158 -0.3399999737739563 -0.6399999856948853 -0.5300000309944153 -0.5300000309944153 -0.6300000548362732 -0.6700000762939453 -0.7100000381469727 -0.4700000286102295 -0.550000011920929 -0.039999961853027344 -0.039999961853027344 -0.039999961853027344 -0.3200000524520874 -0.25 0 -1.0500000417232513 -0.8300000429153442 -0.940000057220459 -0.940000057220459 -0.8000000715255737 -0.8400000333786011 -0.9599999785423279 -0.5299999713897705 -0.059999942779541016 -0.8799999952316284 -1.0799999833106995 -0.06999993324279785 -0.9200000166893005 -0.059999942779541016 -0.059999942779541016 -0.08999991416931152 -0.08999991416931152 -0.08999991416931152 -0.08999991416931152 -0.08999991416931152 -0.08999991416931152 -0.08999991416931152 -0.08999991416931152 -0.08999991416931152 -0.04999995231628418
-9999 -1.0600000619888306 -0.3500000238418579 -0.3500000238418579 -0.3799999952316284 -0.46000003814697266 -0.5200000405311584 -0.5200000405311584 -0.5100000500679016 -0.5800000429153442 -0.6299999952316284 -0.6299999952316284 -0.6500000357627869 -0.060000061988830566 -1.6700000166893005 -1.410000029951334 -0.6100000143051147 -0.6600000262260437 -0.6600000262260437 -0.6899999976158142 -0.10000002384185791 0 -0.2700001001358032 -1.7500000596046448 -0.550000011920929 -0.029999971389770508 -0.029999971389770508 -0.029999971389770508 -0.029999971389770508 -0.019999980926513672 -0.019999980926513672 -0.019999980926513672 -0.5900000333786011 -0.009999990463256836 -0.009999990463256836 -0.009999990463256836 -0.009999990463256836 -0.009999990463256836 0 0 0 0 0 0 0 0 0 0
-9999 -9999 -9999 -9999 -9999 -9999 -4.180000066757202 -1.3600000441074371 -0.019999980926513672 -0.019999980926513672 -0.440000057220459 -0.440000057220459 -0.26999998092651367 -0.5600000023841858 -0.23000001907348633 -0.31000006198883057 -0.38999998569488525 -0.6299999952316284 -0.6299999952316284 -0.49000000953674316 -0.7500000596046448 0 0 0 -0.029999971389770508 -0.3200000524520874 -0.3200000524520874 -0.3999999761581421 -0.440000057220459 -0.2200000286102295 -0.25999999046325684 -0.24000000953674316 -0.019999980926513672 -0.10000002384185791 -0.10000002384185791 -0.009999990463256836 -0.009999990463256836 -0.009999990463256836 0 0 0 0 0 0 0 0 0 0
-9999 -9999 -9999 -9999 -9999 -9999 -9999 -9999 -9999 -9999 -9999 -9999 -9999 -9999 -9999 -9999 -9999 -9999 -9999 -9999 -4.240000009536743 -0.8199999928474426 -0.5300000309944153 -0.3900001049041748 -0.9399999976158142 -0.7300000190734863 -0.7300000190734863 -0.6000000238418579 -0.5600000023841858 -0.64000004529953 -0.6200000047683716 -0.9300000071525574 -0.019999980926513672 -0.019999980926513672 -0.009999990463256836 -0.009999990463256836 -0.009999990463256836 -0.009999990463256836 0 0 0 0 0 0 0 0 0 0
-9999 -9999 -9999 -9999 -9999 -9999 -9999 -9999 -9999 -9999 -9999 -9999 -9999 -9999 -9999 -9999 -9999 -9999 -9999 -9999 -9999 -9999 -9999 -4.5299999713897705 -1.64000004529953 -0.48000001907348633 -0.48000001907348633 -0.25999999046325684 -0.2900000810623169 -0.5300000309944153 -0.4500000476837158 -0.6200000643730164 -0.3900001049041748 -0.3900001049041748 -1.7400000095367432 -0.039999961853027344 0 0 0 0 0 0 0 0 0 0 0 0
-9999 -9999 -9999 -9999 -9999 -9999 -9999 -9999 -9999 -9999 -9999 -9999 -9999 -9999 -9999 -9999 -9999 -9999 -9999 -9999 -9999 -9999 -9999 -9999 -9999 -9999 -9999 -9999 -9999 -9999 -0.9600000381469727 -0.20000004768371582 -0.25 -0.25 -0.38999998569488525 -0.75 -0.11000001430511475 0 0 0 0 0 0 0 0 0 0 0
-9999 -9999 -9999 -9999 -9999 -9999 -9999 -9999 -9999 -9999 -9999 -9999 -9999 -9999 -9999 -9999 -9999 -9999 -9999 -9999 -9999 -9999 -9999 -9999 -9999 -9999 -9999 -9999 -9999 -9999 -9999 -6.669999837875366 -0.690000057220459 -0.690000057220459 -0.36000001430511475 -0.43999993801116943 0 -0.6700000762939453 -0.21000003814697266 0 0 0 0 0 0 0 0 -0.5600000619888306
-9999 -9999 -9999 -9999 -9999 -9999 -9999 -9999 -9999 -9999 -9999 -9999 -9999 -9999 -9999 -9999 -9999 -9999 -9999 -9999 -9999 -9999 -9999 -9999 -9999 -9999 -9999 -9999 -9999 -9999 -9999 -9999 -9999 -9999 -7.580000162124634 -0.3400000333786011 -0.23000001907348633 -0.3900001049041748 -0.3900001049041748 -0.5100000500679016 -0.21000003814697266 -0.21000003814697266 -0.10000002384185791 -0.12999999523162842 0 -0.11000001430511475 -0.029999971389770508 0
-9999 -9999 -9999 -9999 -9999 -9999 -9999 -9999 -9999 -9999 -9999 -9999 -9999 -9999 -9999 -9999 -9999 -9999 -9999 -9999 -9999 -9999 -9999 -9999 -9999 -9999 -9999 -9999 -9999 -9999 -9999 -9999 -9999 -9999 -9999 -9999 -9999 -8.500000238418579 -0.4500000476837158 -0.3500000238418579 -0.5400000214576721 -0.5400000214576721 -0.4100000858306885 -0.019999980926513672 -0.13999998569488525 -0.20000004768371582 0 -1.0800000429153442
-9999 -9999 -9999 -9999 -9999 -9999 -9999 -9999 -9999 -9999 -9999 -9999 -9999 -9999 -9999 -9999 -9999 -9999 -9999 -9999 -9999 -9999 -9999 -9999 -9999 -9999 -9999 -9999 -9999 -9999 -9999 -9999 -9999 -9999 -9999 -9999 -9999 -9999 -9.009999990463257 0 -0.31000006198883057 -0.31000006198883057 -0.6500000357627869 -0.019999980926513672 -1.7400000393390656 0 0 -0.31000006198883057
-9999 -9999 -9999 -9999 -9999 -9999 -9999 -9999 -9999 -9999 -9999 -9999 -9999 -9999 -9999 -9999 -9999 -9999 -9999 -9999 -9999 -9999 -9999 -9999 -9999 -9999 -9999 -9999 -9999 -9999 -9999 -9999 -9999 -9999 -9999 -9999 -9999 -9999 -9999 -9999 -8.960000276565552 -8.960000276565552 -7.0299999713897705 -2.450000047683716 -1.7100000381469727 -4.340000152587891 -3.240000009536743 -2.6299999952316284
-9999 -9999 -9999 -9999 -9999 -9999 -9999 -9999 -9999 -9999 -9999 -9999 -9999 -9999 -9999 -9999 -9999 -9999 -9999 -9999 -9999 -9999 -9999 -9999 -9999 -9999 -9999 -9999 -9999 -9999 -9999 -9999 -9999 -9999 -9999 -9999 -9999 -9999 -9999 -9999 -9999 -9999 -0.3899998664855957 -7.590000033378601 -1.8899999856948853 -1.3300000503659248 0 -0.3500000238418579
-9999 -9999 -9999 -9999 -9999 -9999 -9999 -9999 -9999 -9999 -9999 -9999 -9999 -9999 -9999 -9999 -9999 -9999 -9999 -9999 -9999 -9999 -9999 -9999 -9999 -9999 -9999 -9999 -9999 -9999 -9999 -9999 -9999 -9999 -9999 -9999 -9999 -9999 -9999 -9999 -9999 -9999 -9999 -9999 -6.889999911189079 -7.900000095367432 -0.6500000357627869 -0.440000057220459
