SimulationData/Scenarios/Waterwolf/Flooding/Uitdammerdijk/1020.asc
ncols        561
nrows        278
xllcorner    4.817258165162
yllcorner    52.370746892638
cellsize     0.000511251697
NODATA_value  -9999
[rows 198 to 219 of 278, columns 288 to 335 of 561]
0.1777273416519165 0.40772736072540283 0.6677273511886597 0.5177273750305176 0.337727427482605 0.2477273941040039 0.2477273941040039 1.0377273559570312 -0.3722726106643677 0.41269004344940186 0.6926901340484619 0.5026900768280029 0.5426900386810303 0.5426900386810303 0.7826900482177734 0.6626900434494019 0.5426900386810303 0.8526899814605713 0.623931884765625 0.5039318799972534 0.5239318609237671 0.5239318609237671 0.5339318513870239 0.47518885135650635 0.935188889503479 0.5151888132095337 0.5051888227462769 0.4251527786254883 0.6051528453826904 0.6051528453826904 0.7051359415054321 1.3751357793807983 2.465091109275818 2.8350909948349 1.80507230758667 1.4150724411010742 1.4150724411010742 0.9750725030899048 0.9050725698471069 0.9650605916976929 -2.324939489364624 -3.013612389564514 -4.133612513542175 -3.1836124658584595 -3.1836124658584595 0.34638750553131104 0.18671846389770508 0.9367185831069946
0.28772735595703125 0.35772740840911865 0.5277273654937744 0.5177273750305176 0.147727370262146 0.147727370262146 0.147727370262146 1.0377273559570312 0.5177273750305176 0.45269012451171875 0.562690019607544 0.48269009590148926 0.33269011974334717 0.33269011974334717 0.7026901245117188 0.5226900577545166 0.38269007205963135 1.0426900386810303 0.6139318943023682 0.5039318799972534 0.4739319086074829 0.4739319086074829 0.5139318704605103 0.49518883228302 0.5451887845993042 0.5151888132095337 0.5051888227462769 0.4651528596878052 0.5851528644561768 0.5851528644561768 0.6751358509063721 0.9851359128952026 1.6250909566879272 1.4850910902023315 1.115072250366211 0.9850723743438721 0.9850723743438721 0.27507245540618896 0.965072512626648 -2.2649394273757935 -2.4549394845962524 -3.0736124515533447 -2.9436124563217163 0.34638750553131104 0.34638750553131104 0.3063875436782837 0.9467185735702515 0.6067185401916504
0.4977273941040039 0.5277273654937744 0.5277273654937744 0.4477274417877197 -1.1422726213932037 0.1877274513244629 0.1877274513244629 0.6077274084091187 0.587727427482605 1.0426900386810303 0.5426900386810303 0.4326900243759155 0.48269009590148926 0.48269009590148926 0.5226900577545166 0.8426899909973145 0.4926900863647461 0.7226901054382324 0.5839319229125977 0.4939318895339966 0.48393189907073975 0.48393189907073975 0.5239318609237671 0.5251888036727905 0.5651887655258179 0.5051888227462769 0.5451887845993042 0.5055842399597168 0.5055842399597168 0.5055842399597168 0.49539709091186523 0.4553971290588379 0.5851775407791138 0.53517746925354 0.5551398992538452 -0.16486001014709473 -0.16486001014709473 -2.2449333667755127 -2.274933338165283 -0.45000001788139343 -0.3199999928474426 -1.1236124336719513 0.39638757705688477 0.9963876008987427 0.9963876008987427 0.5663875341415405 0.4867185354232788 0.9967185258865356
0.5377273559570312 -0.01227259635925293 -0.3122725486755371 0.5277273654937744 0.5277273654937744 0.6277273893356323 0.6277273893356323 1.0377273559570312 0.5777274370193481 0.6026901006698608 0.7526900768280029 0.5226900577545166 0.5226900577545166 0.5226900577545166 0.5326900482177734 0.7326900959014893 0.5126900672912598 0.5826901197433472 0.5959591865539551 0.5359591245651245 0.5759592056274414 0.5759592056274414 0.49595916271209717 0.536702036857605 0.5767021179199219 0.5567020177841187 0.5267020463943481 0.4378798007965088 0.4878798723220825 0.4878798723220825 0.42787981033325195 0.4778798818588257 0.5058709383010864 0.5258709192276001 0.685870885848999 -1.7341290712356567 -1.7341290712356567 -2.5253453254699707 -2.1153453588485718 -1.5153453946113586 -1.1153453812003136 0.3453390598297119 0.9953391551971436 0.5953390598297119 0.5953390598297119 0.7053390741348267 0.9967185258865356 0.786718487739563
0.5177273750305176 0.1877274513244629 0.4677274227142334 0.5077273845672607 0.5077273845672607 0.6277273893356323 0.6277273893356323 0.7777273654937744 0.5677274465560913 0.6426900625228882 0.7026901245117188 0.4626901149749756 0.5526900291442871 0.5526900291442871 0.5826901197433472 0.562690019607544 0.5026900768280029 0.6126900911331177 0.6559591293334961 0.6859591007232666 0.7459591627120972 0.7459591627120972 0.7259591817855835 0.6967021226882935 0.9967020750045776 0.726702094078064 0.7367020845413208 0.7578798532485962 0.4778798818588257 0.4778798818588257 0.4778798818588257 0.4478799104690552 0.5558708906173706 0.7158709764480591 -1.2141290623694658 -2.5541290044784546 -2.5541290044784546 -2.345345377922058 -1.605345368385315 -0.7953453958034515 0.304654598236084 0.6353391408920288 0.8053390979766846 0.7853391170501709 0.7853391170501709 0.7653391361236572 0.7967184782028198 0.726718544960022
0.48772740364074707 0.6977274417877197 0.4977273941040039 0.4977273941040039 0.6277273893356323 0.6277273893356323 0.587727427482605 1.0377273559570312 0.6077274084091187 0.6226900815963745 0.7126901149749756 0.4926900863647461 0.5326900482177734 0.5326900482177734 0.592690110206604 0.6226900815963745 0.5826901197433472 0.592690110206604 0.5859591960906982 0.6559591293334961 0.5759592056274414 0.5759592056274414 0.5559591054916382 0.5767021179199219 0.7067021131515503 0.5567020177841187 0.6467020511627197 0.4878798723220825 0.517879843711853 0.517879843711853 0.4878798723220825 0.7578798532485962 0.9658709764480591 0.9658709764480591 -1.5341290533542633 -2.1441290378570557 -2.1441290378570557 -1.3553453832864761 0.42465460300445557 0.994654655456543 0.7246546745300293 0.7153390645980835 0.7953391075134277 0.7453391551971436 0.7453391551971436 0.7453391551971436 0.8067184686660767 0.7967184782028198
0.18411576747894287 0.5141158103942871 0.44411587715148926 0.3141157627105713 0.5641157627105713 0.5641157627105713 0.6241158246994019 0.7441158294677734 0.5841158628463745 0.8470429182052612 0.6070430278778076 0.48704302310943604 0.5270429849624634 0.5270429849624634 0.6570429801940918 0.6570429801940918 0.6070430278778076 0.6270430088043213 0.6494566202163696 0.6694566011428833 0.5894566774368286 0.5894566774368286 0.5094566345214844 0.5994566679000854 0.5794566869735718 0.529456615447998 0.8894567489624023 0.49476170539855957 0.49476170539855957 0.5247616767883301 0.6547616720199585 0.9747617244720459 0.904761791229248 0.9747617244720459 0.1547616720199585 -1.3452383130788803 -1.3452383130788803 0.4930816888809204 0.9930816888809204 0.7630816698074341 1.21308171749115 0.8130816221237183 0.7830816507339478 0.8030816316604614 0.8030816316604614 0.7630816698074341 0.875802755355835 0.9258029460906982
0.06411576271057129 -0.0858842134475708 -0.19588422775268555 0.03411579132080078 0.04411578178405762 0.04411578178405762 0.524115800857544 0.614115834236145 0.5741158723831177 0.587043046951294 0.6070430278778076 0.5270429849624634 0.5770430564880371 0.5770430564880371 0.6170430183410645 0.797042965888977 0.8370429277420044 0.5970430374145508 0.6494566202163696 0.5694565773010254 0.6794565916061401 0.6794565916061401 0.5894566774368286 0.6494566202163696 0.7294566631317139 0.5494565963745117 0.4194566011428833 0.5447616577148438 0.5447616577148438 0.5347616672515869 0.4547617435455322 0.4547617435455322 0.44476163387298584 0.9747617244720459 0.5347616672515869 0.9747617244720459 0.9747617244720459 0.5730816125869751 0.9930816888809204 0.9030815362930298 0.9130817651748657 0.9330817461013794 0.9230817556381226 0.9130817651748657 0.9130817651748657 0.9730817079544067 0.8458027839660645 0.9158029556274414
-0.05588412284851074 -0.2658841609954834 0.08411586284637451 -0.3558841943740845 -0.34588420391082764 -0.34588420391082764 -0.18588411808013916 0.7641158103942871 1.0441157817840576 0.5670429468154907 0.6070430278778076 0.5770430564880371 0.5970430374145508 0.5970430374145508 0.6170430183410645 0.8170429468154907 0.8270429372787476 0.6670429706573486 0.6794565916061401 0.6394566297531128 0.5494565963745117 0.5494565963745117 0.6094566583633423 0.6094566583633423 0.7894566059112549 0.5094566345214844 0.44945669174194336 0.9347617626190186 0.9347617626190186 0.9747617244720459 0.44476163387298584 0.4547617435455322 0.9747617244720459 0.4547617435455322 0.6647616624832153 0.5147616863250732 0.5147616863250732 0.9930816888809204 0.6230816841125488 0.7030816078186035 0.8030816316604614 0.8730815649032593 0.9330817461013794 1.0430816411972046 1.0430816411972046 0.8630815744400024 0.9058027267456055 0.9958028793334961
-0.11588418483734131 -0.07588422298431396 -0.17588412761688232 -0.5258841514587402 -1.3758841753005981 -1.3758841753005981 -0.03588414192199707 0.5041158199310303 0.5541157722473145 0.587043046951294 0.7470430135726929 0.8970431089401245 0.5070430040359497 0.5070430040359497 0.5670429468154907 1.047042965888977 0.5770430564880371 0.647042989730835 0.7394566535949707 0.6694566011428833 0.6994566917419434 0.6994566917419434 0.6094566583633423 0.5994566679000854 1.0494565963745117 1.0494565963745117 0.46945667266845703 0.5147616863250732 0.5147616863250732 0.5047616958618164 0.48476171493530273 0.6147617101669312 0.5447616577148438 0.5147616863250732 0.5547616481781006 0.5247616767883301 0.5247616767883301 0.5630816221237183 0.9930816888809204 0.6430816650390625 0.7330816984176636 0.8430815935134888 0.893081545829773 0.8830815553665161 0.8830815553665161 0.9030815362930298 1.0158028602600098 0.9158029556274414
0.5541157722473145 -0.09588420391082764 -0.0058841705322265625 0.6341158151626587 0.5041158199310303 0.5041158199310303 0.40411579608917236 0.5041158199310303 0.524115800857544 0.6170430183410645 0.6170430183410645 0.5570429563522339 0.587043046951294 0.587043046951294 0.6270430088043213 0.6570429801940918 0.6670429706573486 0.8170429468154907 0.779456615447998 0.7694566249847412 1.0494565963745117 1.0494565963745117 0.5994566679000854 0.779456615447998 1.0494565963745117 0.6694566011428833 0.4594566822052002 0.5347616672515869 0.5347616672515869 0.5047616958618164 0.48476171493530273 0.5047616958618164 0.9347617626190186 0.4747617244720459 0.6147617101669312 0.5247616767883301 0.5247616767883301 0.5830816030502319 0.5330816507339478 0.9930816888809204 0.7030816078186035 0.8230816125869751 0.9930816888809204 0.9130817651748657 0.9130817651748657 1.0430816411972046 0.9458029270172119 0.9658029079437256
0.4841158390045166 0.43411576747894287 0.1341158151626587 0.27411580085754395 0.4841158390045166 0.4841158390045166 0.46411585807800293 0.5041158199310303 0.5641157627105713 0.5370429754257202 1.047042965888977 0.6070430278778076 0.5670429468154907 0.5670429468154907 0.5970430374145508 0.737043023109436 1.047042965888977 0.6770429611206055 0.6094566583633423 0.7594566345214844 0.7594566345214844 0.7594566345214844 0.779456615447998 1.0494565963745117 0.8594565391540527 0.6694566011428833 0.5394566059112549 0.48476171493530273 0.48476171493530273 0.4547617435455322 0.49476170539855957 0.9747617244720459 0.49476170539855957 0.48476171493530273 0.7547616958618164 0.5047616958618164 0.5047616958618164 0.9930816888809204 0.6930816173553467 0.6030817031860352 0.9930816888809204 0.7930816411972046 0.8630815744400024 0.8630815744400024 0.8230816125869751 0.9430817365646362 0.9958028793334961 0.8958027362823486
0.5382980108261108 0.5782980918884277 1.0482980012893677 0.41829800605773926 0.5482980012893677 0.5482980012893677 0.4782980680465698 0.5882980823516846 1.0482980012893677 0.07013380527496338 0.5801339149475098 0.5401338338851929 0.9501339197158813 0.9501339197158813 0.5601338148117065 0.9901338815689087 1.0501338243484497 0.6101338863372803 0.6025271415710449 0.6425271034240723 0.6425271034240723 0.7925270795822144 0.2825270891189575 0.9725271463394165 0.45252716541290283 0.48252713680267334 0.5125271081924438 0.6598756313323975 0.6598756313323975 0.5998756885528564 0.5598756074905396 0.9798756837844849 0.5498756170272827 0.5098756551742554 0.4898756742477417 0.5998756885528564 0.5998756885528564 0.620908260345459 0.5709081888198853 0.9909082651138306 0.5909081697463989 0.5509082078933716 0.7209082841873169 0.7209082841873169 0.7409082651138306 0.7709082365036011 0.8062311410903931 0.716231107711792
0.468298077583313 0.4982980489730835 0.5082980394363403 0.4782980680465698 0.4982980489730835 0.4982980489730835 0.5182980298995972 0.5482980012893677 0.5382980108261108 0.6001338958740234 0.5501338243484497 -0.039866089820861816 0.5001338720321655 0.5001338720321655 0.5401338338851929 0.6501338481903076 0.7101339101791382 0.6401338577270508 0.6825270652770996 0.7925270795822144 0.7925270795822144 -0.1274728775024414 0.9725271463394165 0.5425270795822144 0.5425270795822144 0.5225270986557007 0.45252716541290283 0.49987566471099854 0.49987566471099854 0.5398756265640259 0.6098756790161133 0.5498756170272827 0.9798756837844849 0.5498756170272827 0.49987566471099854 0.5098756551742554 0.5098756551742554 0.7109081745147705 0.5909081697463989 0.7109081745147705 0.6009082794189453 0.6709082126617432 0.6009082794189453 0.6009082794189453 0.49090826511383057 0.49090826511383057 0.4762312173843384 0.4862312078475952
0.3782980442047119 0.468298077583313 0.5182980298995972 0.5382980108261108 0.528298020362854 0.528298020362854 0.48829805850982666 0.5182980298995972 0.5182980298995972 0.5801339149475098 0.630133867263794 0.6401338577270508 0.720133900642395 0.720133900642395 0.7001339197158813 0.7001339197158813 -0.08986616134643555 0.690133810043335 0.4925271272659302 0.7925270795822144 0.7925270795822144 0.4925271272659302 0.4925271272659302 0.6725270748138428 0.5225270986557007 0.9725271463394165 0.5925271511077881 0.5998756885528564 0.5998756885528564 0.5698755979537964 0.5398756265640259 0.9798756837844849 0.6398756504058838 0.5598756074905396 0.9798756837844849 0.5098756551742554 0.5098756551742554 0.5309082269668579 0.9909082651138306 0.5409082174301147 0.5509082078933716 0.5409082174301147 0.4609081745147705 0.4609081745147705 0.5609081983566284 0.41090822219848633 0.39623117446899414 0.4762312173843384
0.5182980298995972 0.5382980108261108 0.2982980012893677 0.5082980394363403 0.4782980680465698 0.4782980680465698 0.4982980489730835 0.468298077583313 0.5182980298995972 0.5801339149475098 0.6101338863372803 0.5901339054107666 0.7001339197158813 0.7001339197158813 0.7401338815689087 0.7601338624954224 0.6401338577270508 0.13013386726379395 0.7925270795822144 0.46252715587615967 0.46252715587615967 0.502527117729187 0.6025271415710449 0.502527117729187 0.9725271463394165 0.562527060508728 0.5825271606445312 0.9798756837844849 0.9798756837844849 0.5398756265640259 0.5198756456375122 0.5698755979537964 0.9798756837844849 0.4898756742477417 0.6498756408691406 0.9798756837844849 0.9798756837844849 0.5009082555770874 0.5209082365036011 0.4709082841873169 0.430908203125 0.6609082221984863 0.9909082651138306 0.9909082651138306 0.39090824127197266 0.44090819358825684 0.4862312078475952 0.5362311601638794
0.45829808712005615 0.468298077583313 0.5582979917526245 0.45829808712005615 0.468298077583313 0.468298077583313 1.0482980012893677 0.5082980394363403 0.5082980394363403 0.5701338052749634 0.6201338768005371 0.6101338863372803 0.6101338863372803 0.6601338386535645 0.5901339054107666 0.6501338481903076 0.6701338291168213 0.6101338863372803 0.7925270795822144 0.48252713680267334 0.48252713680267334 0.7625271081924438 0.5425270795822144 0.5325270891189575 0.6325271129608154 0.5125271081924438 0.5525270700454712 0.8498755693435669 0.8498755693435669 0.5198756456375122 0.5998756885528564 0.47987568378448486 0.47987568378448486 0.9798756837844849 0.4898756742477417 0.469875693321228 0.469875693321228 0.48090827465057373 0.5209082365036011 0.36090826988220215 0.5109082460403442 0.5009082555770874 0.49090826511383057 0.49090826511383057 0.4609081745147705 0.430908203125 0.5162311792373657 0.49623119831085205
0.4206655025482178 0.44066548347473145 0.5106655359268188 0.5306655168533325 0.48066556453704834 0.48066556453704834 0.500665545463562 0.5206655263900757 0.5206655263900757 0.5821547508239746 0.712154746055603 0.6421546936035156 0.6421546936035156 1.0521546602249146 0.5521546602249146 0.6121547222137451 0.5621546506881714 0.7821546792984009 0.6248437166213989 1.0548436641693115 1.0548436641693115 0.5448436737060547 0.46484375 0.524843692779541 0.5748436450958252 0.47484374046325684 0.5148437023162842 0.5212101936340332 0.5212101936340332 0.44121015071868896 0.7112102508544922 0.48121023178100586 0.471210241317749 0.4612102508544922 0.48121023178100586 0.48121023178100586 0.48121023178100586 0.4824434518814087 0.4424433708190918 0.5624433755874634 0.5724433660507202 0.5024434328079224 0.6024434566497803 0.6024434566497803 0.522443413734436 0.9924434423446655 0.547225832939148 0.6872258186340332
0.5406655073165894 0.33066558837890625 0.4306654930114746 0.6406655311584473 0.5406655073165894 0.5406655073165894 0.5806655883789062 0.500665545463562 0.500665545463562 0.5321546792984009 0.5821547508239746 0.5421546697616577 0.5421546697616577 0.6421546936035156 0.5621546506881714 0.6621546745300293 0.462154746055603 0.5121546983718872 0.5548436641693115 1.0548436641693115 1.0548436641693115 -0.005156278610229492 0.4448436498641968 0.524843692779541 0.4448436498641968 0.6048437356948853 0.9748437404632568 0.841210126876831 0.841210126876831 0.471210241317749 0.48121023178100586 0.9812102317810059 0.48121023178100586 0.4212101697921753 0.4212101697921753 0.4212101697921753 0.3712102174758911 0.5124434232711792 0.5024434328079224 0.5024434328079224 0.5024434328079224 0.5524433851242065 0.582443356513977 0.582443356513977 0.5424433946609497 0.5024434328079224 0.48722589015960693 0.3772258758544922
0.44066548347473145 0.500665545463562 0.5406655073165894 0.5106655359268188 0.5306655168533325 0.5306655168533325 0.6306655406951904 0.6306655406951904 0.5306655168533325 0.5021547079086304 0.5521546602249146 0.5321546792984009 0.5321546792984009 0.5321546792984009 0.5121546983718872 0.462154746055603 0.462154746055603 1.0521546602249146 0.5048437118530273 0.3948436975479126 0.3948436975479126 0.43484365940093994 0.4248436689376831 0.7948436737060547 0.4248436689376831 0.38484370708465576 0.31484365463256836 0.3712102174758911 0.3712102174758911 0.4912102222442627 0.4512101411819458 0.4212101697921753 0.8012101650238037 0.08121013641357422 0.3012101650238037 0.3012101650238037 0.4212101697921753 0.5324434041976929 0.6524434089660645 0.622443437576294 0.7824434041976929 0.5324434041976929 0.522443413734436 0.522443413734436 0.5924433469772339 0.5624433755874634 0.4372258186340332 0.39722585678100586
0.46066558361053467 0.46066558361053467 0.5406655073165894 0.46066558361053467 0.5806655883789062 0.5806655883789062 1.0506654977798462 0.5506654977798462 0.5806655883789062 0.5321546792984009 0.4421546459197998 0.4821547269821167 0.4821547269821167 0.6421546936035156 0.5021547079086304 0.47215473651885986 0.5421546697616577 0.37215471267700195 0.3948436975479126 0.3748437166213989 0.3748437166213989 0.41484367847442627 1.0548436641693115 0.6048437356948853 0.7948436737060547 0.7948436737060547 0.3948436975479126 0.3712102174758911 0.3712102174758911 0.8012101650238037 0.35121023654937744 0.3312101364135742 0.10121023654937744 0.19121015071868896 0.3312101364135742 0.3312101364135742 0.3412102460861206 0.6324434280395508 0.6924433708190918 0.8624433279037476 0.5424433946609497 0.5924433469772339 0.4424433708190918 0.4424433708190918 0.9924434423446655 0.4824434518814087 0.4772258996963501 0.44722580909729004
0.45066559314727783 0.48066556453704834 1.0506654977798462 0.5706654787063599 0.5706654787063599 0.46066558361053467 0.4306654930114746 0.500665545463562 0.5206655263900757 0.49215471744537354 0.7321547269821167 0.5321546792984009 0.5321546792984009 0.5321546792984009 0.5021547079086304 0.43215465545654297 0.5321546792984009 0.47215473651885986 0.524843692779541 0.43484365940093994 0.43484365940093994 0.3448437452316284 0.3648437261581421 0.40484368801116943 0.5048437118530273 0.46484375 0.3748437166213989 0.8012101650238037 0.8012101650238037 0.3312101364135742 0.2112102508544922 0.14121019840240479 0.0912102460861206 0.12121021747589111 0.14121019840240479 0.14121019840240479 0.0012102127075195312 0.22244346141815186 0.522443413734436 0.4424433708190918 0.5624433755874634 0.5024434328079224 0.3924434185028076 0.3924434185028076 0.40244340896606445 0.3624434471130371 0.26722586154937744 0.2172257900238037
