SimulationData/Scenarios/Waterwolf/Flooding/Uitdammerdijk/1020.asc
ncols        561
nrows        278
xllcorner    4.817258165162
yllcorner    52.370746892638
cellsize     0.000511251697
NODATA_value  -9999
[rows 176 to 197 of 278, columns 336 to 383 of 561]
0.4353961944580078 0.41539621353149414 0.29560863971710205 -1.0343913286924362 -2.964391350746155 -2.964391350746155 -2.024391293525696 -1.5466003715991974 -1.4666003584861755 -1.4866003692150116 0.4133995771408081 -1.155622849240899 -1.9856228232383728 -1.9856228232383728 -2.025622844696045 -1.9856228232383728 -0.9200000166893005 -0.9800000190734863 -0.20999999344348907 -0.15999999456107616 -0.15999999456107616 -1.1601084657013416 -1.0601084679365158 0.4097954034805298 -0.22020453214645386 0.266448974609375 3.4764490127563477 3.546417236328125 3.546417236328125 3.5264172554016113 3.5563653707504272 3.5263651609420776 3.506365180015564 3.5463651418685913 3.4865046739578247 3.6765047311782837 3.6765047311782837 3.2365046739578247 2.40650475025177 3.5465046167373657 3.716504693031311 3.286504864692688 3.8865047693252563 3.8865047693252563 3.5670602321624756 3.917060613632202 3.7670605182647705 3.5070602893829346
0.3753962516784668 0.3753962516784668 0.26560866832733154 -1.554391324520111 -3.10439133644104 -3.10439133644104 -2.054391324520111 -2.046600341796875 -1.9966003894805908 -2.986600399017334 0.4133995771408081 -1.4556228518486023 -2.7956228256225586 -2.7956228256225586 -1.9582868218421936 -1.4856228530406952 -0.4399999976158142 -0.19999999552965164 -0.14999999478459358 -0.12999999523162842 -0.12999999523162842 -0.5600000023841858 -0.04999999701976776 -3.041448950767517 0.4085509777069092 0.22616124153137207 3.0861610174179077 3.3461886644363403 3.3461886644363403 3.9161888360977173 3.5563653707504272 3.506365180015564 3.6563652753829956 3.9263652563095093 3.776504635810852 3.846504807472229 3.846504807472229 3.5165048837661743 2.976504921913147 2.9865046739578247 3.916504979133606 3.5765048265457153 3.536504864692688 3.536504864692688 3.547060251235962 3.487060308456421 3.5070602893829346 3.5070602893829346
0.5053962469100952 0.41539621353149414 0.16560864448547363 -1.584391325712204 -3.2243913412094116 -3.2243913412094116 -1.9643913507461548 -1.886600375175476 -1.7366003394126892 -2.136600375175476 0.4133995771408081 -1.6456228494644165 -1.9456228613853455 -1.9456228613853455 -1.9556228518486023 -1.4256228506565094 -0.4300000071525574 -0.15999999456107616 -0.15999999456107616 -1.4299999475479126 -1.4299999475479126 -1.7799999713897705 -0.6200000047683716 -2.791448950767517 0.40698015689849854 -0.20417726039886475 3.125822901725769 3.375904083251953 3.375904083251953 3.3559041023254395 3.1758824586868286 3.5558825731277466 3.5158826112747192 3.5758825540542603 3.5565048456192017 3.7365046739578247 3.7365046739578247 3.5465046167373657 3.5665045976638794 3.536504864692688 3.4865046739578247 3.3065048456192017 3.916504979133606 3.916504979133606 2.617060422897339 2.8870604038238525 3.917060613632202 3.537060499191284
0.47521913051605225 0.5452190637588501 0.21522533893585205 -1.624774694442749 -2.099999874830246 -2.099999874830246 -0.8699999749660492 -1.7949477434158325 -1.8449477553367615 -2.7249478101730347 0.40505218505859375 -3.7545979022979736 -2.324597954750061 -2.324597954750061 -3.024598002433777 -2.2845979928970337 -1.2200000286102295 -1.1399999856948853 -0.15000000596046448 -1.559999942779541 -1.559999942779541 -2.8044954538345337 -2.5744954347610474 0.40698015689849854 0.12698018550872803 0.2658226490020752 3.1658228635787964 3.5259037017822266 3.5259037017822266 3.4159040451049805 3.585882306098938 3.4858824014663696 3.5758825540542603 3.5158826112747192 3.8065048456192017 3.916504979133606 3.916504979133606 3.596504807472229 3.4365049600601196 3.606505036354065 3.4365049600601196 2.4965049028396606 2.6165047883987427 2.6165047883987427 3.1470606327056885 3.2170603275299072 3.917060613632202 3.437060594558716
0.46511292457580566 0.5351128578186035 0.5050854682922363 0.2450854778289795 -2.4449115991592407 -2.4449115991592407 -1.494911551475525 -2.9649477005004883 -1.6449477672576904 -1.5549477636814117 0.40505218505859375 -3.4545979499816895 -2.4849679470062256 -2.4849679470062256 -2.4845980405807495 -2.4045979976654053 -1.25 -1.2699999809265137 -1.2400000095367432 -0.20000000298023224 -0.20000000298023224 -1.4075071662664413 -1.0075071603059769 -0.17457807064056396 -0.024578094482421875 2.405513882637024 3.3255139589309692 3.4756232500076294 3.4756232500076294 3.44562304019928 3.475882649421692 3.4258824586868286 3.60588276386261 3.5558825731277466 3.7065049409866333 3.5465046167373657 3.5465046167373657 3.466504693031311 3.586504578590393 3.916504979133606 3.5165048837661743 2.8965049982070923 2.596504807472229 2.596504807472229 3.1370604038238525 3.2770602703094482 3.2770602703094482 3.917060613632202
1.1950687170028687 0.985068678855896 0.8450683355331421 0.6750683784484863 -0.3749340772628784 -0.3749340772628784 -1.9849340915679932 -0.9900000542402267 -0.5599999874830246 -1.7816189527511597 -1.2416189461946487 -1.7500000149011612 -1.1599999815225601 -1.1599999815225601 -0.5899999886751175 -0.3399999886751175 -1.6071933805942535 -1.5971933901309967 -2.5171934366226196 -3.0871933698654175 -3.0871933698654175 -3.029122233390808 0.3808777332305908 -0.3447113037109375 2.875288963317871 3.3552170991897583 3.4452167749404907 3.495216965675354 3.495216965675354 3.485216736793518 3.725146532058716 3.385146379470825 3.535146474838257 3.445146322250366 3.5756313800811768 3.5756313800811768 3.9156315326690674 3.5756313800811768 3.615631341934204 3.706886410713196 3.496886372566223 3.0868860483169556 2.746886372566223 2.746886372566223 2.7871792316436768 3.3571794033050537 3.4871790409088135 3.407179117202759
1.9050687551498413 1.3350685834884644 1.0150684118270874 0.9650684595108032 0.6750658750534058 0.6750658750534058 -1.3149340823292732 -1.3900000303983688 -1.0100000351667404 -1.6816189289093018 -1.3016189485788345 -1.1799999624490738 -1.1799999624490738 -1.1499999910593033 -1.610000029206276 -0.09000000357627869 -1.2171933930367231 -1.2271933928132057 -1.527193397283554 -3.0971933603286743 -3.0971933603286743 -3.0791221857070923 -1.1891222093254328 -0.35471129417419434 3.255288600921631 3.4552170038223267 3.8852168321609497 3.5752168893814087 3.5752168893814087 3.425216794013977 3.4951465129852295 3.475146532058716 3.515146493911743 3.915146589279175 3.5056312084198 3.5056312084198 3.5156314373016357 3.435631513595581 3.6356313228607178 4.386886239051819 3.676886200904846 3.736886143684387 2.706886410713196 2.706886410713196 3.1171791553497314 3.0371792316436768 3.9171793460845947 3.1071794033050537
2.7250638008117676 2.575063705444336 2.625063180923462 2.425063371658325 1.9250621795654297 1.9250621795654297 1.6150619983673096 0.9550621509552002 -1.9049379229545593 0.38769447803497314 -1.6723054647445679 -1.3400000482797623 -1.3400000482797623 -1.319999948143959 -1.8999999910593033 -1.1999999433755875 -2.4971933364868164 -2.4471933841705322 -2.4171934127807617 0.3728065490722656 0.3728065490722656 -1.531411737203598 -1.7014117240905762 -0.26474881172180176 2.66525137424469 3.4452167749404907 3.5152169466018677 3.425216794013977 3.425216794013977 3.5652166604995728 3.475146532058716 3.695146322250366 3.46514630317688 3.385146379470825 3.565631151199341 3.565631151199341 3.9156315326690674 3.6556313037872314 3.4756314754486084 3.686886429786682 3.5468860864639282 3.9168864488601685 3.056886315345764 3.056886315345764 2.887179136276245 3.007179021835327 2.777179002761841 2.907179117202759
3.26505970954895 3.0650594234466553 3.025061011314392 3.15506112575531 3.095061182975769 3.095061182975769 3.025061011314392 2.0950615406036377 -0.7549383640289307 0.38255321979522705 -1.877446711063385 -2.593189239501953 -2.593189239501953 -2.553189277648926 -2.613189220428467 -2.543189287185669 0.37085723876953125 0.37085723876953125 -2.519142746925354 -1.4391427040100098 -1.4391427040100098 -1.3414994776248932 -1.3814994841814041 -1.2946223393082619 -0.09462237358093262 3.1250295639038086 3.4550294876098633 3.5348472595214844 3.5348472595214844 3.9148473739624023 3.5243213176727295 3.36432147026062 3.504321336746216 3.4743216037750244 3.49502432346344 3.49502432346344 3.735024094581604 3.8350239992141724 3.7650243043899536 3.617517113685608 3.5175172090530396 3.5875169038772583 3.35751736164093 3.35751736164093 3.297086238861084 3.2170863151550293 3.4370734691619873 3.9170734882354736
2.9850594997406006 3.285059690475464 3.5150612592697144 3.215061068534851 3.025061011314392 3.025061011314392 3.165060877799988 2.505061626434326 -0.3349383473396301 0.38255321979522705 -1.7374467253684998 -3.183189272880554 -3.183189272880554 -1.3231892585754395 0.36681067943573 -2.4631892442703247 -1.3291427046060562 -1.2891427055001259 -1.4291426986455917 -2.8891427516937256 -2.8891427516937256 0.37850046157836914 -1.411499485373497 -1.5546223521232605 0.3053776025772095 2.915029525756836 3.4350295066833496 3.4548473358154297 3.4548473358154297 3.4648470878601074 3.5143215656280518 3.6443216800689697 3.9143216609954834 3.554321527481079 3.795024037361145 3.795024037361145 4.025024056434631 3.74502432346344 3.485024094581604 3.60751736164093 3.3475171327590942 3.5975171327590942 3.917517304420471 3.917517304420471 3.396807551383972 3.326807379722595 2.996939182281494 1.4969391822814941
3.155059576034546 3.1250593662261963 3.1250609159469604 3.085060954093933 2.90506112575531 2.90506112575531 2.3650609254837036 0.6750615835189819 -1.4149383753538132 -0.514474630355835 -2.0901145935058594 -2.143189251422882 -2.143189251422882 -2.2631893157958984 -1.99318927526474 -1.433189257979393 -1.4391427040100098 -1.609142690896988 -2.4591426849365234 -1.419142708182335 -1.419142708182335 -1.1315007917582989 -2.5015008449554443 -1.3146595321595669 -1.4246595352888107 -1.4951314628124237 0.06486856937408447 2.884667158126831 2.884667158126831 3.9146673679351807 3.424321413040161 3.4043214321136475 3.6043217182159424 3.6043217182159424 3.8250242471694946 3.8250242471694946 3.8150240182876587 3.7150241136550903 3.5850239992141724 3.497517228126526 3.4475170373916626 3.5175172090530396 3.5275169610977173 3.5275169610977173 3.0668071508407593 2.65680730342865 0.15693902969360352 0.036939144134521484
3.295051097869873 3.5150513648986816 3.1350576877593994 2.9950573444366455 2.9950573444366455 2.1050608158111572 0.30506086349487305 -0.21000003814697266 -2.1399999856948853 0.36556363105773926 0.36556363105773926 0.36536920070648193 0.36536920070648193 0.36536920070648193 -2.354630708694458 -1.454630732536316 -2.836381673812866 -1.4763816595077515 -1.4263816624879837 -2.4663816690444946 -2.4663816690444946 -1.4923332035541534 -1.4523331969976425 -0.5623331665992737 0.33766674995422363 -2.4854947328567505 -0.9154947102069855 -0.9154947102069855 0.014527440071105957 2.8945276737213135 3.255850076675415 3.385850191116333 3.404558777809143 3.6845589876174927 3.8141688108444214 3.8141688108444214 3.644168734550476 3.4978644847869873 3.527864694595337 3.3474059104919434 3.427405834197998 3.2277636528015137 2.9677634239196777 2.9677634239196777 1.3728954792022705 0.5028953552246094 0.3065608739852905 0.20656085014343262
3.0150513648986816 2.8150510787963867 2.455054759979248 1.4750547409057617 1.4750547409057617 0.874927282333374 -0.7050725817680359 -2.015438497066498 -2.5954384803771973 0.36059653759002686 0.36059653759002686 -2.0746307373046875 -2.0746307373046875 -1.2246307414025068 0.36536920070648193 -2.0346307158470154 -1.4163816720247269 -1.4463816732168198 -0.6063816547393799 0.3436182737350464 0.3436182737350464 -3.002333164215088 -2.732333183288574 -2.2023332118988037 -1.6023331880569458 -1.3680957704782486 -0.7080957889556885 -0.7080957889556885 0.14294922351837158 0.5829492807388306 0.9099216461181641 0.4999215602874756 1.5549671649932861 2.684967279434204 3.025357246398926 3.025357246398926 3.0453572273254395 3.897373914718628 2.9173738956451416 2.3052388429641724 0.4552386999130249 0.2998918294906616 0.1698918342590332 0.1698918342590332 0.2517284154891968 0.24172842502593994 0.2017725706100464 0.24177253246307373
2.8850512504577637 2.5050511360168457 1.705054759979248 0.4050546884536743 0.4050546884536743 0.9649274349212646 -2.055072605609894 -2.6854385137557983 0.354561448097229 0.36059653759002686 -1.3094034045934677 -1.2746307402849197 -1.2746307402849197 -1.2146307416260242 -1.2346307411789894 0.36536920070648193 -2.0163816809654236 0.3436182737350464 -3.016381621360779 -2.766381621360779 -2.766381621360779 -2.2223331928253174 -1.742333173751831 -1.2323331926018 -1.062333196401596 0.12190425395965576 0.5319042205810547 0.5319042205810547 0.5429491996765137 0.3929492235183716 0.3299216032028198 0.9099216461181641 0.8649671077728271 0.8649671077728271 0.29535722732543945 0.29535722732543945 0.1153571605682373 -0.13262629508972168 0.137373685836792 0.2152388095855713 0.07523870468139648 0.1998918056488037 0.18989181518554688 0.18989181518554688 0.21172845363616943 0.19172847270965576 0.5217725038528442 0.5517725944519043
2.5449711084365845 1.634971261024475 0.2549009323120117 0.9649009704589844 0.9649009704589844 -1.923637568950653 -2.7036375999450684 0.3449845314025879 -1.4650154113769531 -2.0450153946876526 -1.6550154089927673 -2.300774097442627 -2.300774097442627 0.34922587871551514 0.34922587871551514 -1.9907740354537964 -2.30285108089447 -2.212851047515869 -1.3728510439395905 -1.4228510409593582 -1.4228510409593582 0.3455747365951538 0.8655747175216675 0.4455747604370117 0.4455747604370117 0.4482147693634033 0.9882148504257202 0.9882148504257202 0.45821475982666016 0.5682147741317749 0.42367446422576904 0.9636745452880859 0.9636745452880859 0.2936744689941406 0.3477104902267456 0.3477104902267456 0.40771055221557617 0.9977105855941772 0.167710542678833 0.13553619384765625 0.18553614616394043 0.06553614139556885 0.4755361080169678 0.4755361080169678 0.4437739849090576 0.4737739562988281 0.7237739562988281 0.5137739181518555
0.9045873880386353 0.9645873308181763 0.3173346519470215 -2.4326653480529785 -2.4326653480529785 -1.208840461447835 0.3211594820022583 -0.9750154167413712 -2.0850154161453247 -1.525015413761139 -2.065015435218811 0.34922587871551514 0.34922587871551514 -1.6107740700244904 -1.7807740569114685 -1.860774040222168 -1.5028510391712189 -1.3628510534763336 -0.7528510391712189 0.33714890480041504 0.33714890480041504 0.4355747699737549 0.4455747604370117 0.45557475090026855 0.9955748319625854 0.37821483612060547 0.4482147693634033 0.4482147693634033 0.5682147741317749 0.9882148504257202 0.9636745452880859 0.4136744737625122 0.363674521446228 0.363674521446228 0.4777106046676636 0.4777106046676636 0.9977105855941772 0.4877105951309204 0.2977105379104614 0.12553620338439941 0.305536150932312 0.46553611755371094 0.41553616523742676 0.41553616523742676 0.4637739658355713 0.4937739372253418 0.48377394676208496 0.4337739944458008
0.2545872926712036 -1.7454127073287964 -2.6426652669906616 -1.7126652896404266 -1.7126652896404266 0.3211594820022583 -0.9688404500484467 -2.47501540184021 -1.455015406012535 -1.1550154127180576 0.3449845314025879 -1.4507740586996078 -1.4507740586996078 0.34922587871551514 -1.2407740633934736 -1.2707740627229214 -1.1228510439395905 0.1171489953994751 0.4171489477157593 0.9971489906311035 0.9971489906311035 0.4655747413635254 0.9955748319625854 0.5155748128890991 0.5355747938156128 0.45821475982666016 0.9582148790359497 0.9582148790359497 0.9882148504257202 0.37821483612060547 0.44367456436157227 0.363674521446228 0.27367448806762695 0.9636745452880859 0.5277105569839478 0.5277105569839478 0.7777105569839478 0.45771050453186035 0.9977105855941772 0.495536208152771 0.4755361080169678 0.46553611755371094 0.48553621768951416 0.48553621768951416 0.4637739658355713 0.5028804540634155 0.451000452041626 0.4610004425048828
-3.745183825492859 0.31481611728668213 0.3413732051849365 -1.748626708984375 -1.748626708984375 0.3413732051849365 -3.238626718521118 -0.5911237001419067 -1.4711236953735352 -1.3911237120628357 -1.1811237055808306 -1.3411237001419067 -1.3411237001419067 -1.291123703122139 0.1688762903213501 0.328876256942749 0.9975622892379761 0.4775623083114624 0.9975622892379761 0.9975622892379761 0.467562198638916 0.5175622701644897 0.5175622701644897 0.9975622892379761 0.5575622320175171 0.4423346519470215 0.35233473777770996 0.35233473777770996 0.33233463764190674 0.46233463287353516 0.9923347234725952 0.47233474254608154 0.5723346471786499 0.4423346519470215 0.4696042537689209 0.4696042537689209 0.4096043109893799 0.3796043395996094 1.0196043252944946 0.26364052295684814 0.2536405324935913 0.45997095108032227 0.45997095108032227 0.44997096061706543 0.45288050174713135 0.4928804636001587 0.42100048065185547 0.4610004425048828
-2.9298380613327026 0.34016191959381104 0.3413732051849365 -1.1386267393827438 -1.1386267393827438 -1.2386267371475697 0.3413732051849365 -1.1811237055808306 -1.4111237078905106 -1.141123704612255 -1.3511237055063248 0.3488762378692627 0.3488762378692627 0.9288763999938965 0.4188762903213501 0.3688763380050659 0.9975622892379761 0.5275622606277466 0.4975622892379761 0.4975622892379761 0.3375622034072876 0.9975622892379761 0.9975622892379761 0.44756221771240234 0.467562198638916 0.3423346281051636 0.4223346710205078 0.4223346710205078 0.47233474254608154 0.9923347234725952 0.5223346948623657 0.3923346996307373 0.3423346281051636 0.38233470916748047 0.309604287147522 0.309604287147522 1.0196043252944946 0.649604320526123 0.1896042823791504 0.25355076789855957 0.443550705909729 0.46484076976776123 0.46484076976776123 0.4248408079147339 0.4567756652832031 0.46236133575439453 0.467210054397583 0.4693903923034668
0.3461301326751709 -1.0638698041439056 0.9963117837905884 0.1863117218017578 0.1863117218017578 0.5263117551803589 0.9963117837905884 -0.06112372875213623 0.3488762378692627 0.7988762855529785 0.9988763332366943 0.4688762426376343 0.4688762426376343 0.9988763332366943 0.9988763332366943 0.4688762426376343 0.5375622510910034 0.9975622892379761 0.44756221771240234 0.44756221771240234 0.5375622510910034 0.41756224632263184 0.9975622892379761 0.4975622892379761 0.5575622320175171 0.6523346900939941 0.5423346757888794 0.5423346757888794 0.4523346424102783 0.4223346710205078 0.40233469009399414 0.3923346996307373 0.062334656715393066 0.16233468055725098 0.30337607860565186 0.30337607860565186 0.22337603569030762 0.20337605476379395 0.14337599277496338 0.26548755168914795 0.4054875373840332 0.2877558469772339 0.2877558469772339 0.38775575160980225 2.529391050338745 2.5292848348617554 2.5293357372283936 2.5293357372283936
0.3461301326751709 0.17613017559051514 0.6863117218017578 0.48631179332733154 0.48631179332733154 0.5363117456436157 0.5563117265701294 0.9988763332366943 0.5288763046264648 0.9988763332366943 0.3988763093948364 0.9988763332366943 0.9988763332366943 0.49887633323669434 0.5088763236999512 0.7388763427734375 0.7075622081756592 0.48756229877471924 0.41756224632263184 0.41756224632263184 0.9975622892379761 0.5075622797012329 0.41756224632263184 0.9975622892379761 0.4375622272491455 0.5323346853256226 0.4423346519470215 0.4423346519470215 0.47233474254608154 0.40233469009399414 0.4423346519470215 0.35233473777770996 0.18233466148376465 0.1123347282409668 0.2533760070800781 0.2533760070800781 0.4033759832382202 0.22337603569030762 0.18337607383728027 0.21548748016357422 0.14548754692077637 0.3777557611465454 0.3777557611465454 0.3177558183670044 2.5291959047317505 2.529266834259033 2.5293357372283936 2.5293357372283936
0.3561302423477173 0.9961302280426025 0.5863116979598999 0.5463117361068726 0.5463117361068726 0.5463117361068726 0.5663117170333862 0.9988763332366943 0.7288763523101807 0.49887633323669434 0.9988763332366943 0.8388762474060059 0.8388762474060059 0.6788762807846069 0.6788762807846069 0.5688762664794922 0.5575622320175171 0.48756229877471924 0.9975622892379761 0.48756229877471924 0.9975622892379761 0.9975622892379761 0.407562255859375 0.157562255859375 -0.20243775844573975 -0.25766533613204956 0.30233466625213623 0.30233466625213623 0.40233469009399414 0.22233474254608154 0.2623347043991089 0.19233465194702148 0.12233471870422363 0.13233470916748047 0.1933760643005371 0.1933760643005371 0.20337605476379395 0.22337603569030762 0.08337604999542236 0.32415783405303955 0.29415786266326904 0.5283104181289673 0.5283104181289673 2.5283104181289673 2.529352903366089 2.529261589050293 2.5291452407836914 2.5293490886688232
