SimulationData/Scenarios/Waterwolf/Flooding/Uitdammerdijk/1020.asc
ncols        561
nrows        278
xllcorner    4.817258165162
yllcorner    52.370746892638
cellsize     0.000511251697
NODATA_value  -9999
[rows 180 to 209 of 278, columns 201 to 267 of 561]
0 0 0 0 0 0 0 0 0 0 0 0 0 0.4435899257659912 0.4435899257659912 0.4435899257659912 0.4435899257659912 0.4435899257659912 0.4435899257659912 0.4435899257659912 0.4435899257659912 0.4435899257659912 0.46941184997558594 0.46941184997558594 0.46941184997558594 0.46941184997558594 0.46941184997558594 0.46941184997558594 0.46941184997558594 0.46941184997558594 0.46941184997558594 0.394197940826416 0.394197940826416 0.394197940826416 0.394197940826416 0.394197940826416 0.394197940826416 0.394197940826416 0.394197940826416 0.394197940826416 0.394197940826416 0.30563950538635254 0.30563950538635254 0.30563950538635254 0.30563950538635254 0.2624812126159668 0.2624812126159668 0.2624812126159668 0.2624812126159668 0.2624812126159668 0 0 0.8476203680038452 0.8476203680038452 0.7671226263046265 0.7671226263046265 0.7671226263046265 0.7671226263046265 0.7671226263046265 0.7138841152191162 0.7138841152191162 2.856743335723877 2.856743335723877 2.856743335723877 1.5086970329284668 1.5086970329284668 1.2540087699890137
0 0 0 0 0 0 0 0 0 0 0 0 0 0.4435899257659912 0.4435899257659912 0.4435899257659912 0.4435899257659912 0.4435899257659912 0.4435899257659912 0.4435899257659912 0.4435899257659912 0.4435899257659912 0.46941184997558594 0.46941184997558594 0.46941184997558594 0.46941184997558594 0.46941184997558594 0.46941184997558594 0.46941184997558594 0.46941184997558594 0.46941184997558594 0.394197940826416 0.394197940826416 0.394197940826416 0.394197940826416 0.394197940826416 0.394197940826416 0.394197940826416 0.394197940826416 0.394197940826416 0.394197940826416 0.30563950538635254 0.30563950538635254 0.30563950538635254 0.30563950538635254 0.2624812126159668 0.2624812126159668 0.2624812126159668 0.2624812126159668 0.2624812126159668 0 0 0.8476203680038452 0.8476203680038452 0.7671226263046265 0.7671226263046265 0.7671226263046265 0.7671226263046265 0.7671226263046265 0.7138841152191162 0.7138841152191162 2.856743335723877 2.856743335723877 2.856743335723877 1.5086970329284668 1.5086970329284668 1.2540087699890137
0 0 0 0 0 0 0 0 0 0 0 0 0 0.4284224510192871 0.4284224510192871 0.4284224510192871 0.4284224510192871 0.4284224510192871 0.4284224510192871 0.4284224510192871 0.4284224510192871 0.4284224510192871 0.41644883155822754 0.41644883155822754 0.41644883155822754 0.41644883155822754 0.41644883155822754 0.41644883155822754 0.41644883155822754 0.41644883155822754 0.41644883155822754 0.479825496673584 0.479825496673584 0.479825496673584 0.479825496673584 0.479825496673584 0.479825496673584 0.479825496673584 0.479825496673584 0.479825496673584 0.479825496673584 0.0008971691131591797 0.0008971691131591797 0.0008971691131591797 0.0008971691131591797 0.29072999954223633 0.29072999954223633 0.29072999954223633 0.29072999954223633 0.29072999954223633 0 0 0.9081171751022339 0.9081171751022339 0.9982091188430786 0.9982091188430786 0.9982091188430786 0.9982091188430786 0.9982091188430786 0.9791378974914551 0.9791378974914551 0.9791378974914551 0.9791378974914551 0.9791378974914551 2.704553484916687 2.704553484916687 1.4377789497375488
0 0 0 0 0 0 0 0 0 0 0 0 0 0.4284224510192871 0.4284224510192871 0.4284224510192871 0.4284224510192871 0.4284224510192871 0.4284224510192871 0.4284224510192871 0.4284224510192871 0.4284224510192871 0.41644883155822754 0.41644883155822754 0.41644883155822754 0.41644883155822754 0.41644883155822754 0.41644883155822754 0.41644883155822754 0.41644883155822754 0.41644883155822754 0.479825496673584 0.479825496673584 0.479825496673584 0.479825496673584 0.479825496673584 0.479825496673584 0.479825496673584 0.479825496673584 0.479825496673584 0.479825496673584 0.0008971691131591797 0.0008971691131591797 0.0008971691131591797 0.0008971691131591797 0.29072999954223633 0.29072999954223633 0.29072999954223633 0.29072999954223633 0.29072999954223633 0.4845554828643799 0.4845554828643799 0.6129233837127686 0.6129233837127686 0.9982091188430786 0.9982091188430786 0.9982091188430786 0.9982091188430786 0.9982091188430786 0.9791378974914551 0.9791378974914551 0.9791378974914551 0.9791378974914551 0.9791378974914551 0.9760149717330933 0.9760149717330933 0.3936734199523926
0 0 0 0 0 0 0 0 0 0 0 0 0 0.4284224510192871 0.4284224510192871 0.4284224510192871 0.4284224510192871 0.4284224510192871 0.4284224510192871 0.4284224510192871 0.4284224510192871 0.4284224510192871 0.41644883155822754 0.41644883155822754 0.41644883155822754 0.41644883155822754 0.41644883155822754 0.41644883155822754 0.41644883155822754 0.41644883155822754 0.41644883155822754 0.479825496673584 0.479825496673584 0.479825496673584 0.479825496673584 0.479825496673584 0.479825496673584 0.479825496673584 0.479825496673584 0.479825496673584 0.479825496673584 0.0008971691131591797 0.0008971691131591797 0.0008971691131591797 0.0008971691131591797 0.29072999954223633 0.29072999954223633 0 0 0 0.276466965675354 0.276466965675354 0.7362288236618042 0.7362288236618042 1.005674123764038 1.005674123764038 1.005674123764038 1.005674123764038 1.005674123764038 1.0019413232803345 1.0019413232803345 1.0019413232803345 1.0019413232803345 1.0019413232803345 1.0074236392974854 1.0074236392974854 1.0074236392974854
0 0 0 0 0 0 0 0 0 0 0 0 0 0.4284224510192871 0.4284224510192871 0.4284224510192871 0.4284224510192871 0.4284224510192871 0.4284224510192871 0.4284224510192871 0.4284224510192871 0.4284224510192871 0.41644883155822754 0.41644883155822754 0.41644883155822754 0.41644883155822754 0.41644883155822754 0.41644883155822754 0.41644883155822754 0.41644883155822754 0.41644883155822754 0.479825496673584 0.479825496673584 0.479825496673584 0.479825496673584 0.479825496673584 0.479825496673584 0.479825496673584 0.479825496673584 0.479825496673584 0.479825496673584 0.2656381130218506 0.2656381130218506 0.2656381130218506 0.2656381130218506 0.22838401794433594 0.22838401794433594 0 0 0 0.276466965675354 0.276466965675354 0.7362288236618042 0.7362288236618042 1.005674123764038 1.005674123764038 1.005674123764038 1.005674123764038 1.005674123764038 1.0019413232803345 1.0019413232803345 1.0019413232803345 1.0019413232803345 1.0019413232803345 1.0074236392974854 1.0074236392974854 1.0074236392974854
0 0 0 0 0 0 0 0 0 0 0 0 0 0.4284224510192871 0.4284224510192871 0.4284224510192871 0.4284224510192871 0.4284224510192871 0.4284224510192871 0.4284224510192871 0.4284224510192871 0.4284224510192871 0.41644883155822754 0.41644883155822754 0.41644883155822754 0.41644883155822754 0.41644883155822754 0.41644883155822754 0.41644883155822754 0.41644883155822754 0.41644883155822754 0.479825496673584 0.479825496673584 0.479825496673584 0.479825496673584 0.479825496673584 0.479825496673584 0.479825496673584 0.479825496673584 0.479825496673584 0.479825496673584 0.2656381130218506 0.2656381130218506 0.2656381130218506 0.2656381130218506 0.22765040397644043 0.22765040397644043 0 0 0 0.29790210723876953 0.29790210723876953 0.8078057765960693 0.8078057765960693 1.005674123764038 1.005674123764038 1.005674123764038 1.005674123764038 1.005674123764038 1.0019413232803345 1.0019413232803345 1.0019413232803345 1.0019413232803345 1.0019413232803345 1.0074236392974854 1.0074236392974854 1.0074236392974854
0 0 0 0 0 0 0 0 0.4166872501373291 0.4166872501373291 0.4166872501373291 0.4166872501373291 0.4166872501373291 0.4171485900878906 0.4171485900878906 0.4171485900878906 0.4171485900878906 0.4171485900878906 0.4171485900878906 0.4171485900878906 0.4171485900878906 0.4171485900878906 0.4880795478820801 0.4880795478820801 0.4880795478820801 0.4880795478820801 0.4880795478820801 0.4880795478820801 0.4880795478820801 0.4880795478820801 0.4880795478820801 0.48631811141967773 0.48631811141967773 0.48631811141967773 0.48631811141967773 0.48631811141967773 0.6327087879180908 0.6327087879180908 0.6327087879180908 0.6327087879180908 0.6327087879180908 0.6834011077880859 0.6834011077880859 0.6834011077880859 0.6834011077880859 0 0 0 0 0 0.9916733503341675 0.9916733503341675 0.9916733503341675 0.9916733503341675 1.012151837348938 1.012151837348938 1.012151837348938 1.012151837348938 1.012151837348938 1.0154340267181396 1.0154340267181396 1.0154340267181396 1.0154340267181396 1.0154340267181396 1.0154340267181396 1.0154340267181396 1.0154340267181396
0 0 0 0 0 0 0 0 0.4166872501373291 0.4166872501373291 0.4166872501373291 0.4166872501373291 0.4166872501373291 0.4171485900878906 0.4171485900878906 0.4171485900878906 0.4171485900878906 0.4171485900878906 0.4171485900878906 0.4171485900878906 0.4171485900878906 0.4171485900878906 0.4880795478820801 0.4880795478820801 0.4880795478820801 0.4880795478820801 0.4880795478820801 0.4880795478820801 0.4880795478820801 0.4880795478820801 0.4880795478820801 0.48631811141967773 0.48631811141967773 0.48631811141967773 0.48631811141967773 0.48631811141967773 0.6327087879180908 0.6327087879180908 0.6327087879180908 0.6327087879180908 0.6327087879180908 0.6834011077880859 0.6834011077880859 0.6834011077880859 0.6834011077880859 0 0 0 0 0 0.9916733503341675 0.9916733503341675 0.9916733503341675 0.9916733503341675 1.012151837348938 1.012151837348938 1.012151837348938 1.012151837348938 1.012151837348938 1.0154340267181396 1.0154340267181396 1.0154340267181396 1.0154340267181396 1.0154340267181396 1.0154340267181396 1.0154340267181396 1.0154340267181396
0 0 0 0 0 0 0 0 0.4166872501373291 0.4166872501373291 0.4166872501373291 0.4166872501373291 0.4166872501373291 0.4171485900878906 0.4171485900878906 0.4171485900878906 0.4171485900878906 0.4171485900878906 0.4171485900878906 0.4171485900878906 0.4171485900878906 0.4171485900878906 0.4880795478820801 0.4880795478820801 0.4880795478820801 0.4880795478820801 0.4880795478820801 0.4880795478820801 0.4880795478820801 0.4880795478820801 0.4880795478820801 0.48631811141967773 0.48631811141967773 0.48631811141967773 0.48631811141967773 0.48631811141967773 0.6327087879180908 0.6327087879180908 0.6327087879180908 0.6327087879180908 0.6327087879180908 0.6834011077880859 0.6834011077880859 0.6834011077880859 0.6834011077880859 0 0 0 0.4438285827636719 0.4438285827636719 0.9916733503341675 0.9916733503341675 0.9916733503341675 0.9916733503341675 1.012151837348938 1.012151837348938 1.012151837348938 1.012151837348938 1.012151837348938 1.0154340267181396 1.0154340267181396 1.0154340267181396 1.0154340267181396 1.0154340267181396 1.0154340267181396 1.0154340267181396 1.0154340267181396
0 0 0 0 0 0 0 0 0 0 0 0 0 0.4171485900878906 0.4171485900878906 0.4171485900878906 0.4171485900878906 0.4171485900878906 0.4171485900878906 0.4171485900878906 0.4171485900878906 0.4171485900878906 0.4880795478820801 0.4880795478820801 0.4880795478820801 0.4880795478820801 0.4880795478820801 0.4880795478820801 0.4880795478820801 0.4880795478820801 0.4880795478820801 0.4645557403564453 0.4645557403564453 0.4645557403564453 0.4645557403564453 0.4645557403564453 0.6941161155700684 0.6941161155700684 0.6941161155700684 0.6941161155700684 0.6941161155700684 0.6849777698516846 0.6849777698516846 0.6858440637588501 0.6858440637588501 0 0 0 0.28443610668182373 0.28443610668182373 1.0065287351608276 1.0065287351608276 1.0065287351608276 1.0065287351608276 1.0162914991378784 1.0162914991378784 1.0162914991378784 1.0162914991378784 1.0162914991378784 1.0154340267181396 1.0154340267181396 1.0154340267181396 1.0154340267181396 1.0154340267181396 1.0154340267181396 1.0154340267181396 1.0154340267181396
0 0 0 0 0 0 0 0 0 0 0 0 0 0.4171485900878906 0.4171485900878906 0.4171485900878906 0.4171485900878906 0.4171485900878906 0.4171485900878906 0.4171485900878906 0.4171485900878906 0.4171485900878906 0.4880795478820801 0.4880795478820801 0.4880795478820801 0.4880795478820801 0.4880795478820801 0.4880795478820801 0.4880795478820801 0.4880795478820801 0.4880795478820801 0.4645557403564453 0.4645557403564453 0.4645557403564453 0.4645557403564453 0.4645557403564453 0.6941161155700684 0.6941161155700684 0.6941161155700684 0.6941161155700684 0.6941161155700684 0.6849777698516846 0.6849777698516846 0.6858440637588501 0.6858440637588501 0 0 0 0.28443610668182373 0.28443610668182373 1.0065287351608276 1.0065287351608276 1.0065287351608276 1.0065287351608276 1.0162914991378784 1.0162914991378784 1.0162914991378784 1.0162914991378784 1.0162914991378784 1.0154340267181396 1.0154340267181396 1.0154340267181396 1.0154340267181396 1.0154340267181396 1.0154340267181396 1.0154340267181396 1.0154340267181396
0 0 0 0 0 0 0 0 0 0 0 0 0 0.4171485900878906 0.4171485900878906 0.4171485900878906 0.4171485900878906 0.4171485900878906 0.4171485900878906 0.4171485900878906 0.4171485900878906 0.4171485900878906 0.4880795478820801 0.4880795478820801 0.4880795478820801 0.4880795478820801 0.4880795478820801 0.4880795478820801 0.4880795478820801 0.4880795478820801 0.4880795478820801 0.4645557403564453 0.4645557403564453 0.4645557403564453 0.4645557403564453 0.4645557403564453 0.6941161155700684 0.6941161155700684 0.6941161155700684 0.6941161155700684 0.6941161155700684 0.6925663948059082 0.6925663948059082 0.23549175262451172 0.23549175262451172 0.44486796855926514 0.44486796855926514 0.44486796855926514 0.2846846580505371 0.2846846580505371 1.0065287351608276 1.0065287351608276 1.0065287351608276 1.0065287351608276 1.0162914991378784 1.0162914991378784 1.0162914991378784 1.0162914991378784 1.0162914991378784 1.0154340267181396 1.0154340267181396 1.0154340267181396 1.0154340267181396 1.0154340267181396 1.0154340267181396 1.0154340267181396 1.0154340267181396
0 0 0 0 0 0 0 0 0 0 0 0 0 0.4200704097747803 0.4200704097747803 0.4200704097747803 0.4200704097747803 0.4200704097747803 0.4210658073425293 0.4210658073425293 0.4210658073425293 0.4210658073425293 0.4233393669128418 0.4233393669128418 0.4233393669128418 0.4233393669128418 0.4233393669128418 0.5652803182601929 0.5652803182601929 0.5652803182601929 0.5652803182601929 0.6577746868133545 0.6577746868133545 0.6577746868133545 0.6577746868133545 0.6577746868133545 0.7592607736587524 0.7592607736587524 0.764897346496582 0.764897346496582 0.764897346496582 0.15892255306243896 0.15892255306243896 0.21320855617523193 0.21320855617523193 0.7747206687927246 0.7747206687927246 0.7747206687927246 0.7747206687927246 0.7747206687927246 1.0369431972503662 1.0369431972503662 1.0369431972503662 1.0369431972503662 1.0179294347763062 1.0179294347763062 1.0179294347763062 1.0179294347763062 1.0179294347763062 1.0302150249481201 1.0302150249481201 1.0302150249481201 1.0302150249481201 1.0302150249481201 1.0302150249481201 1.0302150249481201 1.0302150249481201
0 0 0 0 0 0 0 0 0 0 0 0 0 0.4200704097747803 0.4200704097747803 0.4200704097747803 0.4200704097747803 0.4200704097747803 0.4210658073425293 0.4210658073425293 0.4210658073425293 0.4210658073425293 0.4233393669128418 0.4233393669128418 0.4233393669128418 0.4233393669128418 0.4233393669128418 0.5652803182601929 0.5652803182601929 0.5652803182601929 0.5652803182601929 0.6577746868133545 0.6577746868133545 0.6577746868133545 0.6577746868133545 0.6577746868133545 3.2351317405700684 3.2351317405700684 3.238359212875366 3.238359212875366 3.238359212875366 3.2357367277145386 3.2357367277145386 0.2764536142349243 0.2764536142349243 0.7747206687927246 0.7747206687927246 0.7747206687927246 0.7747206687927246 0.7747206687927246 1.0369431972503662 1.0369431972503662 1.0369431972503662 1.0369431972503662 1.0179294347763062 1.0179294347763062 1.0179294347763062 1.0179294347763062 1.0179294347763062 1.0302150249481201 1.0302150249481201 1.0302150249481201 1.0302150249481201 1.0302150249481201 1.0302150249481201 1.0302150249481201 1.0302150249481201
0 0 0 0 0 0 0 0 0 0 0 0 0 0.4200704097747803 0.4200704097747803 0.4200704097747803 0.4200704097747803 0.4200704097747803 0.4210658073425293 0.4210658073425293 0.4210658073425293 0.4210658073425293 0.4233393669128418 0.4233393669128418 0.4233393669128418 0.4233393669128418 0.4233393669128418 0.5652803182601929 0.5652803182601929 0.5652803182601929 0.5652803182601929 0.6577746868133545 0.6577746868133545 0.6577746868133545 0.6577746868133545 0.6577746868133545 3.2351317405700684 3.2351317405700684 3.238359212875366 3.238359212875366 3.238359212875366 3.2357367277145386 3.2357367277145386 0.2764536142349243 0.2764536142349243 0.7747206687927246 0.7747206687927246 0.7747206687927246 0.7747206687927246 0.7747206687927246 1.0369431972503662 1.0369431972503662 1.0369431972503662 1.0369431972503662 1.0179294347763062 1.0179294347763062 1.0179294347763062 1.0179294347763062 1.0179294347763062 1.0302150249481201 1.0302150249481201 1.0302150249481201 1.0302150249481201 1.0302150249481201 1.0302150249481201 1.0302150249481201 1.0302150249481201
0 0 0 0 0 0 0 0 0 0 0 0 0 0 0 0 0 0 0 0 0 0 0 0 0 0 0 0.08861374855041504 0.08861374855041504 0.09087061882019043 0.09087061882019043 0.2962026596069336 0.2962026596069336 0.2962026596069336 0 0 0 0 0 0 0 0 0 0 0 0 0 0 0.5288360118865967 0.5288360118865967 1.0190706253051758 1.0190706253051758 1.0190706253051758 1.0190706253051758 1.019587755203247 1.019587755203247 1.019587755203247 1.019587755203247 1.019587755203247 1.0302150249481201 1.0302150249481201 1.0302150249481201 1.0302150249481201 1.0302150249481201 1.0302150249481201 1.0302150249481201 1.0302150249481201
0 0 0 0 0 0 0 0 0 0 0 0 0 0 0 0 0 0 0 0 0 0 0 0 0 0 0 0 0 0 0 0 0 0 0 0 0 0 0 0 0 0 0 0 0 0 0 0 1.019039273262024 1.019039273262024 1.0190706253051758 1.0190706253051758 1.0190706253051758 1.0190706253051758 1.019587755203247 1.019587755203247 1.019587755203247 1.019587755203247 1.019587755203247 1.0302150249481201 1.0302150249481201 1.0302150249481201 1.0302150249481201 1.0302150249481201 1.0302150249481201 1.0302150249481201 1.0302150249481201
0 0 0 0 0 0 0 0 0 0 0 0 0 0 0 0 0 0 0 0 0 0 0 0 0 0 0 0 0 0 0 0 0 0 0 0 0 0 0 0 0 0 0 0 0 0 0 0 1.019039273262024 1.019039273262024 1.0190706253051758 1.0190706253051758 1.0190706253051758 1.0190706253051758 1.0190706253051758 1.019587755203247 1.019587755203247 1.019587755203247 1.019587755203247 1.0302150249481201 1.0302150249481201 1.0302150249481201 1.0214738845825195 1.0214738845825195 1.0223325490951538 1.0223325490951538 1.0223325490951538
0 0 0 0 0 0 0 0 0 0 0 0 0 0 0 0 0 0 0 0 0 0 0 0 0 0 0 0 0 0 0 0 0 0 0 0 0 0 0 0 0 0 0 0 0 0 0 0 1.9791020154953003 1.9791020154953003 1.0190002918243408 1.0190002918243408 1.0203886032104492 1.0203886032104492 1.0203886032104492 1.0210039615631104 1.0210039615631104 1.0210039615631104 1.0210039615631104 1.0214738845825195 1.0214738845825195 1.0214738845825195 1.0214738845825195 1.0214738845825195 1.0223325490951538 1.0223325490951538 1.0223325490951538
0 0 0 0 0 0 0 0 0 0 0 0 0 0 0 0 0 0 0 0 0 0 0 0 0 0 0 0 0 0 0 0 0 0 0 0 0 0 0 0 0 0 0 0 0 0 0 0 0 0 3.528953433036804 3.528953433036804 1.020956039428711 1.020956039428711 1.020956039428711 1.0210039615631104 1.0210039615631104 1.0210039615631104 1.0210039615631104 1.0214738845825195 1.0214738845825195 1.0214738845825195 1.0214738845825195 1.0214738845825195 1.0223325490951538 1.0223325490951538 1.0223325490951538
0 0 0 0 0 0 0 0 0 0 0 0 0 0 0 0 0 0 0 0 0 0 0 0 0 0 0 0 0 0 0 0 0 0 0 0 0 0 0 0 0 0 0 0 0 0 0 0 0 0 0 0 3.5311360359191895 3.5311360359191895 3.5311360359191895 1.0212960243225098 1.0212960243225098 1.0215860605239868 1.0215860605239868 1.0221089124679565 1.0221089124679565 1.0221089124679565 1.0221089124679565 1.0221089124679565 1.0231496095657349 1.0231496095657349 1.0231496095657349
0 0 0 0 0 0 0 0 0 0 0 0 0 0 0 0 0 0 0 0 0 0 0 0 0 0 0 0 0 0 0 0 0 0 0 0 0 0 0 0 0 0 0 0 0 0 0 0 0 0 0 0 3.5311360359191895 3.5311360359191895 3.5311360359191895 1.0212960243225098 1.0212960243225098 1.0215860605239868 1.0215860605239868 1.0221089124679565 1.0221089124679565 1.0221089124679565 1.0221089124679565 1.0221089124679565 1.0231496095657349 1.0231496095657349 1.0231496095657349
0 0 0 0 0 0 0 0 0 0 0 0 0 0 0 0 0 0 0 0 0 0 0 0 0 0 0 0 0 0 0 0 0 0 0 0 0 0 0 0 0 0 0 0 0 0 0 0 0 0 0 0 0 0 0 3.531640648841858 3.531640648841858 1.0218546390533447 1.0218546390533447 1.0221089124679565 1.0221089124679565 1.0221089124679565 1.0221089124679565 1.0221089124679565 1.0231496095657349 1.0231496095657349 1.0231496095657349
0 0 0 0 0 0 0 0 0 0 0 0 0 0 0 0 0 0 0 0 0 0 0 0 0 0 0 0 0 0 0 0 0 0 0 0 0 0 0 0 0 0 0 0 0 0 0 0 0 0 0 0 0 0 0 0 0 3.53207790851593 3.53207790851593 1.0222440958023071 1.0222440958023071 1.0224640369415283 1.0224640369415283 1.0224640369415283 1.0232024192810059 1.0232024192810059 1.023850440979004
0 0 0 0 0 0 0 0 0 0 0 0 0 0 0 0 0 0 0 0 0 0 0 0 0 0 0 0 0 0 0 0 0 0 0 0 0 0 0 0 0 0 0 0 0 0 0 0 0 0 0 0 0 0 0 0 0 3.53207790851593 3.53207790851593 1.0222440958023071 1.0222440958023071 1.0224640369415283 1.0224640369415283 1.0224640369415283 1.0232024192810059 1.0232024192810059 1.023850440979004
0 0 0 0 0 0 0 0 0 0 0 0 0 0 0 0 0 0 0 0 0 0 0 0 0 0 0 0 0 0 0 0 0 0 0 0 0 0 0 0 0 0 0 0 0 0 0 0 0 0 0 0 0 0 0 0 0 0 0 0 0 0 0 0 3.5335984230041504 3.5335984230041504 1.0240617990493774
0 0 0 0 0 0 0 0 0 0 0 0 0 0 0 0 0 0 0 0 0 0 0 0 0 0 0 0 0 0 0 0 0 0 0 0 0 0 0 0 0 0 0 0 0 0 0 0 0 0 0 0 0 0 0 0 0 0 0 0 0 0 0 0 0 0 0
0 0 0 0 0 0 0 0 0 0 0 0 0 0 0 0 0 0 0 0 0 0 0 0 0 0 0 0 0 0 0 0 0 0 0 0 0 0 0 0 0 0 0 0 0 0 0 0 0 0 0 0 0 0 0 0 0 0 0 0 0 0 0 0 0 0 0
0 0 0 0 0 0 0 0 0 0 0 0 0 0 0 0 0 0 0 0 0 0 0 0 0 0 0 0 0 0 0 0 0 0 0 0 0 0 0 0 0 0 0 0 0 0 0 0 0 0 0 0 0 0 0 0 0 0 0 0 0 0 0 0 0 0 0
