SimulationData/Scenarios/Waterwolf/Flooding/Uitdammerdijk/1080.asc
ncols        561
nrows        278
xllcorner    4.817258165162
yllcorner    52.370746892638
cellsize     0.000511251697
NODATA_value  -9999
[rows 240 to 269 of 278, columns 268 to 334 of 561]
0 0 0 0 0 0 0 0 0 0 0 0 0 0 0 0 0 0 0 0 0 0 0 0 0 0 0 0.35453808307647705 0.35453808307647705 0.8699483871459961 0.8699483871459961 0.8699483871459961 0.8699483871459961 0.8699483871459961 0.8705884218215942 0.8705884218215942 0.8705884218215942 0.8705884218215942 0.8728623390197754 0.8728623390197754 0.8728623390197754 0.8728623390197754 0.8728623390197754 0.8728623390197754 0.8728623390197754 0.8728623390197754 0.8728623390197754 0.8728623390197754 0.8755793571472168 0.8755793571472168 0.8755793571472168 0.8755793571472168 0.8755793571472168 0.8755793571472168 0.8755793571472168 0.8755793571472168 0.8755793571472168 0.811921238899231 0.811921238899231 0.811921238899231 0.811921238899231 0.811921238899231 0.811921238899231 0.811921238899231 0.811921238899231 0.811921238899231 0.8158875703811646
0 0 0 0 0 0 0 0 0 0 0 0 0 0 0 0 0 0 0 0 0 0 0 0 0 0 0 0.04024064540863037 0.04024064540863037 0.36068975925445557 0.36068975925445557 0.36068975925445557 0.36068975925445557 0.36068975925445557 0.8714966773986816 0.8714966773986816 0.8714966773986816 0.8714966773986816 0.8714966773986816 0.8728623390197754 0.8728623390197754 0.8728623390197754 0.8728623390197754 0.8728623390197754 0.8728623390197754 0.8728623390197754 0.8728623390197754 0.8728623390197754 0.8755793571472168 0.8755793571472168 0.8755793571472168 0.8755793571472168 0.8755793571472168 0.8755793571472168 0.8755793571472168 0.8755793571472168 0.8755793571472168 0.811921238899231 0.811921238899231 0.811921238899231 0.811921238899231 0.811921238899231 0.811921238899231 0.811921238899231 0.811921238899231 0.811921238899231 0.8158875703811646
0 0 0 0 0 0 0 0 0 0 0 0 0 0 0 0 0 0 0 0 0 0 0 0 0 0 0 0.0132218599319458 0.0132218599319458 0.36068975925445557 0.36068975925445557 0.36068975925445557 0.36068975925445557 0.36068975925445557 0.8714966773986816 0.8714966773986816 0.8714966773986816 0.8714966773986816 0.8714966773986816 0.8728623390197754 0.8728623390197754 0.8728623390197754 0.8728623390197754 0.8728623390197754 0.8728623390197754 0.8728623390197754 0.8728623390197754 0.8728623390197754 0.8755793571472168 0.8755793571472168 0.8755793571472168 0.8755793571472168 0.8755793571472168 0.8755793571472168 0.8755793571472168 0.8755793571472168 0.8755793571472168 0.811921238899231 0.811921238899231 0.811921238899231 0.811921238899231 0.811921238899231 0.811921238899231 0.811921238899231 0.811921238899231 0.811921238899231 0.8158875703811646
0 0 0 0 0 0 0 0 0 0 0 0 0 0 0 0 0 0 0 0 0 0 0 0 0 0 0 0 0 0.36372411251068115 0.36372411251068115 0.36372411251068115 0.36408722400665283 0.36408722400665283 0.8741217851638794 0.8741217851638794 0.8741217851638794 0.8741217851638794 0.8741217851638794 0.8052297830581665 0.8052297830581665 0.8052297830581665 0.8052297830581665 0.8052297830581665 0.8052297830581665 0.8052297830581665 0.8052297830581665 0.8052297830581665 0.8068798780441284 0.8068798780441284 0.8068798780441284 0.8068798780441284 0.8068798780441284 0.8068798780441284 0.8068798780441284 0.8068798780441284 0.8068798780441284 0.8113231658935547 0.8113231658935547 0.8113231658935547 0.8113231658935547 0.8113231658935547 0.8127998113632202 0.8127998113632202 0.8127998113632202 0.8127998113632202 0.8147885799407959
0 0 0 0 0 0 0 0 0 0 0 0 0 0 0 0 0 0 0 0 0 0 0 0 0 0 0 0 0 0.36372411251068115 0.36372411251068115 0.36372411251068115 0.36408722400665283 0.36408722400665283 0.8741217851638794 0.8741217851638794 0.8741217851638794 0.8741217851638794 0.8741217851638794 0.8052297830581665 0.8052297830581665 0.8052297830581665 0.8052297830581665 0.8052297830581665 0.8052297830581665 0.8052297830581665 0.8052297830581665 0.8052297830581665 0.8068798780441284 0.8068798780441284 0.8068798780441284 0.8068798780441284 0.8068798780441284 0.8068798780441284 0.8068798780441284 0.8068798780441284 0.8068798780441284 0.8113231658935547 0.8113231658935547 0.8113231658935547 0.8113231658935547 0.8113231658935547 0.8127998113632202 0.8127998113632202 0.8127998113632202 0.8127998113632202 0.8147885799407959
0 0 0 0 0 0 0 0 0 0 0 0 0 0 0 0 0 0 0 0 0 0 0 0 0 0 0 0 0 0.3641054630279541 0.3641054630279541 0.3641054630279541 0.5742394924163818 0.5742394924163818 0.8741217851638794 0.8741217851638794 0.8741217851638794 0.8741217851638794 0.8741217851638794 0.8052297830581665 0.8052297830581665 0.8052297830581665 0.8052297830581665 0.8052297830581665 0.8052297830581665 0.8052297830581665 0.8052297830581665 0.8052297830581665 0.8068798780441284 0.8068798780441284 0.8068798780441284 0.8068798780441284 0.8068798780441284 0.8068798780441284 0.8068798780441284 0.8068798780441284 0.8068798780441284 0.8113231658935547 0.8113231658935547 0.8113231658935547 0.8113231658935547 0.8113231658935547 0.8127998113632202 0.8127998113632202 0.8127998113632202 0.8127998113632202 0.8147885799407959
0 0 0 0 0 0 0 0 0 0 0 0 0 0 0 0 0 0 0 0 0 0 0 0 0 0 0 0 0 0 0 0 0.6845194101333618 0.6845194101333618 0.7848455905914307 0.7848455905914307 0.7848455905914307 0.7848455905914307 0.7848455905914307 0.8052297830581665 0.8052297830581665 0.8052297830581665 0.8052297830581665 0.8052297830581665 0.8052297830581665 0.8052297830581665 0.8052297830581665 0.8052297830581665 0.8068798780441284 0.8068798780441284 0.8068798780441284 0.8068798780441284 0.8068798780441284 0.8068798780441284 0.8068798780441284 0.8068798780441284 0.8068798780441284 0.81203293800354 0.81203293800354 0.81203293800354 0.81203293800354 0.81203293800354 0.8131093978881836 0.8131093978881836 0.8131093978881836 0.8131093978881836 0.8146586418151855
0 0 0 0 0 0 0 0 0 0 0 0 0 0 0 0 0 0 0 0 0 0 0 0 0 0 0 0 0 0 0 0 0.6845194101333618 0.6845194101333618 0.7848455905914307 0.7848455905914307 0.7848455905914307 0.7848455905914307 0.7848455905914307 0.8052297830581665 0.8052297830581665 0.8052297830581665 0.8052297830581665 0.8052297830581665 0.8052297830581665 0.8052297830581665 0.8052297830581665 0.8052297830581665 0.8068798780441284 0.8068798780441284 0.8068798780441284 0.8068798780441284 0.8068798780441284 0.8068798780441284 0.8068798780441284 0.8068798780441284 0.8068798780441284 0.81203293800354 0.81203293800354 0.81203293800354 0.81203293800354 0.81203293800354 0.8131093978881836 0.8131093978881836 0.8131093978881836 0.8131093978881836 0.8146586418151855
0 0 0 0 0 0 0 0 0 0 0 0 0 0 0 0 0 0 0 0 0 0 0 0 0 0 0 0 0 0 0 0 0.7047073841094971 0.7047073841094971 0.7848455905914307 0.7848455905914307 0.7848455905914307 0.7848455905914307 0.7848455905914307 0.8052297830581665 0.8052297830581665 0.8052297830581665 0.8052297830581665 0.8052297830581665 0.8052297830581665 0.8052297830581665 0.8052297830581665 0.8052297830581665 0.8068798780441284 0.8068798780441284 0.8068798780441284 0.8068798780441284 0.8068798780441284 0.8068798780441284 0.8068798780441284 0.8068798780441284 0.8068798780441284 0.81203293800354 0.81203293800354 0.81203293800354 0.81203293800354 0.81203293800354 0.8131093978881836 0.8131093978881836 0.8131093978881836 0.8131093978881836 0.8146586418151855
0 0 0 0 0 0 0 0 0 0 0 0 0 0 0 0 0 0 0 0 0 0 0 0 0 0 0 0 0 0 0 0 0.4948539733886719 0.4948539733886719 0.7856130599975586 0.7856130599975586 0.7856130599975586 0.7856130599975586 0.7856130599975586 0.8060537576675415 0.8060537576675415 0.8060537576675415 0.8060537576675415 0.8062275648117065 0.8062275648117065 0.8062275648117065 0.8062275648117065 0.8062275648117065 0.8066457509994507 0.8066457509994507 0.8066457509994507 0.8066457509994507 0.8109575510025024 0.8109575510025024 0.8109575510025024 0.8109575510025024 0.8109575510025024 0.8128030300140381 0.8128030300140381 0.8128030300140381 0.8128030300140381 0.8128030300140381 0.8133676052093506 0.8133676052093506 0.8139721155166626 0.8139721155166626 0.8244329690933228
0 0 0 0 0 0 0 0 0 0 0 0 0 0 0 0 0 0 0 0 0 0 0 0 0 0 0 0 0 0 0 0 0 0 0.7856130599975586 0.7856130599975586 0.7856130599975586 0.7856130599975586 0.7856130599975586 0.8060537576675415 0.8060537576675415 0.8060537576675415 0.8060537576675415 0.8062275648117065 0.8062275648117065 0.8062275648117065 0.8062275648117065 0.8062275648117065 0.8066457509994507 0.8066457509994507 0.8066457509994507 0.8066457509994507 0.8109575510025024 0.8109575510025024 0.8109575510025024 0.8109575510025024 0.8109575510025024 0.8128030300140381 0.8128030300140381 0.8128030300140381 0.8128030300140381 0.8128030300140381 0.813836932182312 0.813836932182312 0.8842988014221191 0.8842988014221191 2.554555892944336
0 0 0 0 0 0 0 0 0 0 0 0 0 0 0 0 0 0 0 0 0 0 0 0 0 0 0 0 0 0 0 0 0 0 0.7856130599975586 0.7856130599975586 0.7856130599975586 0.7856130599975586 0.7856130599975586 0.8060537576675415 0.8060537576675415 0.8060537576675415 0.8060537576675415 0.8062275648117065 0.8062275648117065 0.8062275648117065 0.8062275648117065 0.8062275648117065 0.8066457509994507 0.8066457509994507 0.8066457509994507 0.8066457509994507 0.8109575510025024 0.8109575510025024 0.8109575510025024 0.8109575510025024 0.8109575510025024 0.8128030300140381 0.8128030300140381 0.8128030300140381 0.8128030300140381 0.8128030300140381 0.813836932182312 0.813836932182312 0.8842988014221191 0.8842988014221191 2.554555892944336
-9999 -9999 0 0 0 0 0 0 0 0 0 0 0 0 0 0 0 0 0 0 0 0 0 0 0 0 0 0 0 0 0 0 0 0 0.6360902786254883 0.6360902786254883 0.37634432315826416 0.37634432315826416 0.37634432315826416 0.777064323425293 0.777064323425293 0.777064323425293 0.777064323425293 0.8082762956619263 0.8082762956619263 0.8082762956619263 0.8082762956619263 0.8082762956619263 0.8094874620437622 0.8094874620437622 0.8094874620437622 0.8094874620437622 0.8121998310089111 0.8121998310089111 0.8121998310089111 0.8121998310089111 0.8121998310089111 0.813340425491333 0.813340425491333 0.9541212320327759 0.9541212320327759 0.9541212320327759 2.554203152656555 2.554203152656555 2.5545088052749634 2.5545088052749634 2.5545270442962646
-9999 -9999 0 0 0 0 0 0 0 0 0 0 0 0 0 0 0 0 0 0 0 0 0 0 0 0 0 0 0 0 0 0 0 0 0.3669031858444214 0.3669031858444214 0.4173222780227661 0.4173222780227661 0.4173222780227661 0.777064323425293 0.777064323425293 0.777064323425293 0.777064323425293 0.8082762956619263 0.8082762956619263 0.8082762956619263 0.8082762956619263 0.8082762956619263 0.8094874620437622 0.8094874620437622 0.8094874620437622 0.8094874620437622 0.8121998310089111 0.8121998310089111 0.8121998310089111 0.8121998310089111 0.8121998310089111 1.0039427280426025 1.0039427280426025 2.554372549057007 2.554372549057007 2.554372549057007 2.5543737411499023 2.5543737411499023 2.5544246435165405 2.5544246435165405 2.5545270442962646
-9999 -9999 0 0 0 0 0 0 0 0 0 0 0 0 0 0 0 0 0 0 0 0 0 0 0 0 0 0 0 0 0 0 0 0 0.3669031858444214 0.3669031858444214 0.4173222780227661 0.4173222780227661 0.4173222780227661 0.777064323425293 0.777064323425293 0.777064323425293 0.777064323425293 0.8082762956619263 0.8082762956619263 0.8082762956619263 0.8082762956619263 0.8082762956619263 0.8094874620437622 0.8094874620437622 0.8094874620437622 0.8094874620437622 0.8121998310089111 0.8121998310089111 0.8121998310089111 0.8121998310089111 0.8121998310089111 1.0039427280426025 1.0039427280426025 2.554372549057007 2.554372549057007 2.554372549057007 2.5543737411499023 2.5543737411499023 2.5544246435165405 2.5544246435165405 2.5545270442962646
-9999 -9999 -9999 -9999 -9999 -9999 -9999 -9999 -9999 -9999 -9999 0 0 0 0 0 0 0 0 0 0 0 0 0 0 0 0 0 0 0 0 0 0 0 0 0 0.5280886888504028 0.5280886888504028 0.5280886888504028 0.6383281946182251 0.6383281946182251 0.6383281946182251 0.6383281946182251 0.8090078830718994 0.8090078830718994 0.8090078830718994 0.8090078830718994 0.8090078830718994 0.8099744319915771 0.8099744319915771 0.8099744319915771 0.8099744319915771 0.8119089603424072 0.8119089603424072 0.8119089603424072 1.6436150074005127 1.6436150074005127 2.55431592464447 2.55431592464447 2.5643402338027954 2.5643402338027954 2.5643402338027954 2.5543620586395264 2.5543620586395264 2.5543776750564575 2.5543776750564575 2.554462432861328
-9999 -9999 -9999 -9999 -9999 -9999 -9999 -9999 -9999 -9999 -9999 0 0 0 0 0 0 0 0 0 0 0 0 0 0 0 0 0 0 0 0 0 0 0 0 0 0.6583333015441895 0.6583333015441895 0.6583333015441895 0.6383281946182251 0.6383281946182251 0.6383281946182251 0.6383281946182251 0.8090078830718994 0.8090078830718994 0.8090078830718994 0.8090078830718994 0.8090078830718994 0.8099744319915771 0.8099744319915771 0.8099744319915771 0.8099744319915771 0.8117690086364746 0.8117690086364746 0.8117690086364746 2.5742920637130737 2.5742920637130737 2.564289689064026 2.564289689064026 2.554315447807312 2.554315447807312 2.554315447807312 2.554340958595276 2.554340958595276 2.304353356361389 2.304353356361389 2.0443276166915894
-9999 -9999 -9999 -9999 -9999 -9999 -9999 -9999 -9999 -9999 -9999 0 0 0 0 0 0 0 0 0 0 0 0 0 0 0 0 0 0 0 0 0 0 0 0 0 0.5286911725997925 0.5286911725997925 0.5286911725997925 0.8390833139419556 0.8390833139419556 0.8390833139419556 0.8390833139419556 0.8095896244049072 0.8095896244049072 0.8095896244049072 0.8095896244049072 0.8095896244049072 0.810088038444519 0.810088038444519 0.810088038444519 0.810088038444519 0.8515169620513916 0.8515169620513916 0.8515169620513916 2.5542874336242676 2.5542874336242676 2.5542750358581543 2.5542750358581543 2.554274797439575 2.554274797439575 2.554274797439575 2.0342798233032227 2.0342798233032227 1.224274754524231 1.224274754524231 1.514229655265808
-9999 -9999 -9999 -9999 -9999 -9999 -9999 -9999 -9999 -9999 -9999 0 0 0 0 0 0 0 0 0 0 0 0 0 0 0 0 0 0 0 0 0 0 0 0 0 0.5286911725997925 0.5286911725997925 0.5286911725997925 0.8390833139419556 0.8390833139419556 0.8390833139419556 0.8390833139419556 0.8095896244049072 0.8095896244049072 0.8095896244049072 0.8095896244049072 0.8095896244049072 0.810088038444519 0.810088038444519 0.810088038444519 0.810088038444519 0.8515169620513916 0.8515169620513916 0.8515169620513916 2.5542874336242676 2.5542874336242676 2.5542750358581543 2.5542750358581543 2.554274797439575 2.554274797439575 2.554274797439575 2.0342798233032227 2.0342798233032227 1.224274754524231 1.224274754524231 1.514229655265808
-9999 -9999 -9999 -9999 -9999 -9999 -9999 -9999 -9999 -9999 -9999 0 0 0 0 0 0 0 0 0 0 0 0 0 0 0 0 0 0 0 0 0 0 0 0 0 0.3988981246948242 0.3988981246948242 0.3988981246948242 0.8390833139419556 0.8390833139419556 0.8390833139419556 0.8390833139419556 0.8095896244049072 0.8095896244049072 0.8095896244049072 0.8095896244049072 0.8095896244049072 0.810088038444519 0.810088038444519 0.810088038444519 0.810088038444519 0.8124780654907227 0.8124780654907227 0.8124780654907227 2.554231643676758 2.554231643676758 2.554225206375122 2.554225206375122 1.2541470527648926 1.2541470527648926 1.2541470527648926 1.354151725769043 1.354151725769043 1.1341840028762817 1.1341840028762817 1.514229655265808
-9999 -9999 -9999 -9999 -9999 -9999 -9999 -9999 -9999 -9999 -9999 -9999 -9999 -9999 -9999 -9999 -9999 -9999 -9999 -9999 0 0 0 0 0 0 0 0 0 0 0 0 0 0 0 0 0 0 0 0.8204096555709839 0.8204096555709839 0.8204096555709839 0.8204096555709839 0.8106129169464111 0.8106129169464111 0.8106129169464111 0.8106129169464111 0.8106129169464111 0.810411810874939 0.810411810874939 0.810411810874939 0.810411810874939 0.48338937759399414 0.48338937759399414 0.48338937759399414 0.48338937759399414 0.48338937759399414 1.2939200401306152 1.2939200401306152 1.2939200401306152 1.2939200401306152 1.2939200401306152 0.7539063692092896 0.7539063692092896 0.7539063692092896 0.7539063692092896 1.5041203498840332
-9999 -9999 -9999 -9999 -9999 -9999 -9999 -9999 -9999 -9999 -9999 -9999 -9999 -9999 -9999 -9999 -9999 -9999 -9999 -9999 0 0 0 0 0 0 0 0 0 0 0 0 0 0 0 0 0 0 0 0.8204096555709839 0.8204096555709839 0.8204096555709839 0.8204096555709839 0.8106129169464111 0.8106129169464111 0.8106129169464111 0.8106129169464111 0.8106129169464111 0.810411810874939 0.810411810874939 0.810411810874939 0.810411810874939 0.48338937759399414 0.48338937759399414 0.48338937759399414 0.48338937759399414 0.48338937759399414 1.2939200401306152 1.2939200401306152 1.2939200401306152 1.2939200401306152 1.2939200401306152 0.7539063692092896 0.7539063692092896 0.7539063692092896 0.7539063692092896 1.5041203498840332
-9999 -9999 -9999 -9999 -9999 -9999 -9999 -9999 -9999 -9999 -9999 -9999 -9999 -9999 -9999 -9999 -9999 -9999 -9999 -9999 0 0 0 0 0 0 0 0 0 0 0 0 0 0 -9999 -9999 0 0 0 0.8204096555709839 0.8204096555709839 0.8204096555709839 0.8204096555709839 0.8106129169464111 0.8106129169464111 0.8106129169464111 0.8106129169464111 0.8106129169464111 0.810411810874939 0.810411810874939 0.810411810874939 0.810411810874939 0.48338937759399414 0.48338937759399414 0.48338937759399414 0.48338937759399414 0.48338937759399414 1.2939200401306152 1.2939200401306152 1.2939200401306152 1.2939200401306152 1.2939200401306152 0.7539063692092896 0.7539063692092896 0.7539063692092896 0.7539063692092896 1.5041203498840332
-9999 -9999 -9999 -9999 -9999 -9999 -9999 -9999 -9999 -9999 -9999 -9999 -9999 -9999 -9999 -9999 -9999 -9999 -9999 -9999 0 0 0 0 0 0 0 0 0 0 -9999 -9999 -9999 -9999 2.8454596996307373 2.8454596996307373 2.8454596996307373 2.8454596996307373 2.8454596996307373 2.9752986431121826 2.9752986431121826 2.9752986431121826 2.9752986431121826 0.8116714954376221 0.8116714954376221 0.8116714954376221 0.8116714954376221 0.8116714954376221 0.3905627727508545 0.3905627727508545 0.3905627727508545 0.3905627727508545 0.39069247245788574 0.39069247245788574 0.39069247245788574 0.39069247245788574 0.39069247245788574 0.372006893157959 0.372006893157959 0.372006893157959 0.372006893157959 0.372006893157959 0.4027841091156006 0.4027841091156006 0.4027841091156006 0.4027841091156006 1.5041203498840332
-9999 -9999 -9999 -9999 -9999 -9999 -9999 -9999 -9999 -9999 -9999 -9999 -9999 -9999 -9999 -9999 -9999 -9999 -9999 -9999 0 0 0 0 0 0 0 0 0 0 -9999 -9999 -9999 -9999 2.8454596996307373 2.8454596996307373 2.8454596996307373 2.8454596996307373 2.8454596996307373 2.9752986431121826 2.9752986431121826 2.9752986431121826 2.9752986431121826 0.8116714954376221 0.8116714954376221 0.8116714954376221 0.8116714954376221 0.8116714954376221 0.3905627727508545 0.3905627727508545 0.3905627727508545 0.3905627727508545 0.3905627727508545 0.39069247245788574 0.39069247245788574 0.39069247245788574 0.39069247245788574 0.372006893157959 0.372006893157959 0.372006893157959 0.372006893157959 0.372006893157959 0.4027841091156006 0.4027841091156006 0.4027841091156006 0.4027841091156006 1.5041203498840332
-9999 -9999 -9999 -9999 -9999 -9999 -9999 -9999 -9999 -9999 -9999 -9999 -9999 -9999 -9999 -9999 -9999 -9999 -9999 -9999 0 0 0 0 0 0 0 0 0 0 -9999 -9999 -9999 -9999 2.8454596996307373 2.8454596996307373 2.8454596996307373 2.8454596996307373 2.8454596996307373 2.9752986431121826 2.9752986431121826 2.9752986431121826 2.9752986431121826 0.8116714954376221 0.8116714954376221 0.8116714954376221 0.8116714954376221 0.8116714954376221 0.3905627727508545 0.3905627727508545 0.3905627727508545 0.3905627727508545 0.3905627727508545 0.39069247245788574 0.39069247245788574 0.39069247245788574 0.39069247245788574 0.372006893157959 0.372006893157959 0.372006893157959 0.372006893157959 0.372006893157959 0.4027841091156006 0.4027841091156006 0.4027841091156006 0.4027841091156006 1.5041203498840332
-9999 -9999 -9999 -9999 -9999 -9999 -9999 -9999 -9999 -9999 -9999 -9999 -9999 -9999 -9999 -9999 -9999 -9999 -9999 -9999 -9999 -9999 -9999 -9999 -9999 -9999 -9999 -9999 -9999 -9999 4.785564422607422 4.785564422607422 4.785564422607422 4.785564422607422 4.785564422607422 4.785564422607422 4.785564422607422 4.785564422607422 4.785564422607422 5.005541086196899 5.005541086196899 5.005541086196899 5.005541086196899 5.005541086196899 5.005541086196899 5.005541086196899 5.005541086196899 5.005541086196899 0.38921499252319336 0.38921499252319336 0.38921499252319336 0.38921499252319336 0.38921499252319336 0.38921499252319336 0.38921499252319336 0.38921499252319336 0.38921499252319336 0.4000629186630249 0.4000629186630249 0.4000629186630249 0.4000629186630249 0.4000629186630249 0.4000629186630249 0.4000629186630249 0.4000629186630249 0.4000629186630249 -9999
-9999 -9999 -9999 -9999 -9999 -9999 -9999 -9999 -9999 -9999 -9999 -9999 -9999 -9999 -9999 -9999 -9999 -9999 -9999 -9999 -9999 -9999 -9999 -9999 -9999 -9999 -9999 -9999 -9999 -9999 4.785564422607422 4.785564422607422 4.785564422607422 4.785564422607422 4.785564422607422 4.785564422607422 4.785564422607422 4.785564422607422 4.785564422607422 5.005541086196899 5.005541086196899 5.005541086196899 5.005541086196899 5.005541086196899 5.005541086196899 5.005541086196899 5.005541086196899 5.005541086196899 0.38921499252319336 0.38921499252319336 0.38921499252319336 0.38921499252319336 0.38921499252319336 0.38921499252319336 0.38921499252319336 0.38921499252319336 0.38921499252319336 0.4000629186630249 0.4000629186630249 0.4000629186630249 0.4000629186630249 0.4000629186630249 0.4000629186630249 0.4000629186630249 0.4000629186630249 0.4000629186630249 -9999
-9999 -9999 -9999 -9999 -9999 -9999 -9999 -9999 -9999 -9999 -9999 -9999 -9999 -9999 -9999 -9999 -9999 -9999 -9999 -9999 -9999 -9999 -9999 -9999 -9999 -9999 -9999 -9999 -9999 -9999 4.785564422607422 4.785564422607422 4.785564422607422 4.785564422607422 4.785564422607422 4.785564422607422 4.785564422607422 4.785564422607422 4.785564422607422 5.005541086196899 5.005541086196899 5.005541086196899 5.005541086196899 5.005541086196899 5.005541086196899 5.005541086196899 5.005541086196899 5.005541086196899 0.38921499252319336 0.38921499252319336 0.38921499252319336 0.38921499252319336 0.38921499252319336 0.38921499252319336 0.38921499252319336 0.38921499252319336 0.38921499252319336 0.4000629186630249 0.4000629186630249 0.4000629186630249 0.4000629186630249 0.4000629186630249 0.4000629186630249 0.4000629186630249 0.4000629186630249 0.4000629186630249 -9999
-9999 -9999 -9999 -9999 -9999 -9999 -9999 -9999 -9999 -9999 -9999 -9999 -9999 -9999 -9999 -9999 -9999 -9999 -9999 -9999 -9999 -9999 -9999 -9999 -9999 -9999 -9999 -9999 -9999 -9999 4.785564422607422 4.785564422607422 4.785564422607422 4.785564422607422 4.785564422607422 4.785564422607422 4.785564422607422 4.785564422607422 4.785564422607422 5.005541086196899 5.005541086196899 5.005541086196899 5.005541086196899 5.005541086196899 5.005541086196899 5.005541086196899 5.005541086196899 5.005541086196899 0.38921499252319336 0.38921499252319336 0.38921499252319336 0.38921499252319336 0.38921499252319336 0.38921499252319336 0.38921499252319336 0.38921499252319336 0.38921499252319336 0.4000629186630249 0.4000629186630249 0.4000629186630249 0.4000629186630249 0.4000629186630249 0.4000629186630249 0.4000629186630249 0.4000629186630249 0.4000629186630249 -9999
