SimulationData/Scenarios/Waterwolf/Flooding/Uitdammerdijk/1140.asc
ncols        561
nrows        278
xllcorner    4.817258165162
yllcorner    52.370746892638
cellsize     0.000511251697
NODATA_value  -9999
[rows 0 to 21 of 278, columns 144 to 191 of 561]
-9999 -9999 -9999 -9999 -9999 -9999 -9999 -9999 -9999 -9999 -9999 -9999 -9999 -9999 -9999 -9999 -9999 -9999 -9999 -9999 -9999 -9999 -9999 -9999 -9999 -9999 -9999 -9999 -9999 -9999 -9999 -9999 -9999 -9999 -9999 -9999 -9999 -9999 -9999 -9999 -9999 -9999 -9999 -9999 -9999 -9999 -9999 -9999
-9999 -9999 -9999 -9999 -9999 -9999 -9999 -9999 -9999 -9999 -9999 -9999 -9999 -9999 -9999 -9999 -9999 -9999 -9999 -9999 -9999 -9999 -9999 -9999 -9999 -9999 -9999 -9999 -9999 -9999 -9999 -9999 -9999 -9999 -9999 -9999 -9999 -9999 -9999 -9999 -9999 -9999 -9999 -9999 -9999 -9999 -9999 -9999
-9999 -9999 -9999 -9999 -9999 -9999 -9999 -9999 -9999 -9999 -9999 -9999 -9999 -9999 -9999 -9999 -9999 -9999 -9999 -9999 -9999 -9999 -9999 -9999 -9999 -9999 -9999 -9999 -9999 -9999 -9999 -9999 -9999 -9999 -9999 -9999 -9999 -9999 -9999 -9999 -9999 -9999 -9999 -9999 -9999 -9999 -9999 -9999
-9999 -9999 -9999 -9999 -9999 -9999 -9999 -9999 -9999 -9999 -9999 -9999 -9999 -9999 -9999 -9999 -9999 -9999 -9999 -9999 -9999 -9999 -9999 -9999 -9999 -9999 -9999 -9999 -9999 -9999 -9999 -9999 -9999 -9999 -9999 -9999 -9999 -9999 -9999 -9999 -9999 -9999 -9999 -9999 -9999 -9999 -9999 -9999
-9999 -9999 -9999 -9999 -9999 -9999 -9999 -9999 -9999 -9999 -9999 -9999 -9999 -9999 -9999 -9999 -9999 -9999 -9999 -9999 -9999 -9999 -9999 -9999 -9999 -9999 -9999 -9999 -9999 -9999 -9999 -9999 -9999 -9999 -9999 -9999 -9999 -9999 -9999 -9999 -9999 -9999 -9999 -9999 -9999 -9999 -9999 -9999
-9999 -9999 -9999 -9999 -9999 -9999 -9999 -9999 -9999 -9999 -9999 -9999 -9999 -9999 -9999 -9999 -9999 -9999 -9999 -9999 -9999 -9999 -9999 -9999 -9999 -9999 -9999 -9999 -9999 -9999 -0.8799998760223389 -1.1899998188018799 -0.9199998378753662 -0.9199998378753662 -0.619999885559082 -0.9900000095367432 -1.119999885559082 -1.0999999046325684 -0.8899998664855957 -1.3399999141693115 -3.7899999991059303 -3.7899999991059303 -9999 -9999 -9999 -9999 -9999 -9999
-9999 -9999 -9999 -9999 -9999 -9999 -9999 -9999 -9999 -9999 -2.4200000762939453 -2.4200000762939453 -4.730000115931034 -9999 -9999 -9999 -9999 -9999 -9999 -9999 -9999 -4.710000094026327 -2.609999895095825 -1.5899999141693115 -1.0699999332427979 -0.9499998092651367 -0.9499998092651367 -0.9900000095367432 -0.630000114440918 -0.6399998664855957 -0.5199999809265137 -0.9499998092651367 -1.2300000190734863 -1.2300000190734863 -0.7999999523162842 -1.0699999332427979 -0.25999879837036133 -0.45999884605407715 -1.1599998474121094 -1.1899998188018799 -0.9900000095367432 -0.9900000095367432 -0.6399998664855957 -1.1500000953674316 -3.710000157356262 -9999 -9999 -9999
-9999 -9999 -9999 -9999 -9999 -9999 -2.9299999475479126 -1.0499999523162842 -0.7599999904632568 0 -0.7100000381469727 -0.7100000381469727 -0.7700002193450928 0 -0.8899998664855957 -1.1699998378753662 -0.9599997997283936 -0.7900002002716064 -0.7900002002716064 -0.6100001335144043 -0.7000000476837158 -0.48000001907348633 -0.46000003814697266 -0.5499997138977051 -0.8999998569488525 -0.8399999141693115 -0.8399999141693115 -0.9300000667572021 -0.9000000953674316 -0.8599998950958252 -0.8899998664855957 -0.7799999713897705 -0.9099998474121094 -0.9099998474121094 -1.0399999618530273 -0.9900000095367432 -0.45999884605407715 -0.31999874114990234 -1.3499999046325684 -1.309999942779541 -1.2199997901916504 -1.2199997901916504 -1.4100000858306885 -1.3300001621246338 -1.1600000858306885 -1.1899998188018799 -4.299999892711639 -9999
-0.039999961853027344 -0.36999988555908203 -0.6299998760223389 -0.6299998760223389 -0.36999988555908203 -0.6299998760223389 -0.7300000190734863 -0.6400001049041748 -0.619999885559082 -0.5799999237060547 -0.5799999237060547 -0.5499997138977051 -0.559999942779541 -0.5799999237060547 -0.7599997520446777 -0.6899998188018799 -0.009999752044677734 -0.6499996185302734 -0.6499996185302734 -0.6099996566772461 -0.6099996566772461 -0.7099997997283936 -0.6999998092651367 -0.6699998378753662 -0.75 -0.9699997901916504 -0.9699997901916504 -1.0300002098083496 -1.2200000286102295 -1.2000000476837158 -1.1800000667572021 -0.9599997997283936 -0.9800000190734863 -0.9800000190734863 -0.8399999141693115 -0.9599997997283936 -1.059999942779541 -1.0499999523162842 -1.0399999618530273 -1.0799999237060547 -1.3399999141693115 -1.3399999141693115 -1.2999999523162842 -1.1899998188018799 -1.1099998950958252 -1.119999885559082 -0.619999885559082 -0.6399998664855957
-0.6399998664855957 -0.019999980926513672 -0.6699998378753662 -0.6699998378753662 -0.7199997901916504 -0.5499997138977051 -0.6599998474121094 -0.6999998092651367 -0.5399999618530273 -0.48000001907348633 -0.48000001907348633 -0.31999969482421875 -0.38000011444091797 -0.7199997901916504 -0.7799999713897705 -0.7099997997283936 -0.6299996376037598 -0.6599998474121094 -0.6599998474121094 -0.6299996376037598 -0.6399998664855957 -0.6399998664855957 -0.6999998092651367 -0.7299997806549072 -0.019999980926513672 -0.019999980926513672 -0.7799999713897705 -0.8900001049041748 -1.3300001621246338 -1.25 -1.2900002002716064 -1.119999885559082 -0.9099998474121094 -0.9099998474121094 -0.809999942779541 -0.9399998188018799 -1.0699999332427979 0 -0.9699997901916504 -1.119999885559082 -1.0199999809265137 -1.0199999809265137 -0.9599997997283936 -1.0799999237060547 -0.9900000095367432 -0.9599997997283936 -1.4099998474121094 -1.4700000286102295
-0.6499998569488525 -0.5999999046325684 -0.5099997520446777 -0.5099997520446777 -0.6599998474121094 -0.6599998474121094 -0.48000001907348633 -0.5699996948242188 -0.36999988555908203 -0.5399999618530273 -0.5399999618530273 -0.5699996948242188 -0.5099997520446777 -0.5699996948242188 -0.6399998664855957 -0.019999980926513672 -0.6599998474121094 -0.6699998378753662 -0.6699998378753662 -0.5799999237060547 -0.6299998760223389 -0.7299997806549072 -0.010000228881835938 -0.6400001049041748 -0.7300000190734863 -0.7300000190734863 -0.7400002479553223 -0.7399997711181641 -0.8599998950958252 -1.1399998664855957 -1.1699998378753662 -1.3799998760223389 -0.9700000286102295 -0.9700000286102295 -0.8799998760223389 -0.6999998092651367 -1.2200002670288086 -2.330000400543213 -1.880000114440918 -1.1078200340270996 -1.3199996948242188 -1.3199996948242188 -1.739999771118164 -0.7430596351623535 -1.6699998378753662 -1.2400000095367432 -1.4000000953674316 -1.500000238418579
-0.6600000858306885 -0.6100001335144043 -0.6500000953674316 -0.6500000953674316 -0.6899998188018799 -0.5999999046325684 -0.6899998188018799 -0.6599998474121094 -0.559999942779541 -0.5499997138977051 -0.5499997138977051 -0.42999982833862305 -0.440000057220459 -0.5699996948242188 -0.559999942779541 -0.5399999618530273 -0.4499998092651367 -0.619999885559082 -0.619999885559082 -0.6599998474121094 -0.5799999237060547 -0.7199997901916504 -0.6600000858306885 -0.6700000762939453 -0.7000000476837158 -0.7000000476837158 -0.6800000667572021 -0.5399999618530273 -0.8199999332427979 -0.8499999046325684 -1.2099997997283936 -0.940000057220459 -1.2400000095367432 -1.2400000095367432 -1.5199999809265137 -0.1700000762939453 -1.4900002479553223 -1.3400001525878906 -1.9700002670288086 -0.9300003051757812 -0.9300003051757812 -1.1599998474121094 -1.9399998188018799 -1.8299996852874756 -0.5899996757507324 -1.0600001811981201 -1.250000238418579 -1.0500001907348633
-0.5300002098083496 -0.3900003433227539 -0.5900001525878906 -0.5900001525878906 -0.679999828338623 -0.679999828338623 0 -0.48000001907348633 -0.619999885559082 -0.5299997329711914 -0.5299997329711914 -0.5099997520446777 -0.5299997329711914 -0.6099996566772461 -0.6099996566772461 -0.5999999046325684 -0.6899998188018799 -0.36999988555908203 -0.36999988555908203 -0.4699997901916504 -0.7299997806549072 -0.6099996566772461 -0.7800002098083496 -0.7000000476837158 -0.5999999046325684 -0.5999999046325684 -0.6700000762939453 -0.7699997425079346 -0.8799998760223389 -0.7599997520446777 -0.9799997806549072 -0.1700000762939453 -1.7100000381469727 -1.7100000381469727 -0.9000000953674316 -0.1700000762939453 -1.5300002098083496 -1.2400002479553223 -1.1800003051757812 -1.3100004196166992 -1.3100004196166992 -0.9699997901916504 -1.1399998664855957 -1.1899995803833008 -1.2099995613098145 -0.690000057220459 -0.940000057220459 -1.1700000762939453
-0.75 -0.809999942779541 -0.7199997901916504 -0.7199997901916504 -0.630000114440918 -0.5799999237060547 -0.6100001335144043 -0.570000171661377 -0.5900001525878906 -0.5500001907348633 -0.5500001907348633 -0.6400001049041748 -0.03000020980834961 -0.6099996566772461 -0.6299996376037598 -0.6899998188018799 -0.679999828338623 -0.7699997425079346 -0.7699997425079346 -0.7599997520446777 -0.6699995994567871 -0.5299997329711914 -1.190000295639038 -0.9900002479553223 -1.0500001907348633 -1.0500001907348633 -1.070000171661377 -1.140000343322754 -1.5200002193450928 -1.320000171661377 -0.4100003242492676 -1.5299997329711914 -1.989999771118164 -1.989999771118164 -0.940000057220459 -1.2699999809265137 -1.179999828338623 -1.440000057220459 -1.2699999809265137 -1.4200000762939453 -1.4200000762939453 -1 -1 -1.0300002098083496 -1.0799999237060547 -1.0199999809265137 -1.0500001907348633 -1.2900002002716064
-0.8299999237060547 -0.7699999809265137 -0.7699999809265137 -0.809999942779541 -0.6400001049041748 -0.5900001525878906 -0.6400001049041748 -0.6700000762939453 -0.5500001907348633 -0.03000020980834961 -0.03000020980834961 -0.5399999618530273 -0.5399999618530273 -0.5699996948242188 -0.6499996185302734 -0.6699995994567871 -0.5699996948242188 -0.5299997329711914 -0.5299997329711914 -0.6499996185302734 -0.7599997520446777 -0.6899998188018799 -0.3900003433227539 -1.1200001239776611 -1.0300002098083496 -1.0300002098083496 -0.8900003433227539 -2.080000400543213 -0.6200003623962402 -1.5800001621246338 -1.3700001239776611 -2.169999837875366 -2.200000047683716 -2.200000047683716 -1.1999998092651367 -1.1999998092651367 -1.109999656677246 -1.3199996948242188 -1.3899998664855957 -1.3899998664855957 -1.3899998664855957 -0.869999885559082 -1.0199999809265137 -1.0900001525878906 -1.1600000858306885 -1.1399998664855957 -1.119999885559082 -1.2800002098083496
-0.7699999809265137 -0.7899999618530273 -0.7899999618530273 -0.7199997901916504 -0.4100003242492676 -0.03000020980834961 -0.5399999618530273 -0.619999885559082 -0.5199999809265137 -0.5900001525878906 -0.5900001525878906 -0.5799999237060547 -0.43000030517578125 -0.6399998664855957 -0.679999828338623 -0.5799999237060547 -0.7099997997283936 -0.7099997997283936 -0.619999885559082 -0.619999885559082 -0.559999942779541 -0.8299999237060547 -2.130000352859497 -1.250000238418579 -1.0400002002716064 -1.0400002002716064 -0.4100003242492676 -1.1100001335144043 -1.140000343322754 -1.130000114440918 -1.0300002098083496 -2.1399998664855957 -1.9199998378753662 -1.9199998378753662 -1.369999885559082 -1.309999942779541 -1.2100000381469727 -1.25 -1.0699996948242188 -1.5699996948242188 -1.5699996948242188 -0.8600001335144043 -0.9300003051757812 -1.059999942779541 -1.0500001907348633 -1.1500000953674316 -0.6500000953674316 -1.190000057220459
-0.869999885559082 -0.559999942779541 -0.559999942779541 -0.8499999046325684 -0.5999999046325684 -0.559999942779541 -0.6800000667572021 -0.6600000858306885 -0.690000057220459 -0.309999942779541 -0.309999942779541 -0.5399999618530273 -0.6700000762939453 -0.5199999809265137 -0.6399998664855957 -0.6999998092651367 -0.6499996185302734 -0.6499996185302734 -0.9399998188018799 -0.07999992370605469 -1.1299998760223389 -0.07999992370605469 -1.010000228881836 -1.7700002193450928 -1.0600001811981201 -1.0600001811981201 -1.130000114440918 -1.190000295639038 -0.4100003242492676 -0.9600000381469727 -0.9600000381469727 -1.559999942779541 -1.359999656677246 -1.359999656677246 -1.1999998092651367 -1.2199997901916504 -1.369999885559082 -1.359999656677246 -1.2799997329711914 -1.5999999046325684 -1.5999999046325684 -1.010000228881836 -0.9800000190734863 -0.9300003051757812 -1.0399999618530273 -1.1800000667572021 -1.0999999046325684 -1.0900001525878906
-1.059999942779541 -0.690000057220459 -0.690000057220459 -0.5099997520446777 -0.570000171661377 -0.619999885559082 -0.570000171661377 -0.690000057220459 -0.6700000762939453 -0.5799999237060547 -0.5799999237060547 -0.4500002861022949 -0.5199999809265137 -0.7099997997283936 -0.5999999046325684 -0.7299997806549072 -0.7999997138977051 -0.7999997138977051 -1.7099997997283936 -1.3899998664855957 -1.2699997425079346 -0.8399999141693115 -1.1700003147125244 -0.9100003242492676 -1.0600001811981201 -1.0600001811981201 -1.140000343322754 -0.9000000953674316 -1.0400002002716064 -1.0200002193450928 -0.940000057220459 -1.5299997329711914 -1.5299997329711914 -1.4800000190734863 -1.109999656677246 -1.049999713897705 -1.109999656677246 -1.0399999618530273 -1.299999713897705 -1.2799997329711914 -1.2799997329711914 -1.1500000953674316 -0.9900002479553223 -1.0300002098083496 -0.4500002861022949 -1.1100001335144043 -1.059999942779541 -1.0500001907348633
-0.7399997711181641 -0.19000005722045898 -0.19000005722045898 -0.75 -0.5199999809265137 -0.07000017166137695 -0.46000003814697266 -0.48000001907348633 -0.5999999046325684 -0.630000114440918 -0.630000114440918 -0.6800000667572021 -0.630000114440918 -1.0299997329711914 -0.9899997711181641 -0.7299997806549072 -0.8799998760223389 -0.8799998760223389 -0.1699995994567871 -0.6499996185302734 -0.440000057220459 -1.0499999523162842 -1.0900001525878906 -1.0800001621246338 -0.9000000953674316 -0.9000000953674316 -1.0200002193450928 -1.1000001430511475 -0.8000001907348633 -1.0500001907348633 -0.9300003051757812 -1.4200000762939453 -1.4200000762939453 -1.2899999618530273 -1.239999771118164 -1.119999885559082 -1.1700000762939453 -1.0399999618530273 -1.3399996757507324 -1.25 -1.25 -1.0199999809265137 -1.130000114440918 -1.0300002098083496 -0.9300003051757812 -1.1100001335144043 -1.119999885559082 -1.070000171661377
-0.8299999237060547 -0.8299999237060547 -0.8299999237060547 -1.070000171661377 -0.570000171661377 -0.5100002288818359 -0.5999999046325684 -0.5799999237060547 -0.8300001621246338 -0.8900001049041748 -0.8900001049041748 -1.2700002193450928 -0.6800000667572021 -0.7699999809265137 -1.2000000476837158 -0.43000030517578125 -0.21536016464233398 -0.21536016464233398 -0.05000019073486328 -0.49000024795532227 -0.5300002098083496 -0.690000057220459 -0.7100000381469727 -0.75 -0.820000171661377 -0.820000171661377 -0.7300000190734863 -0.690000057220459 -0.75 -0.5300002098083496 -0.6800000667572021 -0.8799996376037598 -0.8799996376037598 -0.7899999618530273 -0.5 -0.3299999237060547 -0.4699997901916504 -0.42999982833862305 -0.5699996948242188 -0.6099996566772461 -0.6099996566772461 -0.7400002479553223 -0.7800002098083496 -0.9100000858306885 -0.8400001525878906 -0.869999885559082 -0.23000001907348633 -0.23000001907348633
-0.7699999809265137 -0.940000057220459 -0.940000057220459 -0.8899998664855957 -1.1400001049041748 -0.619999885559082 -0.619999885559082 -0.6100001335144043 -0.690000057220459 -0.6700000762939453 -0.6700000762939453 -0.9900000095367432 -0.05000019073486328 0 -0.7400000095367432 -0.9000000953674316 -0.4100003242492676 -0.4100003242492676 -0.6500000953674316 -0.7200000286102295 -0.6600000858306885 -0.6600000858306885 -0.05000019073486328 -0.690000057220459 -0.7699999809265137 -0.7699999809265137 -0.8600001335144043 -0.7000000476837158 -0.7900002002716064 -0.820000171661377 -0.7200000286102295 -0.7199997901916504 -0.7199997901916504 -0.9699997901916504 -0.690000057220459 -0.4200000762939453 -0.17999982833862305 -0.36999988555908203 -0.679999828338623 -1.0799999237060547 -1.0799999237060547 -0.9200000762939453 -0.820000171661377 -0.8600001335144043 -0.7300000190734863 -0.8199996948242188 -0.9199998378753662 -0.9199998378753662
-0.869999885559082 -0.9500000476837158 -0.9500000476837158 -0.9300000667572021 -0.7400000095367432 -0.5 -1 -1.0300002098083496 -0.7200000286102295 -0.7200000286102295 -0.7100000381469727 -1.0400002002716064 -1.1600000858306885 -0.7599999904632568 -0.8300001621246338 -0.6800000667572021 -0.7800002098083496 -0.7800002098083496 -0.619999885559082 -0.7300000190734863 -0.630000114440918 -0.6600000858306885 -0.6800000667572021 -0.5999999046325684 -0.5999999046325684 -0.5999999046325684 -0.6700000762939453 -0.7900002002716064 -0.6500000953674316 -0.7200000286102295 -0.75 -1.059999942779541 -1.059999942779541 -0.8999996185302734 -0.8399996757507324 -0.5 -0.2999997138977051 -0.5499997138977051 -0.7799997329711914 -0.7899999618530273 -0.7899999618530273 -0.48000001907348633 -0.7400002479553223 -0.820000171661377 -0.5999999046325684 -0.8799998760223389 -0.8299999237060547 -0.8299999237060547
