SimulationData/Scenarios/Waterwolf/Flooding/Uitdammerdijk/1140.asc
ncols        561
nrows        278
xllcorner    4.817258165162
yllcorner    52.370746892638
cellsize     0.000511251697
NODATA_value  -9999
[rows 240 to 269 of 278, columns 268 to 334 of 561]
0 0 0 0 0 0 0 0 0 0 0 0 0 0 0 0 0 0 0 0 0 0 0 0 0 0.008461833000183105 0.008461833000183105 0.3922574520111084 0.3922574520111084 0.9089920520782471 0.9089920520782471 0.9089920520782471 0.9089920520782471 0.9089920520782471 0.9097195863723755 0.9097195863723755 0.9097195863723755 0.9097195863723755 0.9122071266174316 0.9122071266174316 0.9122071266174316 0.9122071266174316 0.9122071266174316 0.9122071266174316 0.9122071266174316 0.9122071266174316 0.9122071266174316 0.9122071266174316 0.9148228168487549 0.9148228168487549 0.9148228168487549 0.9148228168487549 0.9148228168487549 0.9148228168487549 0.9148228168487549 0.9148228168487549 0.9148228168487549 0.8497825860977173 0.8497825860977173 0.8497825860977173 0.8497825860977173 0.8497825860977173 0.8497825860977173 0.8497825860977173 0.8497825860977173 0.8497825860977173 0.8529434204101562
0 0 0 0 0 0 0 0 0 0 0 0 0 0 0 0 0 0 0 0 0 0 0 0 0 0 0 0.11650490760803223 0.11650490760803223 0.40002918243408203 0.40002918243408203 0.40002918243408203 0.40002918243408203 0.40002918243408203 0.910968542098999 0.910968542098999 0.910968542098999 0.910968542098999 0.910968542098999 0.9122071266174316 0.9122071266174316 0.9122071266174316 0.9122071266174316 0.9122071266174316 0.9122071266174316 0.9122071266174316 0.9122071266174316 0.9122071266174316 0.9148228168487549 0.9148228168487549 0.9148228168487549 0.9148228168487549 0.9148228168487549 0.9148228168487549 0.9148228168487549 0.9148228168487549 0.9148228168487549 0.8497825860977173 0.8497825860977173 0.8497825860977173 0.8497825860977173 0.8497825860977173 0.8497825860977173 0.8497825860977173 0.8497825860977173 0.8497825860977173 0.8529434204101562
0 0 0 0 0 0 0 0 0 0 0 0 0 0 0 0 0 0 0 0 0 0 0 0 0 0 0 0.1140667200088501 0.1140667200088501 0.40002918243408203 0.40002918243408203 0.40002918243408203 0.40002918243408203 0.40002918243408203 0.910968542098999 0.910968542098999 0.910968542098999 0.910968542098999 0.910968542098999 0.9122071266174316 0.9122071266174316 0.9122071266174316 0.9122071266174316 0.9122071266174316 0.9122071266174316 0.9122071266174316 0.9122071266174316 0.9122071266174316 0.9148228168487549 0.9148228168487549 0.9148228168487549 0.9148228168487549 0.9148228168487549 0.9148228168487549 0.9148228168487549 0.9148228168487549 0.9148228168487549 0.8497825860977173 0.8497825860977173 0.8497825860977173 0.8497825860977173 0.8497825860977173 0.8497825860977173 0.8497825860977173 0.8497825860977173 0.8497825860977173 0.8529434204101562
0 0 0 0 0 0 0 0 0 0 0 0 0 0 0 0 0 0 0 0 0 0 0 0 0 0 0 0 0 0.40409326553344727 0.40409326553344727 0.40409326553344727 0.4046379327774048 0.4046379327774048 0.9145807027816772 0.9145807027816772 0.9145807027816772 0.9145807027816772 0.9145807027816772 0.8455432653427124 0.8455432653427124 0.8455432653427124 0.8455432653427124 0.8455432653427124 0.8455432653427124 0.8455432653427124 0.8455432653427124 0.8455432653427124 0.8468590974807739 0.8468590974807739 0.8468590974807739 0.8468590974807739 0.8468590974807739 0.8468590974807739 0.8468590974807739 0.8468590974807739 0.8468590974807739 0.8498615026473999 0.8498615026473999 0.8498615026473999 0.8498615026473999 0.8498615026473999 0.8510018587112427 0.8510018587112427 0.8510018587112427 0.8510018587112427 0.852552056312561
0 0 0 0 0 0 0 0 0 0 0 0 0 0 0 0 0 0 0 0 0 0 0 0 0 0 0 0 0 0.40409326553344727 0.40409326553344727 0.40409326553344727 0.4046379327774048 0.4046379327774048 0.9145807027816772 0.9145807027816772 0.9145807027816772 0.9145807027816772 0.9145807027816772 0.8455432653427124 0.8455432653427124 0.8455432653427124 0.8455432653427124 0.8455432653427124 0.8455432653427124 0.8455432653427124 0.8455432653427124 0.8455432653427124 0.8468590974807739 0.8468590974807739 0.8468590974807739 0.8468590974807739 0.8468590974807739 0.8468590974807739 0.8468590974807739 0.8468590974807739 0.8468590974807739 0.8498615026473999 0.8498615026473999 0.8498615026473999 0.8498615026473999 0.8498615026473999 0.8510018587112427 0.8510018587112427 0.8510018587112427 0.8510018587112427 0.852552056312561
0 0 0 0 0 0 0 0 0 0 0 0 0 0 0 0 0 0 0 0 0 0 0 0 0 0 0 0 0 0.40469515323638916 0.40469515323638916 0.40469515323638916 0.6148471832275391 0.6148471832275391 0.9145807027816772 0.9145807027816772 0.9145807027816772 0.9145807027816772 0.9145807027816772 0.8455432653427124 0.8455432653427124 0.8455432653427124 0.8455432653427124 0.8455432653427124 0.8455432653427124 0.8455432653427124 0.8455432653427124 0.8455432653427124 0.8468590974807739 0.8468590974807739 0.8468590974807739 0.8468590974807739 0.8468590974807739 0.8468590974807739 0.8468590974807739 0.8468590974807739 0.8468590974807739 0.8498615026473999 0.8498615026473999 0.8498615026473999 0.8498615026473999 0.8498615026473999 0.8510018587112427 0.8510018587112427 0.8510018587112427 0.8510018587112427 0.852552056312561
0 0 0 0 0 0 0 0 0 0 0 0 0 0 0 0 0 0 0 0 0 0 0 0 0 0 0 0 0 0 0 0 0.7251909971237183 0.7251909971237183 0.8254798650741577 0.8254798650741577 0.8254798650741577 0.8254798650741577 0.8254798650741577 0.8455432653427124 0.8455432653427124 0.8455432653427124 0.8455432653427124 0.8455432653427124 0.8455432653427124 0.8455432653427124 0.8455432653427124 0.8455432653427124 0.8468590974807739 0.8468590974807739 0.8468590974807739 0.8468590974807739 0.8468590974807739 0.8468590974807739 0.8468590974807739 0.8468590974807739 0.8468590974807739 0.8506758213043213 0.8506758213043213 0.8506758213043213 0.8506758213043213 0.8506758213043213 0.851547122001648 0.851547122001648 0.851547122001648 0.851547122001648 0.8527112007141113
0 0 0 0 0 0 0 0 0 0 0 0 0 0 0 0 0 0 0 0 0 0 0 0 0 0 0 0 0 0 0 0 0.7251909971237183 0.7251909971237183 0.8254798650741577 0.8254798650741577 0.8254798650741577 0.8254798650741577 0.8254798650741577 0.8455432653427124 0.8455432653427124 0.8455432653427124 0.8455432653427124 0.8455432653427124 0.8455432653427124 0.8455432653427124 0.8455432653427124 0.8455432653427124 0.8468590974807739 0.8468590974807739 0.8468590974807739 0.8468590974807739 0.8468590974807739 0.8468590974807739 0.8468590974807739 0.8468590974807739 0.8468590974807739 0.8506758213043213 0.8506758213043213 0.8506758213043213 0.8506758213043213 0.8506758213043213 0.851547122001648 0.851547122001648 0.851547122001648 0.851547122001648 0.8527112007141113
0 0 0 0 0 0 0 0 0 0 0 0 0 0 0 0 0 0 0 0 0 0 0 0 0 0 0 0 0 0 0 0 0.7454078197479248 0.7454078197479248 0.8254798650741577 0.8254798650741577 0.8254798650741577 0.8254798650741577 0.8254798650741577 0.8455432653427124 0.8455432653427124 0.8455432653427124 0.8455432653427124 0.8455432653427124 0.8455432653427124 0.8455432653427124 0.8455432653427124 0.8455432653427124 0.8468590974807739 0.8468590974807739 0.8468590974807739 0.8468590974807739 0.8468590974807739 0.8468590974807739 0.8468590974807739 0.8468590974807739 0.8468590974807739 0.8506758213043213 0.8506758213043213 0.8506758213043213 0.8506758213043213 0.8506758213043213 0.851547122001648 0.851547122001648 0.851547122001648 0.851547122001648 0.8527112007141113
0 0 0 0 0 0 0 0 0 0 0 0 0 0 0 0 0 0 0 0 0 0 0 0 0 0 0 0 0 0 0 0 0.5356305837631226 0.5356305837631226 0.8263224363327026 0.8263224363327026 0.8263224363327026 0.8263224363327026 0.8263224363327026 0.846660852432251 0.846660852432251 0.846660852432251 0.846660852432251 0.8467588424682617 0.8467588424682617 0.8467588424682617 0.8467588424682617 0.8467588424682617 0.8470525741577148 0.8470525741577148 0.8470525741577148 0.8470525741577148 0.8501020669937134 0.8501020669937134 0.8501020669937134 0.8501020669937134 0.8501020669937134 0.8514988422393799 0.8514988422393799 0.8514988422393799 0.8514988422393799 0.8514988422393799 0.8518886566162109 0.8518886566162109 0.8523448705673218 0.8523448705673218 0.8627153635025024
0 0 0 0 0 0 0 0 0 0 0 0 0 0 0 0 0 0 0 0 0 0 0 0 0 0 0 0 0 0 0 0 0 0 0.8263224363327026 0.8263224363327026 0.8263224363327026 0.8263224363327026 0.8263224363327026 0.846660852432251 0.846660852432251 0.846660852432251 0.846660852432251 0.8467588424682617 0.8467588424682617 0.8467588424682617 0.8467588424682617 0.8467588424682617 0.8470525741577148 0.8470525741577148 0.8470525741577148 0.8470525741577148 0.8501020669937134 0.8501020669937134 0.8501020669937134 0.8501020669937134 0.8501020669937134 0.8514988422393799 0.8514988422393799 0.8514988422393799 0.8514988422393799 0.8514988422393799 0.8523237705230713 0.8523237705230713 0.9226869344711304 0.9226869344711304 2.5929360389709473
0 0 0 0 0 0 0 0 0 0 0 0 0 0 0 0 0 0 0 0 0 0 0 0 0 0 0 0 0 0 0 0 0 0 0.8263224363327026 0.8263224363327026 0.8263224363327026 0.8263224363327026 0.8263224363327026 0.846660852432251 0.846660852432251 0.846660852432251 0.846660852432251 0.8467588424682617 0.8467588424682617 0.8467588424682617 0.8467588424682617 0.8467588424682617 0.8470525741577148 0.8470525741577148 0.8470525741577148 0.8470525741577148 0.8501020669937134 0.8501020669937134 0.8501020669937134 0.8501020669937134 0.8501020669937134 0.8514988422393799 0.8514988422393799 0.8514988422393799 0.8514988422393799 0.8514988422393799 0.8523237705230713 0.8523237705230713 0.9226869344711304 0.9226869344711304 2.5929360389709473
-9999 -9999 0 0 0 0 0 0 0 0 0 0 0 0 0 0 0 0 0 0 0 0 0 0 0 0 0 0 0 0 0 0 0 0 0.6768214702606201 0.6768214702606201 0.41705024242401123 0.41705024242401123 0.41705024242401123 0.8177146911621094 0.8177146911621094 0.8177146911621094 0.8177146911621094 0.8486782312393188 0.8486782312393188 0.8486782312393188 0.8486782312393188 0.8486782312393188 0.8496956825256348 0.8496956825256348 0.8496956825256348 0.8496956825256348 0.8513818979263306 0.8513818979263306 0.8513818979263306 0.8513818979263306 0.8513818979263306 0.8520703315734863 0.8520703315734863 0.9926084280014038 0.9926084280014038 0.9926084280014038 2.5926718711853027 2.5926718711853027 2.592948317527771 2.592948317527771 2.5929523706436157
-9999 -9999 0 0 0 0 0 0 0 0 0 0 0 0 0 0 0 0 0 0 0 0 0 0 0 0 0 0 0 0 0 0 0 0 0.4075843095779419 0.4075843095779419 0.45792901515960693 0.45792901515960693 0.45792901515960693 0.8177146911621094 0.8177146911621094 0.8177146911621094 0.8177146911621094 0.8486782312393188 0.8486782312393188 0.8486782312393188 0.8486782312393188 0.8486782312393188 0.8496956825256348 0.8496956825256348 0.8496956825256348 0.8496956825256348 0.8513818979263306 0.8513818979263306 0.8513818979263306 0.8513818979263306 0.8513818979263306 1.042519450187683 1.042519450187683 2.5928783416748047 2.5928783416748047 2.5928783416748047 2.592867851257324 2.592867851257324 2.592896342277527 2.592896342277527 2.5929523706436157
-9999 -9999 0 0 0 0 0 0 0 0 0 0 0 0 0 0 0 0 0 0 0 0 0 0 0 0 0 0 0 0 0 0 0 0 0.4075843095779419 0.4075843095779419 0.45792901515960693 0.45792901515960693 0.45792901515960693 0.8177146911621094 0.8177146911621094 0.8177146911621094 0.8177146911621094 0.8486782312393188 0.8486782312393188 0.8486782312393188 0.8486782312393188 0.8486782312393188 0.8496956825256348 0.8496956825256348 0.8496956825256348 0.8496956825256348 0.8513818979263306 0.8513818979263306 0.8513818979263306 0.8513818979263306 0.8513818979263306 1.042519450187683 1.042519450187683 2.5928783416748047 2.5928783416748047 2.5928783416748047 2.592867851257324 2.592867851257324 2.592896342277527 2.592896342277527 2.5929523706436157
-9999 -9999 -9999 -9999 -9999 -9999 -9999 -9999 -9999 -9999 -9999 0 0 0 0 0 0 0 0 0 0 0 0 0 0 0 0 0 0 0 0 0 0 0 0 0 0.5685513019561768 0.5685513019561768 0.5685513019561768 0.6787281036376953 0.6787281036376953 0.6787281036376953 0.6787281036376953 0.8493115901947021 0.8493115901947021 0.8493115901947021 0.8493115901947021 0.8493115901947021 0.850130558013916 0.850130558013916 0.850130558013916 0.850130558013916 0.8513253927230835 0.8513253927230835 0.8513253927230835 1.682328224182129 1.682328224182129 2.592843770980835 2.592843770980835 2.6028621196746826 2.6028621196746826 2.6028621196746826 2.5928739309310913 2.5928739309310913 2.5928722620010376 2.5928722620010376 2.592929482460022
-9999 -9999 -9999 -9999 -9999 -9999 -9999 -9999 -9999 -9999 -9999 0 0 0 0 0 0 0 0 0 0 0 0 0 0 0 0 0 0 0 0 0 0 0 0 0 0.6987309455871582 0.6987309455871582 0.6987309455871582 0.6787281036376953 0.6787281036376953 0.6787281036376953 0.6787281036376953 0.8493115901947021 0.8493115901947021 0.8493115901947021 0.8493115901947021 0.8493115901947021 0.850130558013916 0.850130558013916 0.850130558013916 0.850130558013916 0.8513721227645874 0.8513721227645874 0.8513721227645874 2.6128244400024414 2.6128244400024414 2.602827787399292 2.602827787399292 2.5928523540496826 2.5928523540496826 2.5928523540496826 2.592875599861145 2.592875599861145 2.342885375022888 2.342885375022888 2.082885980606079
-9999 -9999 -9999 -9999 -9999 -9999 -9999 -9999 -9999 -9999 -9999 0 0 0 0 0 0 0 0 0 0 0 0 0 0 0 0 0 0 0 0 0 0 0 0 0 0.568938136100769 0.568938136100769 0.568938136100769 0.8791391849517822 0.8791391849517822 0.8791391849517822 0.8791391849517822 0.8495705127716064 0.8495705127716064 0.8495705127716064 0.8495705127716064 0.8495705127716064 0.850258469581604 0.850258469581604 0.850258469581604 0.850258469581604 0.8913379907608032 0.8913379907608032 0.8913379907608032 2.592820882797241 2.592820882797241 2.5928231477737427 2.5928231477737427 2.5928338766098022 2.5928338766098022 2.5928338766098022 2.0728492736816406 2.0728492736816406 1.2628518342971802 1.2628518342971802 1.552849531173706
-9999 -9999 -9999 -9999 -9999 -9999 -9999 -9999 -9999 -9999 -9999 0 0 0 0 0 0 0 0 0 0 0 0 0 0 0 0 0 0 0 0 0 0 0 0 0 0.568938136100769 0.568938136100769 0.568938136100769 0.8791391849517822 0.8791391849517822 0.8791391849517822 0.8791391849517822 0.8495705127716064 0.8495705127716064 0.8495705127716064 0.8495705127716064 0.8495705127716064 0.850258469581604 0.850258469581604 0.850258469581604 0.850258469581604 0.8913379907608032 0.8913379907608032 0.8913379907608032 2.592820882797241 2.592820882797241 2.5928231477737427 2.5928231477737427 2.5928338766098022 2.5928338766098022 2.5928338766098022 2.0728492736816406 2.0728492736816406 1.2628518342971802 1.2628518342971802 1.552849531173706
-9999 -9999 -9999 -9999 -9999 -9999 -9999 -9999 -9999 -9999 -9999 0 0 0 0 0 0 0 0 0 0 0 0 0 0 0 0 0 0 0 0 0 0 0 0 0 0.4390510320663452 0.4390510320663452 0.4390510320663452 0.8791391849517822 0.8791391849517822 0.8791391849517822 0.8791391849517822 0.8495705127716064 0.8495705127716064 0.8495705127716064 0.8495705127716064 0.8495705127716064 0.850258469581604 0.850258469581604 0.850258469581604 0.850258469581604 0.851982593536377 0.851982593536377 0.851982593536377 2.592753767967224 2.592753767967224 2.592799425125122 2.592799425125122 1.2927652597427368 1.2927652597427368 1.2927652597427368 1.3927857875823975 1.3927857875823975 1.1728135347366333 1.1728135347366333 1.552849531173706
-9999 -9999 -9999 -9999 -9999 -9999 -9999 -9999 -9999 -9999 -9999 -9999 -9999 -9999 -9999 -9999 -9999 -9999 -9999 -9999 0 0 0 0 0 0 0 0 0 0 0 0 0 0 0 0 0 0 0 0.8594784736633301 0.8594784736633301 0.8594784736633301 0.8594784736633301 0.8497145175933838 0.8497145175933838 0.8497145175933838 0.8497145175933838 0.8497145175933838 0.850174069404602 0.850174069404602 0.850174069404602 0.850174069404602 0.5221512317657471 0.5221512317657471 0.5221512317657471 0.5221512317657471 0.5221512317657471 1.3326314687728882 1.3326314687728882 1.3326314687728882 1.3326314687728882 1.3326314687728882 0.7926671504974365 0.7926671504974365 0.7926671504974365 0.7926671504974365 1.542808175086975
-9999 -9999 -9999 -9999 -9999 -9999 -9999 -9999 -9999 -9999 -9999 -9999 -9999 -9999 -9999 -9999 -9999 -9999 -9999 -9999 0 0 0 0 0 0 0 0 0 0 0 0 0 0 0 0 0 0 0 0.8594784736633301 0.8594784736633301 0.8594784736633301 0.8594784736633301 0.8497145175933838 0.8497145175933838 0.8497145175933838 0.8497145175933838 0.8497145175933838 0.850174069404602 0.850174069404602 0.850174069404602 0.850174069404602 0.5221512317657471 0.5221512317657471 0.5221512317657471 0.5221512317657471 0.5221512317657471 1.3326314687728882 1.3326314687728882 1.3326314687728882 1.3326314687728882 1.3326314687728882 0.7926671504974365 0.7926671504974365 0.7926671504974365 0.7926671504974365 1.542808175086975
-9999 -9999 -9999 -9999 -9999 -9999 -9999 -9999 -9999 -9999 -9999 -9999 -9999 -9999 -9999 -9999 -9999 -9999 -9999 -9999 0 0 0 0 0 0 0 0 0 0 0 0 0 0 -9999 -9999 0 0 0 0.8594784736633301 0.8594784736633301 0.8594784736633301 0.8594784736633301 0.8497145175933838 0.8497145175933838 0.8497145175933838 0.8497145175933838 0.8497145175933838 0.850174069404602 0.850174069404602 0.850174069404602 0.850174069404602 0.5221512317657471 0.5221512317657471 0.5221512317657471 0.5221512317657471 0.5221512317657471 1.3326314687728882 1.3326314687728882 1.3326314687728882 1.3326314687728882 1.3326314687728882 0.7926671504974365 0.7926671504974365 0.7926671504974365 0.7926671504974365 1.542808175086975
-9999 -9999 -9999 -9999 -9999 -9999 -9999 -9999 -9999 -9999 -9999 -9999 -9999 -9999 -9999 -9999 -9999 -9999 -9999 -9999 0 0 0 0 0 0 0 0 0 0 -9999 -9999 -9999 -9999 2.879607081413269 2.879607081413269 2.879607081413269 2.879607081413269 2.879607081413269 3.0096088647842407 3.0096088647842407 3.0096088647842407 3.0096088647842407 0.8497158288955688 0.8497158288955688 0.8497158288955688 0.8497158288955688 0.8497158288955688 0.43003642559051514 0.43003642559051514 0.43003642559051514 0.43003642559051514 0.4308563470840454 0.4308563470840454 0.4308563470840454 0.4308563470840454 0.4308563470840454 0.4116861820220947 0.4116861820220947 0.4116861820220947 0.4116861820220947 0.4116861820220947 0.4420814514160156 0.4420814514160156 0.4420814514160156 0.4420814514160156 1.542808175086975
-9999 -9999 -9999 -9999 -9999 -9999 -9999 -9999 -9999 -9999 -9999 -9999 -9999 -9999 -9999 -9999 -9999 -9999 -9999 -9999 0 0 0 0 0 0 0 0 0 0 -9999 -9999 -9999 -9999 2.879607081413269 2.879607081413269 2.879607081413269 2.879607081413269 2.879607081413269 3.0096088647842407 3.0096088647842407 3.0096088647842407 3.0096088647842407 0.8497158288955688 0.8497158288955688 0.8497158288955688 0.8497158288955688 0.8497158288955688 0.43003642559051514 0.43003642559051514 0.43003642559051514 0.43003642559051514 0.43003642559051514 0.4308563470840454 0.4308563470840454 0.4308563470840454 0.4308563470840454 0.4116861820220947 0.4116861820220947 0.4116861820220947 0.4116861820220947 0.4116861820220947 0.4420814514160156 0.4420814514160156 0.4420814514160156 0.4420814514160156 1.542808175086975
-9999 -9999 -9999 -9999 -9999 -9999 -9999 -9999 -9999 -9999 -9999 -9999 -9999 -9999 -9999 -9999 -9999 -9999 -9999 -9999 0 0 0 0 0 0 0 0 0 0 -9999 -9999 -9999 -9999 2.879607081413269 2.879607081413269 2.879607081413269 2.879607081413269 2.879607081413269 3.0096088647842407 3.0096088647842407 3.0096088647842407 3.0096088647842407 0.8497158288955688 0.8497158288955688 0.8497158288955688 0.8497158288955688 0.8497158288955688 0.43003642559051514 0.43003642559051514 0.43003642559051514 0.43003642559051514 0.43003642559051514 0.4308563470840454 0.4308563470840454 0.4308563470840454 0.4308563470840454 0.4116861820220947 0.4116861820220947 0.4116861820220947 0.4116861820220947 0.4116861820220947 0.4420814514160156 0.4420814514160156 0.4420814514160156 0.4420814514160156 1.542808175086975
-9999 -9999 -9999 -9999 -9999 -9999 -9999 -9999 -9999 -9999 -9999 -9999 -9999 -9999 -9999 -9999 -9999 -9999 -9999 -9999 -9999 -9999 -9999 -9999 -9999 -9999 -9999 -9999 -9999 -9999 4.819606423377991 4.819606423377991 4.819606423377991 4.819606423377991 4.819606423377991 4.819606423377991 4.819606423377991 4.819606423377991 4.819606423377991 5.039608120918274 5.039608120918274 5.039608120918274 5.039608120918274 5.039608120918274 5.039608120918274 5.039608120918274 5.039608120918274 5.039608120918274 0.4300628900527954 0.4300628900527954 0.4300628900527954 0.4300628900527954 0.4300628900527954 0.4300628900527954 0.4300628900527954 0.4300628900527954 0.4300628900527954 0.44073212146759033 0.44073212146759033 0.44073212146759033 0.44073212146759033 0.44073212146759033 0.44073212146759033 0.44073212146759033 0.44073212146759033 0.44073212146759033 -9999
-9999 -9999 -9999 -9999 -9999 -9999 -9999 -9999 -9999 -9999 -9999 -9999 -9999 -9999 -9999 -9999 -9999 -9999 -9999 -9999 -9999 -9999 -9999 -9999 -9999 -9999 -9999 -9999 -9999 -9999 4.819606423377991 4.819606423377991 4.819606423377991 4.819606423377991 4.819606423377991 4.819606423377991 4.819606423377991 4.819606423377991 4.819606423377991 5.039608120918274 5.039608120918274 5.039608120918274 5.039608120918274 5.039608120918274 5.039608120918274 5.039608120918274 5.039608120918274 5.039608120918274 0.4300628900527954 0.4300628900527954 0.4300628900527954 0.4300628900527954 0.4300628900527954 0.4300628900527954 0.4300628900527954 0.4300628900527954 0.4300628900527954 0.44073212146759033 0.44073212146759033 0.44073212146759033 0.44073212146759033 0.44073212146759033 0.44073212146759033 0.44073212146759033 0.44073212146759033 0.44073212146759033 -9999
-9999 -9999 -9999 -9999 -9999 -9999 -9999 -9999 -9999 -9999 -9999 -9999 -9999 -9999 -9999 -9999 -9999 -9999 -9999 -9999 -9999 -9999 -9999 -9999 -9999 -9999 -9999 -9999 -9999 -9999 4.819606423377991 4.819606423377991 4.819606423377991 4.819606423377991 4.819606423377991 4.819606423377991 4.819606423377991 4.819606423377991 4.819606423377991 5.039608120918274 5.039608120918274 5.039608120918274 5.039608120918274 5.039608120918274 5.039608120918274 5.039608120918274 5.039608120918274 5.039608120918274 0.4300628900527954 0.4300628900527954 0.4300628900527954 0.4300628900527954 0.4300628900527954 0.4300628900527954 0.4300628900527954 0.4300628900527954 0.4300628900527954 0.44073212146759033 0.44073212146759033 0.44073212146759033 0.44073212146759033 0.44073212146759033 0.44073212146759033 0.44073212146759033 0.44073212146759033 0.44073212146759033 -9999
-9999 -9999 -9999 -9999 -9999 -9999 -9999 -9999 -9999 -9999 -9999 -9999 -9999 -9999 -9999 -9999 -9999 -9999 -9999 -9999 -9999 -9999 -9999 -9999 -9999 -9999 -9999 -9999 -9999 -9999 4.819606423377991 4.819606423377991 4.819606423377991 4.819606423377991 4.819606423377991 4.819606423377991 4.819606423377991 4.819606423377991 4.819606423377991 5.039608120918274 5.039608120918274 5.039608120918274 5.039608120918274 5.039608120918274 5.039608120918274 5.039608120918274 5.039608120918274 5.039608120918274 0.4300628900527954 0.4300628900527954 0.4300628900527954 0.4300628900527954 0.4300628900527954 0.4300628900527954 0.4300628900527954 0.4300628900527954 0.4300628900527954 0.44073212146759033 0.44073212146759033 0.44073212146759033 0.44073212146759033 0.44073212146759033 0.44073212146759033 0.44073212146759033 0.44073212146759033 0.44073212146759033 -9999
