SimulationData/Scenarios/Waterwolf/Flooding/Uitdammerdijk/1140.asc
ncols        561
nrows        278
xllcorner    4.817258165162
yllcorner    52.370746892638
cellsize     0.000511251697
NODATA_value  -9999
[rows 110 to 131 of 278, columns 336 to 383 of 561]
0.5573825836181641 0.5573825836181641 0.3675966262817383 1.0175964832305908 0.7475965023040771 0.44759654998779297 0.3179306983947754 0.35793066024780273 0.2579307556152344 0.2579307556152344 0.6579307317733765 0.3082824945449829 0.22828245162963867 0.28828251361846924 0.3082824945449829 0.3486769199371338 0.37867701053619385 0.37867701053619385 0.43867695331573486 0.40867698192596436 0.2691112756729126 0.4491112232208252 0.4491112232208252 0.5291112661361694 0.5291112661361694 1.0296711921691895 0.6096712350845337 0.5796712636947632 0.6796712875366211 0.6098779439926147 0.5298780202865601 0.24861598014831543 0.24861598014831543 -0.131384015083313 -0.12628018856048584 0.09371984004974365 0.2537965774536133 0.3837965726852417 0.3372238874435425 -0.06277608871459961 -0.06277608871459961 0.0053920745849609375 0.8353919982910156 0.3447122573852539 0.8347122669219971 0.9848320484161377 1.3148319721221924 1.3148319721221924
0.5776581764221191 0.5776581764221191 0.45802128314971924 0.9580212831497192 0.8080214262008667 1.028021216392517 0.358414888381958 0.30841493606567383 0.40841495990753174 0.40841495990753174 0.298414945602417 0.2887556552886963 0.6187556982040405 0.2687556743621826 0.2687556743621826 0.309190034866333 0.3991900682449341 0.3991900682449341 0.5291900634765625 0.47918999195098877 0.389540433883667 0.2995404005050659 0.17060184478759766 0.5606018304824829 0.5606018304824829 0.5512791872024536 0.4512791633605957 0.572190523147583 0.8621906042098999 0.7311149835586548 0.5311150550842285 0.0006525516510009766 0.0006525516510009766 -0.4093475341796875 0.19839906692504883 0.2883991003036499 0.3183990716934204 0.2683990001678467 0.3774296045303345 0.3774296045303345 -0.04257035255432129 -0.20526742935180664 0.48473262786865234 0.9148232936859131 1.0248234272003174 1.114823579788208 1.2448232173919678 1.2448232173919678
0.5676581859588623 0.5676581859588623 0.508021354675293 0.5280213356018066 0.4180213212966919 0.3880213499069214 0.30841493606567383 0.2684149742126465 0.08841490745544434 0.08841490745544434 0.2784149646759033 0.32875561714172363 0.11875569820404053 0.3887556791305542 0.20875561237335205 0.31919002532958984 0.25919008255004883 0.25919008255004883 0.6691900491714478 1.029189944267273 0.6699727773666382 -0.4300272464752197 -0.22786390781402588 0.37213611602783203 0.37213611602783203 0.14198803901672363 -0.038012027740478516 0.1432863473892212 0.1432863473892212 -0.2666667699813843 -0.23666667938232422 0.018139123916625977 0.018139123916625977 0.10813915729522705 0.2883991003036499 0.3383990526199341 0.3483990430831909 0.38839900493621826 0.37731361389160156 0.37731361389160156 1.2773135900497437 -0.05520486831665039 0.544795036315918 0.9448235034942627 1.23482346534729 1.3248236179351807 1.6848232746124268 1.6848232746124268
0.5376582145690918 0.5376582145690918 0.5880212783813477 0.5180213451385498 0.42802131175994873 0.35802125930786133 0.2784149646759033 0.2784149646759033 0.08841490745544434 0.08841490745544434 0.33841490745544434 0.2587556838989258 -0.021244287490844727 0.20875561237335205 0.18875563144683838 0.2091900110244751 0.2091900110244751 0.3791900873184204 0.28919005393981934 0.44919002056121826 1.0299726724624634 -0.000027179718017578125 0.062136054039001465 0.20213603973388672 0.20213603973388672 0.011988043785095215 0.1919879913330078 0.2632863521575928 0.7432862520217896 -0.08666670322418213 0.2533332109451294 0.268139123916626 0.268139123916626 0.20813918113708496 0.3083990812301636 0.3183990716934204 0.5983990430831909 0.5283991098403931 0.2673135995864868 0.2673135995864868 1.4173136949539185 -0.025204896926879883 0.4947950839996338 0.9548232555389404 1.3748233318328857 1.3948233127593994 1.414823293685913 1.414823293685913
0.5778301954269409 0.5778301954269409 0.547816276550293 0.4978163242340088 0.4088801145553589 0.45888006687164307 0.2594599723815918 0.7494598627090454 0.12937307357788086 0.12937307357788086 0.21937298774719238 0.24168694019317627 -0.07831299304962158 -0.05986833572387695 0.04013168811798096 0.1399388313293457 0.1399388313293457 1.0299386978149414 -0.058112263679504395 -0.10811221599578857 0.05693948268890381 0.24693942070007324 0.04578590393066406 0.06578588485717773 0.06578588485717773 0.13087618350982666 0.360876202583313 0.42108893394470215 0.4610888957977295 0.4536641836166382 0.25366413593292236 0.11134278774261475 0.11134278774261475 0.1713428497314453 0.20270943641662598 0.22270941734313965 0.37352144718170166 0.28352153301239014 -2.1699999570846558 -2.1699999570846558 -1.7999999523162842 0.40482020378112793 0.8348202705383301 1.0648219585418701 1.3448221683502197 1.3648221492767334 1.4248220920562744 1.4248220920562744
0.5278302431106567 0.5278302431106567 0.3175555467605591 -0.1324443817138672 0.9005868434906006 0.59058678150177 0.2804882526397705 0.22048819065093994 -0.15339767932891846 -0.15339767932891846 -0.02339768409729004 0.06776189804077148 -0.44223809242248535 0.2506446838378906 -0.13935530185699463 -0.2642545700073242 -0.2642545700073242 0.06574547290802002 0.10438239574432373 0.2543823719024658 0.1399754285812378 0.1399754285812378 0.14085078239440918 0.10085070133209229 0.10085070133209229 0.048276662826538086 0.2782766819000244 0.6121377944946289 0.44213783740997314 0.38420891761779785 0.2442089319229126 -0.02135336399078369 -0.02135336399078369 0.224542498588562 0.09578633308410645 0.1136242151260376 2.293825387954712 2.2937045097351074 -1.535023808479309 -1.535023808479309 -0.14502382278442383 -0.2451486587524414 0.7948513031005859 0.8448221683502197 0.9948217868804932 1.0448219776153564 1.6848218441009521 1.6848218441009521
0.3978302478790283 0.3978302478790283 -0.042444467544555664 -0.31244444847106934 -0.359413206577301 -0.45941317081451416 0.08048820495605469 -0.02951180934906006 -0.21339762210845947 -0.21339762210845947 -0.36339759826660156 0.12776196002960205 0.18776190280914307 0.1306447982788086 0.2406446933746338 0.06574547290802002 0.06574547290802002 -0.12425458431243896 0.014382481575012207 0.03438246250152588 0.10997533798217773 0.1299753189086914 0.2008507251739502 0.09085071086883545 0.09085071086883545 0.208276629447937 0.16827666759490967 0.34213781356811523 0.19213783740997314 0.2142089605331421 0.2842090129852295 0.2436995506286621 0.2436995506286621 2.2938578128814697 2.2937275171279907 2.2937756776809692 2.293856620788574 2.2937066555023193 -1.0850238800048828 -1.0850238800048828 0.17497611045837402 0.5348513126373291 -0.17514872550964355 1.1448218822479248 1.1448218822479248 1.2948219776153564 1.3148219585418701 1.3148219585418701
0.12857985496520996 0.12857985496520996 -0.08921730518341064 0.13078272342681885 0.25556790828704834 0.19556796550750732 0.1355057954788208 0.07225191593170166 0.23311495780944824 0.23311495780944824 -0.08686280250549316 2.2930904626846313 2.2930922508239746 0.24309825897216797 -0.006030678749084473 0.22618794441223145 0.22618794441223145 0.16618800163269043 0.009287834167480469 0.04928791522979736 -0.04638242721557617 2.293572783470154 2.293558359146118 2.2935651540756226 2.2935651540756226 2.2935596704483032 0.24353015422821045 2.293379545211792 2.293303966522217 2.2934073209762573 2.2934038639068604 -0.0667107105255127 -0.0667107105255127 -0.008649230003356934 0.07052671909332275 0.35262155532836914 0.31815242767333984 0.37980759143829346 -1.9551475048065186 -1.9551475048065186 -0.1051476001739502 0.3748764991760254 0.6448764801025391 1.024857997894287 1.2348580360412598 1.3648581504821777 1.3148579597473145 1.3148579597473145
0.03807675838470459 0.03807675838470459 0.14470279216766357 0.10470283031463623 0.09212768077850342 2.2929840087890625 2.2930476665496826 2.2930824756622314 2.29312264919281 2.29312264919281 2.29312264919281 2.2931036949157715 2.2931036949157715 2.2930963039398193 -0.02690577507019043 0.23274016380310059 0.23274016380310059 -0.007259845733642578 0.2933729887008667 0.29366958141326904 2.293653726577759 2.293576955795288 2.2935543060302734 2.2935543060302734 2.2935543060302734 2.2935686111450195 2.293581485748291 2.293398857116699 0.09320330619812012 0.031395554542541504 0.1852349042892456 0.1852349042892456 0.33243441581726074 0.12325179576873779 0.14671683311462402 0.2667168378829956 0.2696419954299927 0.7396420240402222 0.3692798614501953 0.3692798614501953 1.5492799282073975 -0.015203475952148438 0.5647964477539062 1.0148577690124512 1.1848578453063965 1.344858169555664 1.1948580741882324 1.1948580741882324
-0.001923203468322754 0.024079322814941406 0.23305392265319824 2.29305636882782 2.2930790185928345 2.2930723428726196 2.2930718660354614 2.2930718660354614 2.29308819770813 2.29308819770813 2.29308819770813 2.29314649105072 2.29314649105072 2.2931253910064697 2.2930303812026978 0.23248231410980225 0.23248231410980225 0.24364924430847168 2.293643593788147 2.293642044067383 2.2936354875564575 2.293700098991394 0.24338126182556152 0.052445292472839355 0.052445292472839355 0.09017443656921387 0.09788954257965088 0.17437517642974854 0.1943751573562622 0.2114272117614746 0.24142730236053467 0.24142730236053467 0.2742217779159546 0.2342216968536377 0.3033853769302368 0.31338536739349365 0.28338539600372314 0.28338539600372314 -0.0894085168838501 -0.0894085168838501 0.810591459274292 -0.17516374588012695 1.014836072921753 0.8749017715454102 1.1249017715454102 1.1649017333984375 1.0149016380310059 1.0149016380310059
0.24302148818969727 0.24302148818969727 2.293063521385193 2.2930610179901123 2.2930712699890137 2.2930774688720703 2.2930718660354614 2.2930718660354614 2.2930718660354614 2.29308819770813 2.29308819770813 2.29314649105072 2.29314649105072 2.2932205200195312 0.2430351972579956 0.13363325595855713 0.13363325595855713 2.2936596870422363 2.293635368347168 2.293622612953186 2.2935965061187744 0.03328287601470947 0.05473446846008301 0.22211384773254395 0.22211384773254395 0.2120417356491089 0.1520329713821411 0.35437512397766113 0.21437513828277588 0.17142724990844727 0.2514272928237915 0.2514272928237915 0.18422174453735352 0.21422171592712402 0.3233853578567505 0.3033853769302368 0.28338539600372314 0.25338542461395264 0.21059143543243408 0.21059143543243408 0.02059149742126465 -0.4451637268066406 0.4848363399505615 0.8149018287658691 1.074902057647705 1.074902057647705 0.8449020385742188 0.8449020385742188
2.293031930923462 2.293031930923462 2.2930469512939453 2.2930469512939453 2.2930673360824585 2.2930673360824585 2.293075680732727 2.2930623292922974 2.2930623292922974 2.2930527925491333 2.293034076690674 0.2429063320159912 2.2931771278381348 2.2932183742523193 2.2933543920516968 2.293603777885437 2.293603777885437 2.2936594486236572 2.2936724424362183 2.293613314628601 0.013396501541137695 0.060613155364990234 0.21654057502746582 0.13654065132141113 0.13654065132141113 0.18812131881713867 0.23812127113342285 0.2626302242279053 0.22263014316558838 0.21622586250305176 0.17622590065002441 0.17622590065002441 0.24828457832336426 0.7182846069335938 0.2733854055404663 0.3033853769302368 0.1733853816986084 0.36338531970977783 0.3591458797454834 0.3591458797454834 -0.04085409641265869 -1.5340441465377808 -0.5040440559387207 0.11490178108215332 0.6549019813537598 1.0449018478393555 1.0149016380310059 1.0149016380310059
2.2930182218551636 2.2930182218551636 2.2930315732955933 2.293048858642578 2.2930537462234497 0.2430276870727539 0.08282029628753662 0.1444638967514038 0.1444638967514038 0.017392873764038086 0.047392845153808594 0.01800072193145752 0.0680006742477417 0.301066517829895 0.061066627502441406 0.12688565254211426 0.12688565254211426 0.08688569068908691 0.14438092708587646 0.07409119606018066 0.1710904836654663 0.13109052181243896 0.37496769428253174 0.2549678087234497 0.2549678087234497 0.23371100425720215 0.2537109851837158 0.27371108531951904 0.2937110662460327 0.3671048879623413 0.24710488319396973 0.24710488319396973 0.37710487842559814 0.3571048974990845 0.5104800462722778 0.7304800748825073 0.28048014640808105 0.4504801034927368 0.3516826629638672 0.3516826629638672 0.5016826391220093 0.2957184314727783 1.5257184505462646 -0.12539339065551758 0.32460665702819824 0.8249726295471191 0.8249726295471191 0.9649724960327148
2.2930182218551636 2.2930182218551636 2.293013095855713 0.032974839210510254 0.14348196983337402 0.2340104579925537 0.11640369892120361 0.3026047945022583 0.3026047945022583 0.06739294528961182 0.30739283561706543 0.12800073623657227 -0.011999249458312988 0.05106651782989502 -0.028933405876159668 0.5368856191635132 0.5368856191635132 0.18688559532165527 0.16735661029815674 -0.19865727424621582 0.1010904312133789 0.1710904836654663 0.2149677276611328 0.39496779441833496 0.39496779441833496 0.3137110471725464 0.2237110137939453 0.2237110137939453 0.3437110185623169 0.34710490703582764 0.2771049737930298 0.2771049737930298 0.32710492610931396 0.3371049165725708 0.250480055809021 0.33048009872436523 0.5104800462722778 0.43048012256622314 0.44168269634246826 0.44168269634246826 0.4816826581954956 0.23571836948394775 0.6357183456420898 -0.5553932189941406 -0.025393247604370117 1.1849722862243652 1.1849722862243652 0.8749723434448242
0.1529998779296875 0.1529998779296875 0.2330077886581421 0.12299323081970215 0.028679370880126953 0.14867937564849854 0.1486910581588745 0.0486910343170166 0.0486910343170166 0.16777777671813965 0.07777786254882812 0.09961080551147461 0.059610724449157715 0.16325092315673828 0.07325088977813721 0.3504592180252075 0.3504592180252075 0.24045932292938232 0.4177440404891968 0.8277440071105957 0.06688642501831055 0.37688636779785156 0.31052112579345703 0.31052112579345703 0.3005211353302002 0.33371102809906006 0.40371108055114746 0.35371100902557373 0.2237110137939453 0.37710487842559814 0.727104902267456 0.727104902267456 0.29710495471954346 0.2371048927307129 0.3804800510406494 0.0004800558090209961 0.7304800748825073 0.3704800605773926 0.37746286392211914 0.37746286392211914 0.41746294498443604 0.5302917957305908 0.40029168128967285 -1.9640429019927979 -0.6140427589416504 0.3949763774871826 0.3949763774871826 0.15497636795043945
0.034424662590026855 0.034424662590026855 0.23268365859985352 -0.03745734691619873 0.034169912338256836 0.08416998386383057 0.13079404830932617 0.16079401969909668 0.16079401969909668 0.16079401969909668 0.1107940673828125 0.13267970085144043 0.07267963886260986 0.1826796531677246 0.0826796293258667 0.0693964958190918 0.0693964958190918 0.30939650535583496 0.27939653396606445 0.27939653396606445 0.3176918029785156 0.07769179344177246 0.2776918411254883 0.2776918411254883 0.0876917839050293 0.30433189868927 0.23433184623718262 0.43433189392089844 0.3343318700790405 0.31433188915252686 0.3343318700790405 0.3343318700790405 0.3843318223953247 0.39433181285858154 0.7474926710128784 0.2874927520751953 0.7474926710128784 0.35749268531799316 0.3808708190917969 0.3808708190917969 0.4108707904815674 0.4108707904815674 0.4808708429336548 0.33375847339630127 0.17375850677490234 -0.8465149402618408 -0.8465149402618408 -0.29651498794555664
0.10442459583282471 -0.19557535648345947 0.2307422161102295 0.2925361394882202 0.0641700029373169 0.034169912338256836 0.17079401016235352 0.10079407691955566 0.10079407691955566 0.33079397678375244 0.2907940149307251 0.13267970085144043 0.1226797103881836 0.0826796293258667 0.11267971992492676 0.05939650535583496 0.05939650535583496 0.15939652919769287 0.32939648628234863 1.0393965244293213 0.37769174575805664 0.35769176483154297 0.03769183158874512 0.03769183158874512 0.1876918077468872 0.37433183193206787 0.2543318271636963 0.34433186054229736 0.27433180809020996 0.28433191776275635 0.3543318510055542 0.3543318510055542 0.2543318271636963 0.3543318510055542 0.24749267101287842 0.307492733001709 0.4674926996231079 0.4374927282333374 0.3808708190917969 0.3808708190917969 0.3908708095550537 0.4308708906173706 0.3608708381652832 0.36953866481781006 0.06953871250152588 1.1008375883102417 1.1008375883102417 0.4008375406265259
0.2533121109008789 0.13331222534179688 0.14702153205871582 0.10702157020568848 0.02395784854888916 0.003957867622375488 0.0707939863204956 0.12079405784606934 0.12079405784606934 0.18079400062561035 0.12079405784606934 0.19267964363098145 0.14267969131469727 0.1226797103881836 0.1826796531677246 0.0693964958190918 0.0693964958190918 1.0393965244293213 0.42939651012420654 0.3493964672088623 0.41769182682037354 0.34769177436828613 0.1576918363571167 0.1576918363571167 0.3176918029785156 0.28433191776275635 0.3343318700790405 0.3343318700790405 0.39433181285858154 0.3343318700790405 0.36433184146881104 0.36433184146881104 0.39433181285858154 0.30433189868927 0.3174927234649658 0.3974926471710205 0.7474926710128784 0.44749271869659424 0.4108707904815674 0.4108707904815674 0.42087090015411377 0.3608708381652832 0.3308708667755127 0.3795386552810669 0.279538631439209 0.4108375310897827 0.4108375310897827 0.5308375358581543
0.3385578393936157 0.34855782985687256 0.24369680881500244 0.07369685173034668 0.12369680404663086 0.2936967611312866 0.16628408432006836 0.2462841272354126 0.2462841272354126 0.26628410816192627 0.2462841272354126 0.286495566368103 0.2064955234527588 0.2064955234527588 0.32649552822113037 0.19619238376617432 0.19619238376617432 0.25619232654571533 0.30619239807128906 1.0461924076080322 0.3557826280593872 0.4857826232910156 0.40578269958496094 0.40578269958496094 0.02578270435333252 0.24433183670043945 0.2943319082260132 0.39433181285858154 0.5043318271636963 0.43433189392089844 0.4843318462371826 0.4843318462371826 0.36433184146881104 0.39433181285858154 0.4663189649581909 0.3863189220428467 0.3363189697265625 0.366318941116333 0.32787013053894043 0.32787013053894043 0.6578700542449951 0.3778700828552246 0.4278700351715088 0.316398024559021 0.566398024559021 0.5363979339599609 0.5363979339599609 0.4763979911804199
0.015618562698364258 -1.2643815279006958 0.2836967706680298 0.1636967658996582 0.033696770668029785 0.1736968755722046 0.3362840414047241 0.3362840414047241 0.3362840414047241 0.18628406524658203 0.2962840795516968 0.32649552822113037 0.4364955425262451 0.3364955186843872 0.38649559020996094 0.5961923599243164 0.5961923599243164 0.2661924362182617 0.2461923360824585 0.35619235038757324 0.39578258991241455 0.5157825946807861 0.4457826614379883 0.4457826614379883 0.4557826519012451 0.4043318033218384 0.03433191776275635 0.46433186531066895 0.49433183670043945 0.4043318033218384 0.3543318510055542 0.3543318510055542 0.41433191299438477 0.52433180809021 0.4563189744949341 0.4663189649581909 0.32631897926330566 0.35631895065307617 0.35631895065307617 0.4378701448440552 0.45787012577056885 0.447870135307312 0.38787007331848145 0.5263979434967041 0.5263979434967041 0.436397910118103 0.436397910118103 0.4763979911804199
0.5156185626983643 -1.2243815660476685 0.12369680404663086 0.24369680881500244 0.3536968231201172 0.3336968421936035 0.2762840986251831 0.28628408908843994 0.28628408908843994 0.3062840700149536 0.3262840509414673 0.3364955186843872 1.0264955759048462 0.3364955186843872 0.29649555683135986 0.29649555683135986 0.30619239807128906 1.0461924076080322 0.17619240283966064 0.2961924076080322 0.36578261852264404 0.5157825946807861 1.055782675743103 1.055782675743103 0.4157826900482178 0.3543318510055542 -0.035668134689331055 0.36433184146881104 0.5043318271636963 0.3843318223953247 0.39433181285858154 0.39433181285858154 0.41433191299438477 0.39433181285858154 0.5163189172744751 0.27631890773773193 0.24631893634796143 0.3363189697265625 0.3363189697265625 0.3978700637817383 0.3778700828552246 0.4778701066970825 0.4378701448440552 0.41639792919158936 0.7263979911804199 0.48639798164367676 0.48639798164367676 0.376397967338562
1.616473913192749 0.8464736938476562 2.0090616941452026 0.45906174182891846 0.4304368495941162 0.3904367685317993 0.32535505294799805 0.29535508155822754 0.29535508155822754 0.32535505294799805 0.34535515308380127 0.39377403259277344 0.4337739944458008 0.35377395153045654 0.27377402782440186 0.27377402782440186 0.3953514099121094 0.35535144805908203 0.43535149097442627 0.33535146713256836 0.2956221103668213 0.41562211513519287 0.39562201499938965 0.39562201499938965 0.4256221055984497 0.4322831630706787 0.2922830581665039 0.34228312969207764 0.21228313446044922 0.0022830963134765625 0.4222830533981323 0.4222830533981323 0.3622831106185913 0.3922830820083618 0.64574134349823 0.5557413101196289 0.4957413673400879 0.3657413721084595 0.3657413721084595 0.4257413148880005 0.45574140548706055 0.45574140548706055 0.6157413721084595 0.19594430923461914 0.5959444046020508 0.5259443521499634 0.5259443521499634 0.4059443473815918
