SimulationData/Scenarios/Waterwolf/Flooding/Uitdammerdijk/1140.asc
ncols        561
nrows        278
xllcorner    4.817258165162
yllcorner    52.370746892638
cellsize     0.000511251697
NODATA_value  -9999
[rows 66 to 87 of 278, columns 192 to 239 of 561]
-0.5500000715255737 -0.6100000143051147 -0.6600000858306885 -0.6100000143051147 -0.6100000143051147 -0.6000000238418579 -0.4700000286102295 -0.6600000858306885 0 -0.6700000762939453 -0.8200000524520874 -0.8200000524520874 -1.0199999809265137 -1.1800000667572021 -0.8600000143051147 -1.6500000953674316 -1.100000023841858 -1.3300000429153442 -0.7900000810623169 -0.7900000810623169 -0.7699999809265137 -0.7400000095367432 -0.7100000381469727 -0.7899999618530273 -0.7599999904632568 -0.7999999523162842 -0.7100000381469727 -0.7100000381469727 -0.6499999761581421 -0.7000000476837158 -0.7300000190734863 -0.6700000762939453 0 -0.6399999856948853 -0.6399999856948853 0 -0.7800000905990601 -0.75 -0.6500000953674316 -0.8400000333786011 -1.0600000619888306 -0.8400000333786011 -0.8400000333786011 -1.0399999618530273 -0.7400000095367432 -0.029999971389770508 -0.5900000333786011 -0.6200000047683716
-0.6299999952316284 -0.6600000858306885 -0.6200000047683716 -0.6800000667572021 -0.6800000667572021 -0.43000006675720215 -0.6299999952316284 -0.7100000381469727 -0.6299999952316284 0 -0.690000057220459 -0.690000057220459 -0.6700000762939453 -1.3300000429153442 -1.840000033378601 -0.5900000333786011 -0.7400000095367432 -0.5800000429153442 -0.7400000095367432 -0.7400000095367432 -0.6100000143051147 -0.7599999904632568 -0.6399999856948853 -0.6800000667572021 -0.43000006675720215 -0.43000006675720215 -0.43000006675720215 -0.6000000238418579 -0.7100000381469727 -0.7100000381469727 -0.6700000762939453 -0.6700000762939453 -0.6500000953674316 -0.6299999952316284 -0.6299999952316284 -0.6299999952316284 -0.6700000762939453 -0.6399999856948853 -0.6800000667572021 -0.029999971389770508 -0.8200000524520874 -1 -1 -1.090000033378601 -1.2699999809265137 -0.029999971389770508 -0.6000000238418579 -0.6699999570846558
-0.7200000286102295 -0.6700000762939453 -0.7300000190734863 -0.7400000095367432 -0.7400000095367432 -0.7400000095367432 -0.7900000810623169 -0.7100000381469727 -0.7599999904632568 -0.7400000095367432 -0.7400000095367432 -0.7400000095367432 0 -1.5800000429153442 -1.3600000143051147 -0.8000000715255737 0 -0.6700000762939453 -0.6800000667572021 -0.6800000667572021 -0.75 -0.6000000238418579 -0.7599999904632568 -0.6000000238418579 -0.6699999570846558 -0.6200000047683716 -0.6200000047683716 -0.6299999952316284 -0.6499999761581421 -0.6299999952316284 0 -0.6100000143051147 0 -0.6100000143051147 -0.6100000143051147 -0.6000000238418579 -0.6200000047683716 -0.690000057220459 -0.5900000333786011 -0.690000057220459 -0.690000057220459 -0.690000057220459 -0.690000057220459 -0.7100000381469727 -0.6100000143051147 -0.029999971389770508 -0.5499999523162842 -0.6699999570846558
-0.9299999475479126 -0.7799999713897705 -1.6600000858306885 -1.9600000381469727 -1.9600000381469727 -1.7400000095367432 -1.590000033378601 -1.590000033378601 -1.590000033378601 -1.590000033378601 -1.7400000095367432 -1.7400000095367432 -1.1200000047683716 -1.6700000166893005 -1.090000033378601 -1.2599999904632568 -0.8100000619888306 -0.7699999809265137 -0.7699999809265137 -0.7699999809265137 -0.019999980926513672 -0.7100000381469727 -0.5400000810623169 -0.7400000095367432 -0.48000001907348633 -0.6100000143051147 -0.6100000143051147 -0.5400000810623169 -0.6500000953674316 -0.5400000810623169 -0.6800000667572021 -0.029999971389770508 -0.6200000047683716 -0.6399999856948853 -0.6399999856948853 -0.6200000047683716 -0.6499999761581421 -0.7300000190734863 -0.690000057220459 -0.7300000190734863 -0.5900000333786011 -0.7200000286102295 -0.7200000286102295 -0.6499999761581421 -0.6399999856948853 -0.029999971389770508 -0.6200000047683716 -0.5900000333786011
-0.7300000190734863 -0.7699999809265137 -1.75 -1.75 -1.840000033378601 -1.75 -1.7699999809265137 -1.7699999809265137 -1.6500000953674316 -2.0600000619888306 -1.8899999856948853 -1.8899999856948853 -1.9000000357627869 -0.9021999835968018 -0.9700000286102295 -0.8799999952316284 -0.8600000143051147 -0.7300000190734863 -0.8200000524520874 -0.8200000524520874 -0.690000057220459 0 -0.7200000286102295 -0.7200000286102295 -0.9000000953674316 0 0 -0.690000057220459 -0.5400000810623169 -0.6100000143051147 -0.6299999952316284 -0.4500000476837158 -0.4700000286102295 -0.6499999761581421 -0.6499999761581421 -0.6499999761581421 -0.6699999570846558 -0.6699999570846558 -0.7400000095367432 -0.6100000143051147 -0.7000000476837158 -0.7000000476837158 -0.5499999523162842 -0.6800000667572021 -0.7599999904632568 -0.7300000190734863 -0.48000001907348633 -0.6299999952316284
-0.6799999475479126 -0.4200000762939453 -1.4500000476837158 -1.4500000476837158 -1.6800000667572021 -1.6399999856948853 -1.75 -1.6800000667572021 -1.590000033378601 -2.430000066757202 -2.7200000286102295 -2.7200000286102295 -0.6100000143051147 -0.8600000143051147 -0.6399999856948853 -0.9099999666213989 -0.7400000095367432 -0.75 -0.6700000762939453 -0.6700000762939453 -0.6200000047683716 -0.6100000143051147 0 0 0 0 0 -0.10000014305114746 -0.7200000286102295 -0.6200000047683716 -0.6499999761581421 -0.38000011444091797 -0.5700000524520874 -0.7300000190734863 -0.7300000190734863 -0.6200000047683716 -0.8200000524520874 -0.6800000667572021 -0.7000000476837158 -0.6000000238418579 -0.7400000095367432 -0.7400000095367432 -0.5900000333786011 -0.6200000047683716 -0.029999971389770508 -0.7200000286102295 -0.6499999761581421 -0.7000000476837158
-0.7099999189376831 -0.6499999761581421 -1.5800000429153442 -1.5800000429153442 -1.6200000047683716 -1.7100000381469727 -1.9600000381469727 -1.590000033378601 -1.8100000619888306 -2.1200000047683716 -2.259999990463257 -2.259999990463257 -0.8600000143051147 -0.6399999856948853 -0.7699999809265137 -0.7400000095367432 -0.6800000667572021 -0.7100000381469727 -0.6200000047683716 -0.6200000047683716 -0.690000057220459 -0.6200000047683716 -0.690000057220459 -0.7599999904632568 -0.690000057220459 -0.6299999952316284 -0.6299999952316284 -0.7699999809265137 -0.5400000810623169 -0.7699999809265137 -0.029999971389770508 -0.029999971389770508 -0.7699999809265137 -0.7999999523162842 -0.7999999523162842 -0.75 -0.7599999904632568 -0.7699999809265137 -0.690000057220459 -0.690000057220459 -0.6299999952316284 -0.6299999952316284 -0.6599999666213989 -0.5900000333786011 -0.6499999761581421 -0.7000000476837158 -0.6499999761581421 -0.5399999618530273
-0.559999942779541 -0.6699999570846558 -1.5199999809265137 -1.5199999809265137 -1.5600000619888306 -1.590000033378601 -1.590000033378601 -2.180000066757202 -2.1299999952316284 -2.4199999570846558 -1.9100000858306885 -1.9100000858306885 -0.7300000190734863 -0.7200000286102295 -0.6800000667572021 -0.7599999904632568 -0.7799999713897705 -0.6299999952316284 -0.6299999952316284 -0.7100000381469727 -0.5700000524520874 -0.7100000381469727 0 -0.75 -0.6000000238418579 -0.6600000858306885 -0.6600000858306885 -0.6000000238418579 -0.6500000953674316 -0.6200000047683716 -0.43000006675720215 -0.6000000238418579 -0.7200000286102295 -0.7000000476837158 -0.7000000476837158 -0.690000057220459 -0.690000057220459 -0.7799999713897705 -0.6699999570846558 -0.029999971389770508 -0.029999971389770508 -0.029999971389770508 -0.029999971389770508 -0.029999971389770508 -0.6599999666213989 -0.6100000143051147 -0.6699999570846558 -0.6299999952316284
-0.6899999380111694 -0.5499999523162842 -1.6800000667572021 -1.6800000667572021 -1.5500000715255737 -1.9700000286102295 -1.7300000190734863 -2.2200000286102295 -2.3600000143051147 -2.040000081062317 -1.5600000619888306 -1.5600000619888306 -0.7000000476837158 -0.6299999952316284 -0.7899999618530273 -0.6000000238418579 -0.7300000190734863 -0.7000000476837158 -0.7000000476837158 -0.6100000143051147 -0.25 -0.6000000238418579 -0.6100000143051147 -0.6500000953674316 -0.6100000143051147 -0.6399999856948853 -0.6399999856948853 -0.6600000858306885 0 -0.5300000905990601 -0.029999971389770508 -0.6399999856948853 -0.6200000047683716 -0.7699999809265137 -0.7699999809265137 -0.029999971389770508 -0.6200000047683716 -0.6699999570846558 -0.690000057220459 -0.7000000476837158 -0.6299999952316284 -0.6299999952316284 -0.5600000619888306 -0.029999971389770508 -0.6499999761581421 -0.029999971389770508 -0.029999971389770508 -0.25
-0.07999992370605469 -0.5099999904632568 -0.5700000524520874 -0.5700000524520874 -0.5199999809265137 -1.100000023841858 -0.5800000429153442 -0.5600000619888306 -1.03000009059906 -1.2100000381469727 -0.6200000047683716 -0.6200000047683716 -0.19000005722045898 -0.6700000762939453 -0.5700000524520874 -0.690000057220459 -0.7300000190734863 -0.5600000619888306 -0.5600000619888306 -0.6200000047683716 -0.5300000905990601 -0.7200000286102295 -0.7400000095367432 -0.6699999570846558 -0.5900000333786011 -0.6299999952316284 -0.6299999952316284 -0.5 -0.6599999666213989 -0.039999961853027344 -0.1400001049041748 -0.5900000333786011 -0.5800000429153442 -0.6399999856948853 -0.6399999856948853 -0.5199999809265137 -0.6399999856948853 -0.6599999666213989 -0.6499999761581421 -0.6200000047683716 -0.6499999761581421 -0.6499999761581421 -0.019999980926513672 -0.019999980926513672 -0.6499999761581421 -0.690000057220459 -0.6399999856948853 -0.6800000667572021
-0.04999995231628418 -0.5900000333786011 -0.5199999809265137 -0.5199999809265137 -0.6499999761581421 -1.1800000667572021 -1.340000033378601 -1.3000000715255737 -0.8799999952316284 -0.75 -0.5900000333786011 -0.5900000333786011 -0.5900000333786011 -0.5900000333786011 -0.5900000333786011 -0.8400000333786011 -0.7100000381469727 -0.6299999952316284 -0.6299999952316284 -0.7000000476837158 -0.5300000905990601 -0.5900000333786011 -0.039999961853027344 -0.6499999761581421 -0.6000000238418579 -0.6200000047683716 -0.6200000047683716 -0.6399999856948853 -0.5700000524520874 -0.039999961853027344 -0.6100000143051147 -0.6100000143051147 -0.5499999523162842 -0.5499999523162842 -0.690000057220459 -0.6399999856948853 -0.6200000047683716 -0.6299999952316284 -0.5600000619888306 -0.6200000047683716 -0.6599999666213989 -0.6599999666213989 -0.6299999952316284 -0.7300000190734863 -0.5 -0.6100000143051147 -0.6200000047683716 -0.6399999856948853
-0.690000057220459 -0.6599999666213989 -0.6800000667572021 -0.6800000667572021 -1.2599999904632568 -1.1399999856948853 -1.100000023841858 -0.7900000810623169 -0.8500000238418579 -0.8000000715255737 -0.7900000810623169 -0.7900000810623169 -0.7200000286102295 -0.7800000905990601 -0.7200000286102295 -0.7300000190734863 -0.690000057220459 -0.7200000286102295 -0.7200000286102295 -0.6700000762939453 -0.7599999904632568 -0.039999961853027344 -0.4100000858306885 -0.559999942779541 -0.48000001907348633 -0.5900000333786011 -0.5900000333786011 -0.4100000858306885 -0.6499999761581421 -0.039999961853027344 -0.28999996185302734 -0.46000003814697266 -0.6399999856948853 -0.6399999856948853 -0.6000000238418579 -0.6000000238418579 -0.5900000333786011 -0.6499999761581421 -0.6000000238418579 -0.4700000286102295 -0.6200000047683716 -0.6200000047683716 -0.7000000476837158 -0.6599999666213989 -0.6100000143051147 -0.5900000333786011 -0.5800000429153442 -0.6299999952316284
0 -0.5800000429153442 0 0 -0.7099999189376831 -1.0499999523162842 -0.3999999761581421 -0.8799999952316284 -0.5900000333786011 -0.6600000858306885 -0.7000000476837158 -0.7000000476837158 -0.7699999809265137 -0.5199999809265137 -0.690000057220459 -0.6600000858306885 -0.7000000476837158 -0.6500000953674316 -0.6500000953674316 -0.5700000524520874 -0.7100000381469727 -0.6100000143051147 -0.6100000143051147 -0.6000000238418579 -0.5700000524520874 -0.5499999523162842 -0.5499999523162842 -0.559999942779541 -0.039999961853027344 -0.039999961853027344 -0.6200000047683716 -0.4500000476837158 -0.6499999761581421 -0.6499999761581421 -0.5800000429153442 -0.6000000238418579 -0.5900000333786011 -0.6499999761581421 -0.6000000238418579 -0.5299999713897705 -0.5700000524520874 -0.5700000524520874 -0.019999980926513672 -0.6499999761581421 -0.6100000143051147 -0.6000000238418579 -0.6499999761581421 -0.690000057220459
-0.5200001001358032 -1.1600000858306885 -0.6299999952316284 -0.6299999952316284 -0.5299999713897705 -0.8999999761581421 -0.029999971389770508 -0.7900000810623169 -0.7900000810623169 -0.6700000762939453 -0.6700000762939453 -0.7900000810623169 -0.7800000905990601 -0.7100000381469727 -0.690000057220459 -0.8200000524520874 -0.690000057220459 0 0 -0.5099999904632568 -0.6299999952316284 -0.5800000429153442 -0.6699999570846558 -0.559999942779541 -0.6000000238418579 -0.5399999618530273 -0.5399999618530273 -0.36999988555908203 -0.039999961853027344 -0.6100000143051147 -0.5299999713897705 -0.6299999952316284 -0.6000000238418579 -0.6000000238418579 -0.5800000429153442 -0.5700000524520874 -0.6200000047683716 -0.6399999856948853 -0.6800000667572021 -0.6599999666213989 -0.6100000143051147 -0.6100000143051147 -0.019999980926513672 -0.8000000715255737 -0.4200000762939453 -0.690000057220459 -0.6700000762939453 -0.6599999666213989
-0.880000114440918 -1.1500000953674316 -1.3799999952316284 -1.3799999952316284 -0.029999971389770508 -0.309999942779541 -0.07999992370605469 -0.5900000333786011 -0.5900000333786011 -0.5900000333786011 -0.5900000333786011 -0.6299999952316284 -0.5900000333786011 -0.8100000619888306 -0.7800000905990601 -0.75 -0.6399999856948853 -0.5199999809265137 -0.5199999809265137 -0.6299999952316284 -0.6100000143051147 -0.5800000429153442 -0.6000000238418579 -0.559999942779541 -0.6499999761581421 -0.5399999618530273 -0.5399999618530273 -0.21000003814697266 -0.039999961853027344 -0.6299999952316284 -0.4500000476837158 -0.6399999856948853 -0.5600000619888306 -0.5600000619888306 -0.5900000333786011 -0.6200000047683716 -0.5600000619888306 -0.6299999952316284 -0.5 -0.6000000238418579 -0.46000003814697266 -0.46000003814697266 -0.5299999713897705 -0.059999942779541016 -0.7100000381469727 -0.6200000047683716 -0.6399999856948853 -0.6699999570846558
-0.6200000047683716 -0.6499999761581421 0 0 0 -0.059999942779541016 -0.6599999666213989 -1.3600000143051147 -0.8100000619888306 -0.8300000429153442 -0.8300000429153442 -0.8100000619888306 -0.7699999809265137 0 -0.6800000667572021 -0.6500000953674316 -0.7000000476837158 -0.6700000762939453 -0.6700000762939453 -0.6500000953674316 -0.6299999952316284 -0.6299999952316284 -0.6500000953674316 -0.5300000905990601 -0.6100000143051147 -0.6000000238418579 -0.6000000238418579 -0.029999971389770508 -1.0600000619888306 -0.5800000429153442 -0.5600000619888306 -0.5299999713897705 -0.5299999713897705 -0.5299999713897705 -0.5399999618530273 -0.6200000047683716 -0.5900000333786011 -0.7699999809265137 -0.5500000715255737 -0.6299999952316284 -0.6999999284744263 -0.6999999284744263 -0.26999998092651367 -0.5 -0.6899999380111694 -0.6000000238418579 -0.6299999952316284 -0.6599999666213989
-1.4300000071525574 -0.690000057220459 -0.9199999570846558 -0.9199999570846558 -1.0199999809265137 -0.5800000429153442 -0.49000000953674316 -0.7000000476837158 -0.8300000429153442 -0.75 -0.75 -0.7899999618530273 -0.75 -0.7200000286102295 -0.8200000524520874 0 -0.9300000667572021 -0.7000000476837158 -0.7000000476837158 -0.5199999809265137 -0.5700000524520874 -0.6100000143051147 -0.6000000238418579 -0.5199999809265137 -0.6700000762939453 -0.6700000762939453 -0.5099999904632568 -0.6399999856948853 -0.5600000619888306 -0.5499999523162842 -0.5600000619888306 -0.6000000238418579 -0.6000000238418579 -0.6000000238418579 -0.6399999856948853 -0.6299999952316284 -0.5399999618530273 -0.5099999904632568 -0.6200000047683716 -0.7100000381469727 -0.7100000381469727 -0.7100000381469727 -0.11999988555908203 -0.7300000190734863 -0.6499999761581421 -0.7200000286102295 -0.6799999475479126 -0.6599999666213989
-0.4100000858306885 -0.020000100135803223 -0.6299999952316284 -0.6299999952316284 -0.8500000238418579 -0.8300000429153442 -0.8200000524520874 -0.7899999618530273 -0.8799999952316284 -0.7599999904632568 -0.7599999904632568 -0.7699999809265137 -0.75 -0.690000057220459 -0.6500000953674316 -0.7000000476837158 -0.7699999809265137 -0.7300000190734863 -0.7300000190734863 -0.6499999761581421 -0.059999942779541016 -0.6600000858306885 -0.7599999904632568 -0.690000057220459 -0.7000000476837158 -0.7000000476837158 -0.7200000286102295 -0.029999971389770508 -0.6100000143051147 -0.6299999952316284 -0.7699999809265137 -0.6800000667572021 -0.6399999856948853 -0.6399999856948853 -0.019999980926513672 -0.690000057220459 -0.6800000667572021 -0.6499999761581421 -0.6100000143051147 -0.5499999523162842 -0.059999942779541016 -0.059999942779541016 -0.6899999380111694 -0.6599999666213989 -0.6799999475479126 -0.7100000381469727 -0.6699999570846558 -0.7300000190734863
-0.7200000286102295 -0.24000000953674316 -0.24000000953674316 -1.1100000143051147 -0.8899999856948853 -0.9000000953674316 -0.9900000095367432 -0.8500000238418579 -0.8500000238418579 -0.940000057220459 -0.940000057220459 -0.8300000429153442 -0.5199999809265137 0 -0.09000015258789062 -0.6200000047683716 -0.7699999809265137 -0.6899999380111694 -0.6899999380111694 -0.6399999856948853 -0.7699999809265137 -0.6500000953674316 -0.75 -0.6299999952316284 -0.5300000905990601 -0.5300000905990601 -0.6299999952316284 -0.029999971389770508 -0.7200000286102295 -0.7200000286102295 -0.7699999809265137 -0.5099999904632568 -0.6700000762939453 -0.6700000762939453 -0.7000000476837158 -0.7799999713897705 -0.7599999904632568 -0.6100000143051147 -0.6499999761581421 -0.7599999904632568 -0.7899999618530273 -0.7899999618530273 -0.5099999904632568 -0.4700000286102295 -0.6599999666213989 -0.6899999380111694 -0.6799999475479126 -0.5499999523162842
-0.5200001001358032 -0.12999999523162842 -0.12999999523162842 -0.41999995708465576 -0.18999993801116943 -0.20000004768371582 -0.5099999904632568 -0.9300000667572021 -0.9300000667572021 -0.9200000762939453 -0.9200000762939453 -0.8600000143051147 -0.8000000715255737 -0.8200000524520874 -0.7400000095367432 -0.7100000381469727 -0.8199999332427979 -0.8999999761581421 -0.8999999761581421 -0.75 -0.8600000143051147 -0.8799999952316284 -0.8400000333786011 -0.6700000762939453 -0.75 -0.75 -0.8300000429153442 -0.5299999713897705 -0.5499999523162842 -0.75 -0.7300000190734863 -0.7799999713897705 -0.7100000381469727 -0.7100000381469727 -0.5199999809265137 -0.6200000047683716 -0.7200000286102295 -0.6499999761581421 -0.690000057220459 -0.6399999856948853 -0.6399999856948853 -0.7200000286102295 -0.6499999761581421 -0.6999999284744263 -0.7100000381469727 -0.3899998664855957 -0.059999942779541016 -0.059999942779541016
-0.5200001001358032 -0.8500000238418579 -0.8500000238418579 -0.23000001907348633 -0.24000000953674316 -0.26999998092651367 -0.21999990940093994 -0.1799999475479126 -0.1499999761581421 -0.21000003814697266 -0.21000003814697266 -0.1400001049041748 -0.28999996185302734 -0.25999999046325684 -0.19000005722045898 -0.11000001430511475 -0.18999993801116943 -0.23000001907348633 -0.23000001907348633 -0.36000001430511475 -0.16000008583068848 -0.25 -0.23000001907348633 -0.5400000810623169 -0.48000001907348633 -0.48000001907348633 -0.7599999904632568 -0.75 -0.24000000953674316 -0.2799999713897705 -0.5400000810623169 -0.6299999952316284 -0.6299999952316284 -0.6299999952316284 -0.7200000286102295 -0.7599999904632568 -0.6799999475479126 -0.7000000476837158 -0.4100000858306885 -0.039999961853027344 -0.039999961853027344 -0.7200000286102295 -0.7599999904632568 -0.7400000095367432 -0.7200000286102295 -0.7200000286102295 -0.6100000143051147 -0.7000000476837158
-0.8500000238418579 -0.8500000238418579 -0.8500000238418579 -0.4700000286102295 -0.03000009059906006 -0.12000000476837158 -0.12000000476837158 -0.10000002384185791 -0.10000002384185791 -0.13000011444091797 -0.13000011444091797 -0.13000011444091797 -0.23000001907348633 -0.23000001907348633 -0.3200000524520874 -0.49000000953674316 -0.3999999761581421 -0.3999999761581421 -0.3700000047683716 -0.24000000953674316 -0.28000009059906006 -0.3900001049041748 -0.3200000524520874 -0.46000003814697266 -0.3200000524520874 -0.3200000524520874 -0.039999961853027344 -0.7599999904632568 -0.21999990940093994 -0.24000000953674316 -0.6399999856948853 -0.7100000381469727 -0.7200000286102295 -0.7200000286102295 -0.6800000667572021 -0.6699999570846558 -0.6699999570846558 -0.6000000238418579 -0.8899999856948853 -0.7599999904632568 -0.7599999904632568 -0.7400000095367432 -0.6799999475479126 -0.7000000476837158 -0.690000057220459 -0.7000000476837158 -0.7000000476837158 -0.75
