SimulationData/Scenarios/Waterwolf/Flooding/Uitdammerdijk/1140.asc
ncols        561
nrows        278
xllcorner    4.817258165162
yllcorner    52.370746892638
cellsize     0.000511251697
NODATA_value  -9999
[rows 180 to 209 of 278, columns 201 to 267 of 561]
0 0 0 0 0.1061398983001709 0.1061398983001709 0.1061398983001709 0.1061398983001709 0.1061398983001709 0.1061398983001709 0.1061398983001709 0.1061398983001709 0.1061398983001709 0.6377090215682983 0.6377090215682983 0.6377090215682983 0.6377090215682983 0.6377090215682983 0.6377090215682983 0.6377090215682983 0.6377090215682983 0.6377090215682983 0.6730633974075317 0.6730633974075317 0.6730633974075317 0.6730633974075317 0.6730633974075317 0.6730633974075317 0.6730633974075317 0.6730633974075317 0.6730633974075317 0.653443455696106 0.653443455696106 0.653443455696106 0.653443455696106 0.653443455696106 0.653443455696106 0.653443455696106 0.653443455696106 0.653443455696106 0.653443455696106 0.5936799049377441 0.5936799049377441 0.5936799049377441 0.5936799049377441 0.592323899269104 0.592323899269104 0.592323899269104 0.592323899269104 0.592323899269104 0.16445660591125488 0.16445660591125488 0.8892613649368286 0.8892613649368286 0.8087297677993774 0.8087297677993774 0.8087297677993774 0.8087297677993774 0.8087297677993774 0.7552059888839722 0.7552059888839722 2.8850529193878174 2.8850529193878174 2.8850529193878174 1.611382007598877 1.611382007598877 1.3983821868896484
0 0 0 0 0.1061398983001709 0.1061398983001709 0.1061398983001709 0.1061398983001709 0.1061398983001709 0.1061398983001709 0.1061398983001709 0.1061398983001709 0.1061398983001709 0.6377090215682983 0.6377090215682983 0.6377090215682983 0.6377090215682983 0.6377090215682983 0.6377090215682983 0.6377090215682983 0.6377090215682983 0.6377090215682983 0.6730633974075317 0.6730633974075317 0.6730633974075317 0.6730633974075317 0.6730633974075317 0.6730633974075317 0.6730633974075317 0.6730633974075317 0.6730633974075317 0.653443455696106 0.653443455696106 0.653443455696106 0.653443455696106 0.653443455696106 0.653443455696106 0.653443455696106 0.653443455696106 0.653443455696106 0.653443455696106 0.5936799049377441 0.5936799049377441 0.5936799049377441 0.5936799049377441 0.592323899269104 0.592323899269104 0.592323899269104 0.592323899269104 0.592323899269104 0.16445660591125488 0.16445660591125488 0.8892613649368286 0.8892613649368286 0.8087297677993774 0.8087297677993774 0.8087297677993774 0.8087297677993774 0.8087297677993774 0.7552059888839722 0.7552059888839722 2.8850529193878174 2.8850529193878174 2.8850529193878174 1.611382007598877 1.611382007598877 1.3983821868896484
0 0 0 0 0.040334224700927734 0.040334224700927734 0.040334224700927734 0.040334224700927734 0.040334224700927734 0.040334224700927734 0.040334224700927734 0.040334224700927734 0.040334224700927734 0.6202294826507568 0.6202294826507568 0.6202294826507568 0.6202294826507568 0.6202294826507568 0.6202294826507568 0.6202294826507568 0.6202294826507568 0.6202294826507568 0.6097514629364014 0.6097514629364014 0.6097514629364014 0.6097514629364014 0.6097514629364014 0.6097514629364014 0.6097514629364014 0.6097514629364014 0.6097514629364014 0.6443897485733032 0.6443897485733032 0.6443897485733032 0.6443897485733032 0.6443897485733032 0.6443897485733032 0.6443897485733032 0.6443897485733032 0.6443897485733032 0.6443897485733032 0.6825478076934814 0.6825478076934814 0.6825478076934814 0.6825478076934814 0.6521543264389038 0.6521543264389038 0.6521543264389038 0.6521543264389038 0.6521543264389038 0.16430068016052246 0.16430068016052246 0.9497696161270142 0.9497696161270142 1.0397772789001465 1.0397772789001465 1.0397772789001465 1.0397772789001465 1.0397772789001465 1.0186513662338257 1.0186513662338257 1.0186513662338257 1.0186513662338257 1.0186513662338257 2.741099715232849 2.741099715232849 1.5938777923583984
0 0 0 0 0.040334224700927734 0.040334224700927734 0.040334224700927734 0.040334224700927734 0.040334224700927734 0.040334224700927734 0.040334224700927734 0.040334224700927734 0.040334224700927734 0.6202294826507568 0.6202294826507568 0.6202294826507568 0.6202294826507568 0.6202294826507568 0.6202294826507568 0.6202294826507568 0.6202294826507568 0.6202294826507568 0.6097514629364014 0.6097514629364014 0.6097514629364014 0.6097514629364014 0.6097514629364014 0.6097514629364014 0.6097514629364014 0.6097514629364014 0.6097514629364014 0.6443897485733032 0.6443897485733032 0.6443897485733032 0.6443897485733032 0.6443897485733032 0.6443897485733032 0.6443897485733032 0.6443897485733032 0.6443897485733032 0.6443897485733032 0.6825478076934814 0.6825478076934814 0.6825478076934814 0.6825478076934814 0.6521543264389038 0.6521543264389038 0.6521543264389038 0.6521543264389038 0.6521543264389038 0.526776909828186 0.526776909828186 0.6550465822219849 0.6550465822219849 1.0397772789001465 1.0397772789001465 1.0397772789001465 1.0397772789001465 1.0397772789001465 1.0186513662338257 1.0186513662338257 1.0186513662338257 1.0186513662338257 1.0186513662338257 1.012966275215149 1.012966275215149 0.43930482864379883
0 0 0 0 0.040334224700927734 0.040334224700927734 0.040334224700927734 0.040334224700927734 0.040334224700927734 0.040334224700927734 0.040334224700927734 0.040334224700927734 0.040334224700927734 0.6202294826507568 0.6202294826507568 0.6202294826507568 0.6202294826507568 0.6202294826507568 0.6202294826507568 0.6202294826507568 0.6202294826507568 0.6202294826507568 0.6097514629364014 0.6097514629364014 0.6097514629364014 0.6097514629364014 0.6097514629364014 0.6097514629364014 0.6097514629364014 0.6097514629364014 0.6097514629364014 0.6443897485733032 0.6443897485733032 0.6443897485733032 0.6443897485733032 0.6443897485733032 0.6443897485733032 0.6443897485733032 0.6443897485733032 0.6443897485733032 0.6443897485733032 0.6825478076934814 0.6825478076934814 0.6825478076934814 0.6825478076934814 0.6521543264389038 0.6521543264389038 0 0 0 0.3188178539276123 0.3188178539276123 0.7786153554916382 0.7786153554916382 1.0479471683502197 1.0479471683502197 1.0479471683502197 1.0479471683502197 1.0479471683502197 1.0436348915100098 1.0436348915100098 1.0436348915100098 1.0436348915100098 1.0436348915100098 1.048732042312622 1.048732042312622 1.048732042312622
0 0 0 0 0.040334224700927734 0.040334224700927734 0.040334224700927734 0.040334224700927734 0.040334224700927734 0.040334224700927734 0.040334224700927734 0.040334224700927734 0.040334224700927734 0.6202294826507568 0.6202294826507568 0.6202294826507568 0.6202294826507568 0.6202294826507568 0.6202294826507568 0.6202294826507568 0.6202294826507568 0.6202294826507568 0.6097514629364014 0.6097514629364014 0.6097514629364014 0.6097514629364014 0.6097514629364014 0.6097514629364014 0.6097514629364014 0.6097514629364014 0.6097514629364014 0.6443897485733032 0.6443897485733032 0.6443897485733032 0.6443897485733032 0.6443897485733032 0.6443897485733032 0.6443897485733032 0.6443897485733032 0.6443897485733032 0.6443897485733032 0.6103564500808716 0.6103564500808716 0.6103564500808716 0.6103564500808716 0.592109203338623 0.592109203338623 0 0 0 0.3188178539276123 0.3188178539276123 0.7786153554916382 0.7786153554916382 1.0479471683502197 1.0479471683502197 1.0479471683502197 1.0479471683502197 1.0479471683502197 1.0436348915100098 1.0436348915100098 1.0436348915100098 1.0436348915100098 1.0436348915100098 1.048732042312622 1.048732042312622 1.048732042312622
0 0 0 0 0.040334224700927734 0.040334224700927734 0.040334224700927734 0.040334224700927734 0.040334224700927734 0.040334224700927734 0.040334224700927734 0.040334224700927734 0.040334224700927734 0.6202294826507568 0.6202294826507568 0.6202294826507568 0.6202294826507568 0.6202294826507568 0.6202294826507568 0.6202294826507568 0.6202294826507568 0.6202294826507568 0.6097514629364014 0.6097514629364014 0.6097514629364014 0.6097514629364014 0.6097514629364014 0.6097514629364014 0.6097514629364014 0.6097514629364014 0.6097514629364014 0.6443897485733032 0.6443897485733032 0.6443897485733032 0.6443897485733032 0.6443897485733032 0.6443897485733032 0.6443897485733032 0.6443897485733032 0.6443897485733032 0.6443897485733032 0.6103564500808716 0.6103564500808716 0.6103564500808716 0.6103564500808716 0.592090368270874 0.592090368270874 0 0 0 0.3403494358062744 0.3403494358062744 0.850399374961853 0.850399374961853 1.0479471683502197 1.0479471683502197 1.0479471683502197 1.0479471683502197 1.0479471683502197 1.0436348915100098 1.0436348915100098 1.0436348915100098 1.0436348915100098 1.0436348915100098 1.048732042312622 1.048732042312622 1.048732042312622
0 0 0 0 0 0 0 0 0.6030664443969727 0.6030664443969727 0.6030664443969727 0.6030664443969727 0.6030664443969727 0.6033284664154053 0.6033284664154053 0.6033284664154053 0.6033284664154053 0.6033284664154053 0.6033284664154053 0.6033284664154053 0.6033284664154053 0.6033284664154053 0.6265770196914673 0.6265770196914673 0.6265770196914673 0.6265770196914673 0.6265770196914673 0.6265770196914673 0.6265770196914673 0.6265770196914673 0.6265770196914673 0.6716669797897339 0.6716669797897339 0.6716669797897339 0.6716669797897339 0.6716669797897339 0.71221923828125 0.71221923828125 0.71221923828125 0.71221923828125 0.71221923828125 0.6821941137313843 0.6821941137313843 0.6821941137313843 0.6821941137313843 0 0 0 0 0 1.0344563722610474 1.0344563722610474 1.0344563722610474 1.0344563722610474 1.055085301399231 1.055085301399231 1.055085301399231 1.055085301399231 1.055085301399231 1.0588749647140503 1.0588749647140503 1.0588749647140503 1.0588749647140503 1.0588749647140503 1.0588749647140503 1.0588749647140503 1.0588749647140503
0 0 0 0 0 0 0 0 0.6030664443969727 0.6030664443969727 0.6030664443969727 0.6030664443969727 0.6030664443969727 0.6033284664154053 0.6033284664154053 0.6033284664154053 0.6033284664154053 0.6033284664154053 0.6033284664154053 0.6033284664154053 0.6033284664154053 0.6033284664154053 0.6265770196914673 0.6265770196914673 0.6265770196914673 0.6265770196914673 0.6265770196914673 0.6265770196914673 0.6265770196914673 0.6265770196914673 0.6265770196914673 0.6716669797897339 0.6716669797897339 0.6716669797897339 0.6716669797897339 0.6716669797897339 0.71221923828125 0.71221923828125 0.71221923828125 0.71221923828125 0.71221923828125 0.6821941137313843 0.6821941137313843 0.6821941137313843 0.6821941137313843 0 0 0 0 0 1.0344563722610474 1.0344563722610474 1.0344563722610474 1.0344563722610474 1.055085301399231 1.055085301399231 1.055085301399231 1.055085301399231 1.055085301399231 1.0588749647140503 1.0588749647140503 1.0588749647140503 1.0588749647140503 1.0588749647140503 1.0588749647140503 1.0588749647140503 1.0588749647140503
0 0 0 0 0 0 0 0 0.6030664443969727 0.6030664443969727 0.6030664443969727 0.6030664443969727 0.6030664443969727 0.6033284664154053 0.6033284664154053 0.6033284664154053 0.6033284664154053 0.6033284664154053 0.6033284664154053 0.6033284664154053 0.6033284664154053 0.6033284664154053 0.6265770196914673 0.6265770196914673 0.6265770196914673 0.6265770196914673 0.6265770196914673 0.6265770196914673 0.6265770196914673 0.6265770196914673 0.6265770196914673 0.6716669797897339 0.6716669797897339 0.6716669797897339 0.6716669797897339 0.6716669797897339 0.71221923828125 0.71221923828125 0.71221923828125 0.71221923828125 0.71221923828125 0.6821941137313843 0.6821941137313843 0.6821941137313843 0.6821941137313843 0 0 0 0.48646652698516846 0.48646652698516846 1.0344563722610474 1.0344563722610474 1.0344563722610474 1.0344563722610474 1.055085301399231 1.055085301399231 1.055085301399231 1.055085301399231 1.055085301399231 1.0588749647140503 1.0588749647140503 1.0588749647140503 1.0588749647140503 1.0588749647140503 1.0588749647140503 1.0588749647140503 1.0588749647140503
0 0 0 0 0 0 0 0 0.09584403038024902 0.09584403038024902 0.09584403038024902 0.09584403038024902 0.09584403038024902 0.6033284664154053 0.6033284664154053 0.6033284664154053 0.6033284664154053 0.6033284664154053 0.6033284664154053 0.6033284664154053 0.6033284664154053 0.6033284664154053 0.6265770196914673 0.6265770196914673 0.6265770196914673 0.6265770196914673 0.6265770196914673 0.6265770196914673 0.6265770196914673 0.6265770196914673 0.6265770196914673 0.6581230163574219 0.6581230163574219 0.6581230163574219 0.6581230163574219 0.6581230163574219 0.7433121204376221 0.7433121204376221 0.7433121204376221 0.7433121204376221 0.7433121204376221 0.6928681135177612 0.6928681135177612 0.6914232969284058 0.6914232969284058 0 0 0 0.3266483545303345 0.3266483545303345 1.04977548122406 1.04977548122406 1.04977548122406 1.04977548122406 1.0597336292266846 1.0597336292266846 1.0597336292266846 1.0597336292266846 1.0597336292266846 1.0588749647140503 1.0588749647140503 1.0588749647140503 1.0588749647140503 1.0588749647140503 1.0588749647140503 1.0588749647140503 1.0588749647140503
0 0 0 0 0 0 0 0 0.09584403038024902 0.09584403038024902 0.09584403038024902 0.09584403038024902 0.09584403038024902 0.6033284664154053 0.6033284664154053 0.6033284664154053 0.6033284664154053 0.6033284664154053 0.6033284664154053 0.6033284664154053 0.6033284664154053 0.6033284664154053 0.6265770196914673 0.6265770196914673 0.6265770196914673 0.6265770196914673 0.6265770196914673 0.6265770196914673 0.6265770196914673 0.6265770196914673 0.6265770196914673 0.6581230163574219 0.6581230163574219 0.6581230163574219 0.6581230163574219 0.6581230163574219 0.7433121204376221 0.7433121204376221 0.7433121204376221 0.7433121204376221 0.7433121204376221 0.6928681135177612 0.6928681135177612 0.6914232969284058 0.6914232969284058 0 0 0 0.3266483545303345 0.3266483545303345 1.04977548122406 1.04977548122406 1.04977548122406 1.04977548122406 1.0597336292266846 1.0597336292266846 1.0597336292266846 1.0597336292266846 1.0597336292266846 1.0588749647140503 1.0588749647140503 1.0588749647140503 1.0588749647140503 1.0588749647140503 1.0588749647140503 1.0588749647140503 1.0588749647140503
0 0 0 0 0 0 0 0 0.09584403038024902 0.09584403038024902 0.09584403038024902 0.09584403038024902 0.09584403038024902 0.6033284664154053 0.6033284664154053 0.6033284664154053 0.6033284664154053 0.6033284664154053 0.6033284664154053 0.6033284664154053 0.6033284664154053 0.6033284664154053 0.6265770196914673 0.6265770196914673 0.6265770196914673 0.6265770196914673 0.6265770196914673 0.6265770196914673 0.6265770196914673 0.6265770196914673 0.6265770196914673 0.6581230163574219 0.6581230163574219 0.6581230163574219 0.6581230163574219 0.6581230163574219 0.7433121204376221 0.7433121204376221 0.7433121204376221 0.7433121204376221 0.7433121204376221 0.7061264514923096 0.7061264514923096 0.249686598777771 0.249686598777771 0.48650193214416504 0.48650193214416504 0.48650193214416504 0.3265475034713745 0.3265475034713745 1.04977548122406 1.04977548122406 1.04977548122406 1.04977548122406 1.0597336292266846 1.0597336292266846 1.0597336292266846 1.0597336292266846 1.0597336292266846 1.0588749647140503 1.0588749647140503 1.0588749647140503 1.0588749647140503 1.0588749647140503 1.0588749647140503 1.0588749647140503 1.0588749647140503
0 0 0 0 0 0 0 0 0 0 0 0.030177593231201172 0.030177593231201172 0.6060230731964111 0.6060230731964111 0.6060230731964111 0.6060230731964111 0.6060230731964111 0.6181923151016235 0.6181923151016235 0.6181923151016235 0.6181923151016235 0.6314578056335449 0.6314578056335449 0.6314578056335449 0.6314578056335449 0.6314578056335449 0.6445032358169556 0.6445032358169556 0.6445032358169556 0.6445032358169556 0.7049863338470459 0.7049863338470459 0.7049863338470459 0.7049863338470459 0.7049863338470459 0.808488130569458 0.808488130569458 0.8079818487167358 0.8079818487167358 0.8079818487167358 0.18457913398742676 0.18457913398742676 0.24375224113464355 0.24375224113464355 0.8156094551086426 0.8156094551086426 0.8156094551086426 0.8156094551086426 0.8156094551086426 1.0801767110824585 1.0801767110824585 1.0801767110824585 1.0801767110824585 1.0617960691452026 1.0617960691452026 1.0617960691452026 1.0617960691452026 1.0617960691452026 1.075010061264038 1.075010061264038 1.075010061264038 1.075010061264038 1.075010061264038 1.075010061264038 1.075010061264038 1.075010061264038
0 0 0 0 0 0 0 0 0 0 0 0 0 0.6060230731964111 0.6060230731964111 0.6060230731964111 0.6060230731964111 0.6060230731964111 0.6181923151016235 0.6181923151016235 0.6181923151016235 0.6181923151016235 0.6314578056335449 0.6314578056335449 0.6314578056335449 0.6314578056335449 0.6314578056335449 0.6445032358169556 0.6445032358169556 0.6445032358169556 0.6445032358169556 0.7049863338470459 0.7049863338470459 0.7049863338470459 0.7049863338470459 0.7049863338470459 3.353839874267578 3.353839874267578 3.3756017684936523 3.3756017684936523 3.3756017684936523 3.3708304166793823 3.3708304166793823 0.2809222936630249 0.2809222936630249 0.8156094551086426 0.8156094551086426 0.8156094551086426 0.8156094551086426 0.8156094551086426 1.0801767110824585 1.0801767110824585 1.0801767110824585 1.0801767110824585 1.0617960691452026 1.0617960691452026 1.0617960691452026 1.0617960691452026 1.0617960691452026 1.075010061264038 1.075010061264038 1.075010061264038 1.075010061264038 1.075010061264038 1.075010061264038 1.075010061264038 1.075010061264038
0 0 0 0 0 0 0 0 0 0 0 0 0 0.6060230731964111 0.6060230731964111 0.6060230731964111 0.6060230731964111 0.6060230731964111 0.6181923151016235 0.6181923151016235 0.6181923151016235 0.6181923151016235 0.6314578056335449 0.6314578056335449 0.6314578056335449 0.6314578056335449 0.6314578056335449 0.6445032358169556 0.6445032358169556 0.6445032358169556 0.6445032358169556 0.7049863338470459 0.7049863338470459 0.7049863338470459 0.7049863338470459 0.7049863338470459 3.353839874267578 3.353839874267578 3.3756017684936523 3.3756017684936523 3.3756017684936523 3.3708304166793823 3.3708304166793823 0.2809222936630249 0.2809222936630249 0.8156094551086426 0.8156094551086426 0.8156094551086426 0.8156094551086426 0.8156094551086426 1.0801767110824585 1.0801767110824585 1.0801767110824585 1.0801767110824585 1.0617960691452026 1.0617960691452026 1.0617960691452026 1.0617960691452026 1.0617960691452026 1.075010061264038 1.075010061264038 1.075010061264038 1.075010061264038 1.075010061264038 1.075010061264038 1.075010061264038 1.075010061264038
0 0 0 0 0 0 0 0 0 0 0 0 0 0 0 0 0 0 0.0011072158813476562 0.0011072158813476562 0 0 0.18072664737701416 0.18072664737701416 0.18072664737701416 0 0 0.3536628484725952 0.3536628484725952 0.35336554050445557 0.35336554050445557 2.923110604286194 2.923110604286194 2.923110604286194 0 0 0 0 0 0 0 0 0 0 0 0 0 0 0.5730264186859131 0.5730264186859131 1.0633251667022705 1.0633251667022705 1.0633251667022705 1.0633251667022705 1.064101219177246 1.064101219177246 1.064101219177246 1.064101219177246 1.064101219177246 1.075010061264038 1.075010061264038 1.075010061264038 1.075010061264038 1.075010061264038 1.075010061264038 1.075010061264038 1.075010061264038
0 0 0 0 0 0 0 0 0 0 0 0 0 0 0 0 0 0 0 0 0 0 0 0 0 0 0 0 0 0 0 0 0 0 0 0 0 0 0 0 0 0 0 0 0 0 0 0 1.0633131265640259 1.0633131265640259 1.0633251667022705 1.0633251667022705 1.0633251667022705 1.0633251667022705 1.064101219177246 1.064101219177246 1.064101219177246 1.064101219177246 1.064101219177246 1.075010061264038 1.075010061264038 1.075010061264038 1.075010061264038 1.075010061264038 1.075010061264038 1.075010061264038 1.075010061264038
0 0 0 0 0 0 0 0 0 0 0 0 0 0 0 0 0 0 0 0 0 0 0 0 0 0 0 0 0 0 0 0 0 0 0 0 0 0 0 0 0 0 0 0 0 0 0 0 1.0633131265640259 1.0633131265640259 1.0633251667022705 1.0633251667022705 1.0633251667022705 1.0633251667022705 1.0633251667022705 1.064101219177246 1.064101219177246 1.064101219177246 1.064101219177246 1.075010061264038 1.075010061264038 1.075010061264038 1.0668219327926636 1.0668219327926636 1.0681143999099731 1.0681143999099731 1.0681143999099731
0 0 0 0 0 0 0 0 0 0 0 0 0 0 0 0 0 0 0 0 0 0 0 0 0 0 0 0 0 0 0 0 0 0 0 0 0 0 0 0 0 0 0 0 0 0 0 0 2.0233973264694214 2.0233973264694214 1.0631904602050781 1.0631904602050781 1.0651679039001465 1.0651679039001465 1.0651679039001465 1.0660873651504517 1.0660873651504517 1.0660873651504517 1.0660873651504517 1.0668219327926636 1.0668219327926636 1.0668219327926636 1.0668219327926636 1.0668219327926636 1.0681143999099731 1.0681143999099731 1.0681143999099731
0 0 0 0 0 0 0 0 0 0 0 0 0 0 0 0 0 0 0 0 0 0 0 0 0 0 0 0 0 0 0 0 0 0 0 0 0 0 0 0 0 0 0 0 0 0 0 0 0 0 3.573093056678772 3.573093056678772 1.0660539865493774 1.0660539865493774 1.0660539865493774 1.0660873651504517 1.0660873651504517 1.0660873651504517 1.0660873651504517 1.0668219327926636 1.0668219327926636 1.0668219327926636 1.0668219327926636 1.0668219327926636 1.0681143999099731 1.0681143999099731 1.0681143999099731
0 0 0 0 0 0 0 0 0 0 0 0 0 0 0 0 0 0 0 0 0 0 0 0 0 0 0 0 0 0 0 0 0 0 0 0 0 0 0 0 0 0 0 0 0 0 0 0 0 0 0 0 3.5763189792633057 3.5763189792633057 3.5763189792633057 1.0665643215179443 1.0665643215179443 1.0670469999313354 1.0670469999313354 1.0677775144577026 1.0677775144577026 1.0677775144577026 1.0677775144577026 1.0677775144577026 1.069309115409851 1.069309115409851 1.069309115409851
0 0 0 0 0 0 0 0 0 0 0 0 0 0 0 0 0 0 0 0 0 0 0 0 0 0 0 0 0 0 0 0 0 0 0 0 0 0 0 0 0 0 0 0 0 0 0 0 0 0 0 0 3.5763189792633057 3.5763189792633057 3.5763189792633057 1.0665643215179443 1.0665643215179443 1.0670469999313354 1.0670469999313354 1.0677775144577026 1.0677775144577026 1.0677775144577026 1.0677775144577026 1.0677775144577026 1.069309115409851 1.069309115409851 1.069309115409851
0 0 0 0 0 0 0 0 0 0 0 0 0 0 0 0 0 0 0 0 0 0 0 0 0 0 0 0 0 0 0 0 0 0 0 0 0 0 0 0 0 0 0 0 0 0 0 0 0 0 0 0 0 0 0 3.5770972967147827 3.5770972967147827 1.0674251317977905 1.0674251317977905 1.0677775144577026 1.0677775144577026 1.0677775144577026 1.0677775144577026 1.0677775144577026 1.069309115409851 1.069309115409851 1.069309115409851
0 0 0 0 0 0 0 0 0 0 0 0 0 0 0 0 0 0 0 0 0 0 0 0 0 0 0 0 0 0 0 0 0 0 0 0 0 0 0 0 0 0 0 0 0 0 0 0 0 0 0 0 0 0 0 0 0 3.577755093574524 3.577755093574524 1.0679798126220703 1.0679798126220703 1.0682790279388428 1.0682790279388428 1.0682790279388428 1.0693914890289307 1.0693914890289307 1.0703705549240112
0 0 0 0 0 0 0 0 0 0 0 0 0 0 0 0 0 0 0 0 0 0 0 0 0 0 0 0 0 0 0 0 0 0 0 0 0 0 0 0 0 0 0 0 0 0 0 0 0 0 0 0 0 0 0 0 0 3.577755093574524 3.577755093574524 1.0679798126220703 1.0679798126220703 1.0682790279388428 1.0682790279388428 1.0682790279388428 1.0693914890289307 1.0693914890289307 1.0703705549240112
0 0 0 0 0 0 0 0 0 0 0 0 0 0 0 0 0 0 0 0 0 0 0 0 0 0 0 0 0 0 0 0 0 0 0 0 0 0 0 0 0 0 0 0 0 0 0 0 0 0 0 0 0 0 0 0 0 0 0 0 0 0 0 0 3.580003499984741 3.580003499984741 1.070656180381775
0 0 0 0 0 0 0 0 0 0 0 0 0 0 0 0 0 0 0 0 0 0 0 0 0 0 0 0 0 0 0 0 0 0 0 0 0 0 0 0 0 0 0 0 0 0 0 0 0 0 0 0 0 0 0 0 0 0 0 0 0 0 0 0 0 0 0
0 0 0 0 0 0 0 0 0 0 0 0 0 0 0 0 0 0 0 0 0 0 0 0 0 0 0 0 0 0 0 0 0 0 0 0 0 0 0 0 0 0 0 0 0 0 0 0 0 0 0 0 0 0 0 0 0 0 0 0 0 0 0 0 0 0 0
0 0 0 0 0 0 0 0 0 0 0 0 0 0 0 0 0 0 0 0 0 0 0 0 0 0 0 0 0 0 0 0 0 0 0 0 0 0 0 0 0 0 0 0 0 0 0 0 0 0 0 0 0 0 0 0 0 0 0 0 0 0 0 0 0 0 0
