SimulationData/Scenarios/Waterwolf/Flooding/Uitdammerdijk/120.asc
ncols        561
nrows        278
xllcorner    4.817258165162
yllcorner    52.370746892638
cellsize     0.000511251697
NODATA_value  -9999
[rows 198 to 219 of 278, columns 336 to 383 of 561]
-0.809999942779541 -0.6799999475479126 -0.7399998903274536 -0.8299999237060547 -0.8299999237060547 -0.39999985694885254 -0.6699998378753662 -0.6099998950958252 -0.1399998664855957 -0.6699999570846558 -0.6399998664855957 -0.5099998712539673 -0.5099998712539673 -0.6399998664855957 -0.1399998664855957 -0.5899999141693115 -0.559503436088562 -0.369503378868103 -0.019503355026245117 -0.019503355026245117 -0.5395033359527588 -0.6095033884048462 -0.6395033597946167 -0.6795034408569336 -1.0095033645629883 -1.1789722442626953 -0.6589722633361816 -0.6589722633361816 -0.6089723110198975 -0.5989723205566406 -0.05530273914337158 -0.3053027391433716 -0.42530274391174316 -0.3453027009963989 0.024109363555908203 0.024109363555908203 0.11410939693450928 0.08410930633544922 0.07410931587219238 0.12752795219421387 0.27752792835235596 0.09752798080444336 0.09752798080444336 0.2075279951095581 0.07531428337097168 0.1653141975402832 0.29532182216644287 0.0953218936920166
-0.9099998474121094 -0.869999885559082 -0.8599998950958252 -0.39999985694885254 -0.39999985694885254 -0.8299999237060547 -0.8399999141693115 -0.5999999046325684 -0.5899999141693115 -0.5699999332427979 -0.5899999141693115 -0.5899999141693115 -0.6399998664855957 -0.8599998950958252 -0.6499998569488525 -0.1399998664855957 -0.5695034265518188 -0.019503355026245117 -0.559503436088562 -0.559503436088562 -0.5395033359527588 -0.5895034074783325 -0.6695034503936768 -0.7995034456253052 -0.9095033407211304 -0.7389723062515259 -0.4189722537994385 -0.4189722537994385 -0.32897233963012695 -0.40897226333618164 -0.14530277252197266 -0.14530277252197266 -0.3653026819229126 -0.3353027105331421 -0.3353027105331421 -0.08589065074920654 0.15410935878753662 0.11410939693450928 0.014109373092651367 0.27752792835235596 0.08752799034118652 0.007527947425842285 0.007527947425842285 0.18752801418304443 0.2953141927719116 0.1653141975402832 0.29532182216644287 0.0953218936920166
-0.7999999523162842 -0.809999942779541 -0.9099998474121094 -0.619999885559082 -0.619999885559082 -0.8799998760223389 -0.8399999141693115 -0.5899999141693115 -0.5399999618530273 -0.5899999141693115 -0.5699999332427979 -0.5699999332427979 -0.1399998664855957 -0.1399998664855957 -0.6299998760223389 -0.6599998474121094 -0.6095033884048462 -0.019503355026245117 -0.5695034265518188 -0.5695034265518188 -0.6595033407211304 -0.27950334548950195 -0.8895033597946167 -0.779503345489502 -0.9595034122467041 -0.5589722394943237 -0.2989722490310669 -0.2989722490310669 -0.22897231578826904 -0.2789722681045532 0.03469729423522949 -0.1153026819229126 -0.19530272483825684 -0.2753027677536011 -0.2753027677536011 0.07410931587219238 -0.005890607833862305 0.08410930633544922 -0.0458906888961792 -0.08247196674346924 -0.12247204780578613 0.027527928352355957 0.027527928352355957 0.06752800941467285 0.0290529727935791 0.06905293464660645 0.054628729820251465 0.04462873935699463
-0.39999985694885254 -0.7299998998641968 -0.6099998950958252 -0.7999999523162842 -0.7999999523162842 -0.5799999237060547 -0.6599998474121094 -0.5399999618530273 -0.529999852180481 -0.1399998664855957 -0.6699999570846558 -0.6699999570846558 -0.6299998760223389 -0.5999999046325684 -0.1399998664855957 -0.5699999332427979 -0.40950334072113037 -0.5395033359527588 -0.019503355026245117 -0.019503355026245117 -0.27950334548950195 -0.9895033836364746 -1.2495033740997314 -1.0095033645629883 -0.8495033979415894 -0.538154125213623 -0.3981541395187378 -0.3981541395187378 -0.3981541395187378 -0.47815418243408203 -0.07584798336029053 -0.04584789276123047 -0.037239670753479004 -0.4172396659851074 -0.4172396659851074 0.07220828533172607 -0.017791748046875 -0.09748268127441406 -0.02748262882232666 -0.03883862495422363 -0.12883853912353516 -0.0012867450714111328 -0.0012867450714111328 0.03871333599090576 0.004515647888183594 0.20451557636260986 0.024515628814697266 0.23451554775238037
-0.5699999332427979 -0.6099998950958252 -0.9099998474121094 -0.5899999141693115 -0.5899999141693115 -0.7299998998641968 -0.6499998569488525 -0.2999999523162842 -0.5999999046325684 -0.6299998760223389 -0.5899999141693115 -0.5899999141693115 -0.39999985694885254 -0.37999987602233887 -0.1399998664855957 -0.5699999332427979 -0.46950340270996094 -0.5395033359527588 -1.1795034408569336 -1.1795034408569336 -0.7195034027099609 -0.2895033359527588 -0.779503345489502 -1.0895034074783325 -0.7895033359527588 -0.5081541538238525 -0.4481542110443115 -0.4481542110443115 -0.4481542110443115 -0.4681541919708252 -0.24234163761138916 -0.5123416185379028 -0.23700737953186035 -0.42700743675231934 -0.42700743675231934 -0.11231052875518799 -0.6152338981628418 1.3843863010406494 -0.07294607162475586 -0.03277301788330078 -0.06277298927307129 -0.22430860996246338 -0.22430860996246338 -0.02430856227874756 0.0345156192779541 -0.015484452247619629 0.07451558113098145 0.024515628814697266
-0.5999999046325684 -0.6799999475479126 -0.5699999332427979 -0.5399999618530273 -0.5399999618530273 -0.6999999284744263 -0.779999852180481 -0.559999942779541 -0.5999999046325684 -0.4899998903274536 -0.5999999046325684 -0.5999999046325684 -0.46999990940093994 -0.43999993801116943 -0.5899999141693115 -0.7199999094009399 -0.41950345039367676 -0.5795034170150757 -0.7395033836364746 -0.7395033836364746 -0.7395033836364746 -0.6395033597946167 -0.559503436088562 -0.5895034074783325 -0.43950343132019043 -0.6981542110443115 -0.5581541061401367 -0.5581541061401367 -0.45815420150756836 -0.3481541872024536 -0.5123416185379028 -0.6323416233062744 -0.22700738906860352 -0.447007417678833 -0.447007417678833 -0.7655457258224487 1.3844916820526123 1.3845326900482178 -0.6157805919647217 -0.01277303695678711 0.1672269105911255 0.19569134712219238 0.19569134712219238 -0.05430865287780762 0.12451565265655518 0.0345156192779541 0.23451554775238037 0.024515628814697266
-0.5899999141693115 -0.440000057220459 -0.5 -0.5 -0.3299999237060547 -0.5199999809265137 -0.559999942779541 -0.8700001239776611 -0.7000000476837158 -0.8300000429153442 -0.880000114440918 -0.880000114440918 -0.9100000858306885 -0.9500000476837158 -0.4700000286102295 -0.9500000476837158 -0.7000000476837158 -0.7800000905990601 -1.03000009059906 -1.03000009059906 -1.100000023841858 -0.7400000095367432 -0.5799999237060547 -0.5 -0.4299999475479126 -0.6600000858306885 -0.6600000858306885 -0.6100001335144043 -0.6600000858306885 -0.5900001525878906 -0.43000006675720215 -0.46000003814697266 -0.21999990940093994 1.3844029903411865 1.3844029903411865 1.3844084739685059 1.3844273090362549 1.3844468593597412 -0.9455540180206299 -0.11684024333953857 -0.05684030055999756 -0.10316252708435059 -0.10316252708435059 -0.10316252708435059 0.0011022090911865234 -0.03889775276184082 0.06110215187072754 0.01110219955444336
-0.34999990463256836 -0.2799999713897705 -0.5299999713897705 -0.5299999713897705 -0.49000000953674316 -0.559999942779541 -0.6999999284744263 -0.7500001192092896 -0.8600000143051147 -1.040000081062317 -0.9900000095367432 -0.9900000095367432 -0.9800000190734863 -1.1500000953674316 -1.1400001049041748 -0.9200000762939453 -0.8600000143051147 -0.7400000095367432 -0.7200000286102295 -0.7200000286102295 -0.8100000619888306 -0.7400000095367432 -0.7599999904632568 -0.8299999237060547 -0.6899999380111694 -0.6600000858306885 -0.6600000858306885 -0.6100001335144043 -0.6200001239776611 -0.8500001430511475 -0.2799999713897705 -0.3299999237060547 -0.6656289100646973 1.38438081741333 1.38438081741333 1.38438081741333 1.38438081741333 1.3844127655029297 -0.9355738162994385 -0.17049789428710938 -0.09049785137176514 -0.18911230564117432 -0.18911230564117432 -0.0891122817993164 -0.04889786243438721 -0.17889785766601562 -0.028897762298583984 0.01110219955444336
-0.3299999237060547 -0.46000003814697266 -0.5799999237060547 -0.5799999237060547 -0.5499999523162842 -0.5799999237060547 -0.6499999761581421 -0.6100001335144043 -0.940000057220459 -0.4700000286102295 -0.9500000476837158 -0.9500000476837158 -0.9300000667572021 -1.4600000381469727 -1.7599999904632568 -1.1200001239776611 -0.8300000429153442 -0.8300000429153442 -0.6400001049041748 -0.6400001049041748 -1.1200001239776611 -0.4299999475479126 -0.6499999761581421 -0.8899999856948853 -0.75 -0.7500001192092896 -0.7500001192092896 -0.7500001192092896 -0.8400001525878906 -0.940000057220459 -0.25999999046325684 -0.36000001430511475 1.3843598365783691 1.3843648433685303 1.3843648433685303 1.38438081741333 1.38438081741333 1.3843984603881836 -0.8955912590026855 -0.13049781322479248 -0.13049781322479248 -0.11911237239837646 -0.11911237239837646 -0.19911229610443115 0.16110217571258545 0.0511021614074707 0.021102190017700195 -0.04889786243438721
-0.39999985694885254 -0.5299999713897705 -0.5699999332427979 -0.5699999332427979 -0.6399999856948853 -0.7400000095367432 -0.7999999523162842 -1.1200000047683716 -1.5200001001358032 -1.090000033378601 -0.4700000286102295 -0.4700000286102295 -0.7900000810623169 -0.7200000286102295 -0.7000000476837158 -0.7800000905990601 -0.18000006675720215 -0.8899999856948853 -0.7699999809265137 -0.7699999809265137 -0.8500000238418579 -0.7100000381469727 -0.7700001001358032 -0.20000004768371582 -0.4100000858306885 -0.8600000143051147 -0.8600000143051147 -0.7899999618530273 -0.25999999046325684 -0.3700000047683716 -0.6756973266601562 1.3843114376068115 1.384322166442871 1.3843228816986084 1.3843228816986084 1.384324550628662 1.384321928024292 1.3843145370483398 -0.25 -0.1799999475479126 -0.24000000953674316 -0.011088252067565918 -0.011088252067565918 -0.18108820915222168 -0.11855530738830566 -0.09855532646179199 -0.1285552978515625 -0.1285552978515625
-0.25 -0.5399999618530273 -0.5699999332427979 -0.5699999332427979 -0.7300000190734863 -1.149999976158142 -0.7999999523162842 -1.0200001001358032 -1.190000057220459 -1.0600000619888306 -0.9300000667572021 -0.9300000667572021 -0.8900001049041748 -0.7800000905990601 -0.6800000667572021 -0.7900000810623169 -0.8400000333786011 -1.1800000667572021 -0.8400000333786011 -0.8400000333786011 -0.8400000333786011 -0.8400000333786011 -0.029999971389770508 -0.720000147819519 -0.7800000905990601 -0.7457460165023804 -0.7457460165023804 -0.7557460069656372 -0.12999999523162842 -0.18000006675720215 -0.6657099723815918 1.384293794631958 1.3842909336090088 1.3842909336090088 1.3842909336090088 1.3842973709106445 1.3842973709106445 1.3843061923980713 -0.6657085418701172 -0.9156913757324219 -0.2799999713897705 -0.1333632469177246 -0.1333632469177246 -0.16336321830749512 -0.18855535984039307 -0.1285552978515625 -0.03855538368225098 -0.03855538368225098
-0.5099999904632568 -0.6499999761581421 -0.7199999094009399 -0.7199999094009399 -0.7900000810623169 -0.5900001525878906 -0.820000171661377 -0.7200000286102295 -0.7400001287460327 -0.7600001096725464 -0.6600000858306885 -0.6600000858306885 -0.9600000381469727 -0.9600000381469727 -0.6000000238418579 -0.5900000333786011 -0.5800000429153442 -0.6100000143051147 -0.6600000858306885 -0.6600000858306885 -0.7100001573562622 -0.24000000953674316 -0.43000006675720215 -0.9000000953674316 -1.2300000190734863 -0.7957578897476196 -0.7957578897476196 1.384246826171875 1.3842527866363525 1.3842599391937256 1.3842666149139404 1.3842666149139404 1.3842744827270508 1.3842744827270508 1.3842744827270508 1.3842825889587402 1.3842825889587402 1.3842957019805908 1.3842957019805908 1.3843014240264893 -0.059999942779541016 -0.1915736198425293 -0.1915736198425293 -0.08157360553741455 -0.6713992357254028 -0.6313992738723755 -0.6313992738723755 -0.6513992547988892
-0.1700000762939453 -0.690000057220459 -0.7100001573562622 -0.7100001573562622 -0.7700001001358032 -0.7400001287460327 -0.6600000858306885 -0.5700000524520874 -0.630000114440918 -0.5800000429153442 -0.6200001239776611 -0.6200001239776611 -0.7400000095367432 -0.6799999475479126 -0.5900000333786011 -0.6100000143051147 -0.5499999523162842 -0.6000000238418579 -0.6000000238418579 -1.0800001621246338 -1.0800001621246338 -0.5200001001358032 -0.6000000238418579 -0.16999995708465576 1.3842313289642334 1.3842356204986572 1.3842356204986572 1.3842415809631348 1.3842482566833496 1.3842554092407227 1.3842666149139404 1.3842666149139404 1.3842744827270508 1.3842744827270508 1.3842744827270508 1.3842825889587402 1.3842825889587402 1.3842957019805908 1.3842957019805908 1.3842978477478027 -0.059999942779541016 -0.21157360076904297 -0.21157360076904297 -0.20157361030578613 -0.7013992071151733 -0.7613992691040039 -0.7513992786407471 -0.7013992071151733
-0.6400001049041748 -0.7700001001358032 -0.820000171661377 -0.820000171661377 -0.7900000810623169 -0.7100001573562622 -0.6600000858306885 -0.6500000953674316 -0.4900001287460327 -0.5500000715255737 -0.440000057220459 -0.440000057220459 -0.7100000381469727 -0.8299999237060547 -0.6699999570846558 -0.6000000238418579 -0.5600000619888306 -0.3900001049041748 -0.3900001049041748 -0.6899999380111694 -1.0299999713897705 -0.9500000476837158 -0.1499999761581421 -0.6757752895355225 1.3842272758483887 1.3842322826385498 1.3842322826385498 1.3842322826385498 1.3842442035675049 1.3842442035675049 1.3842570781707764 1.3842570781707764 1.3842670917510986 1.3842670917510986 1.3842670917510986 1.3842761516571045 1.3842823505401611 1.3842918872833252 1.3842968940734863 -0.6757025718688965 -0.43000006675720215 -0.43000006675720215 -0.12000000476837158 -0.24000000953674316 -0.6913992166519165 -0.6113991737365723 -0.5113992691040039 -0.6713992357254028
-0.7500001192092896 -0.7900000810623169 -0.7800000905990601 -0.7800000905990601 -0.7800000905990601 -0.7500001192092896 -0.7000001668930054 -0.5 -0.5399999618530273 -0.5399999618530273 -0.44999992847442627 -0.44999992847442627 -0.5500000715255737 -0.46000003814697266 -0.34999990463256836 -0.43999993801116943 -0.6758010387420654 -0.4758009910583496 -0.4758009910583496 -1.0099999904632568 -0.675795316696167 1.3842062950134277 1.3842096328735352 1.3842127323150635 1.3842127323150635 1.3842246532440186 1.3842246532440186 1.3842246532440186 1.3842334747314453 1.3842413425445557 1.3842496871948242 1.3842558860778809 1.384260892868042 1.3842637538909912 1.3842637538909912 -0.13999998569488525 -0.15000009536743164 -0.3200000524520874 -0.309999942779541 -0.44999992847442627 -0.5199999809265137 -0.5199999809265137 -0.24000000953674316 -0.3500000238418579 -0.6499589681625366 -0.5499589443206787 -0.5799589157104492 -0.6099588871002197
-0.690000057220459 -0.7300001382827759 -0.6500000953674316 -0.6500000953674316 -0.720000147819519 -0.7100001573562622 -0.6500000953674316 -0.059999942779541016 -0.49000000953674316 -0.6299999952316284 -0.5900000333786011 -0.5900000333786011 -0.7000000476837158 -0.6200001239776611 -0.44999992847442627 -0.4599999189376831 -0.6758010387420654 -0.6758010387420654 -0.6758010387420654 1.3841993808746338 1.3842015266418457 1.384202480316162 1.3842036724090576 1.3842127323150635 1.3842127323150635 1.3842246532440186 1.3842246532440186 1.3842246532440186 1.3842320442199707 -0.665762186050415 -0.8357545137405396 -0.3500000238418579 -0.059999942779541016 -0.33000004291534424 -0.33000004291534424 -0.11000001430511475 -0.25 -0.3700000047683716 -0.12999999523162842 -0.44999992847442627 -0.3999999761581421 -0.3999999761581421 -0.2200000286102295 -0.3700000047683716 -0.4499589204788208 -0.5499589443206787 -0.43995893001556396 -0.45995891094207764
-0.7600001096725464 -0.6400001049041748 -0.720000147819519 -0.720000147819519 -0.7500001192092896 -0.7700001001358032 -0.7700001001358032 -0.6899999380111694 -0.6599999666213989 -0.7300000190734863 -0.7400000095367432 -0.7400000095367432 -0.5600000619888306 -0.6700000762939453 -0.6158018112182617 1.3841967582702637 1.3841972351074219 1.38419771194458 1.38419771194458 1.3841979503631592 1.3841979503631592 1.384200096130371 1.384200096130371 1.3842062950134277 1.3842062950134277 1.3842144012451172 1.3842144012451172 -0.9157760143280029 -0.09000003337860107 -0.25999999046325684 -0.3500000238418579 -0.25999999046325684 -0.4599999189376831 -0.5099999904632568 -0.5099999904632568 -0.3700000047683716 0 -0.24000000953674316 -0.1799999475479126 -0.38999998569488525 -0.3400000333786011 -0.3400000333786011 -0.38999998569488525 -0.2900000810623169 -0.6599589586257935 -0.15995895862579346 -0.42995893955230713 -0.36995887756347656
-0.6299999952316284 -0.6700000762939453 -0.6200000047683716 -0.6200000047683716 -0.5800000429153442 -0.690000057220459 -0.6399999856948853 -0.7100000381469727 -0.690000057220459 -0.6800000667572021 -0.6800000667572021 -0.7699999809265137 -0.33000004291534424 -0.25999999046325684 -0.6658027172088623 1.3841958045959473 1.3841958045959473 1.3841958045959473 1.3841958045959473 1.3841962814331055 1.3841962814331055 1.3841981887817383 1.384199857711792 1.3842041492462158 1.3842086791992188 -0.7257862091064453 -0.7257862091064453 0 -0.21999990940093994 -0.2399998903274536 -0.5 -0.4700000286102295 -0.49000000953674316 -0.49000000953674316 -0.49000000953674316 -0.5799999237060547 -0.5699999332427979 -0.4099999666213989 -0.619999885559082 -0.6299998760223389 -0.5399999618530273 -0.5399999618530273 -0.559999942779541 -0.5099999904632568 -0.6099998950958252 -0.5499999523162842 -0.4799998998641968 -0.3999999761581421
-0.6000000238418579 -0.7000000476837158 -0.6500000953674316 -0.6500000953674316 -0.6800000667572021 -0.7100000381469727 -0.7800000905990601 -0.7800000905990601 -0.8000000715255737 -0.8200000524520874 -0.8200000524520874 -0.6500000953674316 -0.5199999809265137 -0.4299999475479126 -0.1799999475479126 1.3841969966888428 1.3841962814331055 1.3841943740844727 1.3841943740844727 1.3841936588287354 -0.8058043718338013 -0.15999996662139893 -0.2900000810623169 -0.6499999761581421 -0.6399999856948853 -0.6899999380111694 -0.6899999380111694 -0.7199999094009399 -0.309999942779541 -0.25999999046325684 -0.20000004768371582 -0.5099999904632568 -0.48000001907348633 -0.48000001907348633 -0.24000000953674316 -0.4799998998641968 -0.41999995708465576 -0.49999988079071045 -0.5299999713897705 -0.619999885559082 -0.7099999189376831 -0.7099999189376831 -0.5999999046325684 -0.6599999666213989 -0.5199999809265137 -0.4599999189376831 -0.49999988079071045 -0.5199999809265137
-0.8200000524520874 -0.7300000190734863 -0.7200000286102295 -0.7200000286102295 -0.6500000953674316 -0.6800000667572021 -0.8300000429153442 -0.7800000905990601 -0.690000057220459 -0.690000057220459 -0.690000057220459 -0.6500000953674316 -0.18999993801116943 -0.18999993801116943 -0.2799999713897705 -0.12999999523162842 -0.5799999237060547 -0.4299999475479126 -0.4299999475479126 -0.6958065032958984 -0.19999992847442627 -0.1499999761581421 -0.24000000953674316 -0.5999999046325684 -0.6799999475479126 -0.7199999094009399 -0.7199999094009399 -0.6999999284744263 -0.1499999761581421 -0.25 -0.49000000953674316 -0.3500000238418579 -0.20000004768371582 -0.20000004768371582 -0.4200000762939453 -0.4899998903274536 -0.41999995708465576 -0.4799998998641968 -0.4799998998641968 -0.4899998903274536 -0.619999885559082 -0.619999885559082 -0.619999885559082 -0.6399999856948853 -0.559999942779541 0 -0.5099998712539673 -0.5399999618530273
-0.940000057220459 -0.7300000190734863 -0.5800000429153442 -0.5800000429153442 -0.440000057220459 -0.7800000905990601 -0.7200000286102295 -0.6799999475479126 -0.5699999332427979 0 0 -0.5399999618530273 -0.3799999952316284 -0.3799999952316284 -0.5499999523162842 -0.4799998998641968 -0.5199999809265137 -0.4899998903274536 -0.4899998903274536 -0.2200000286102295 -0.20000004768371582 -0.7399998903274536 -0.6399999856948853 -0.6599999666213989 -0.5899999141693115 -0.6099998950958252 -0.6099998950958252 -0.6699999570846558 -0.559999942779541 -0.2799999713897705 -0.43999993801116943 -0.559999942779541 -0.5799999237060547 -0.5799999237060547 -0.4799998998641968 -0.41999995708465576 -0.09999990463256836 -0.5199999809265137 -0.41999995708465576 -0.6499999761581421 -0.5499999523162842 -0.5499999523162842 -0.6699999570846558 -0.6099998950958252 -0.5499999523162842 -0.49999988079071045 -0.4099999666213989 -0.5299999713897705
-0.7400000095367432 -0.5199999809265137 -0.7000000476837158 -0.7000000476837158 -0.690000057220459 -0.1400001049041748 -0.7900000810623169 -0.7399998903274536 -0.4099999666213989 -0.44999992847442627 -0.44999992847442627 -0.31999993324279785 -0.3299999237060547 -0.34999990463256836 -0.19000005722045898 -0.48000001907348633 -0.41999995708465576 -0.5299999713897705 -0.5299999713897705 -0.3700000047683716 -0.3399999141693115 -0.5900000333786011 -0.5099999904632568 -0.6499999761581421 -0.4799998998641968 -0.44999992847442627 -0.44999992847442627 -0.5199999809265137 -0.4599999189376831 -0.5099999904632568 -0.5499999523162842 -0.37999987602233887 -0.37999987602233887 -0.37999987602233887 -0.46999990940093994 -0.3599998950958252 -0.4599999189376831 -0.37999987602233887 -0.309999942779541 -0.3599998950958252 -0.009999990463256836 -0.009999990463256836 -0.5699999332427979 -0.28999996185302734 -0.3999999761581421 -0.3899998664855957 -0.46999990940093994 -0.3999999761581421
