SimulationData/Scenarios/Waterwolf/Flooding/Uitdammerdijk/120.asc
ncols        561
nrows        278
xllcorner    4.817258165162
yllcorner    52.370746892638
cellsize     0.000511251697
NODATA_value  -9999
[rows 88 to 109 of 278, columns 240 to 287 of 561]
0 -0.7800000905990601 -0.7699999809265137 -0.6100000143051147 0 0 -0.7200000286102295 -0.7200000286102295 -0.7599999904632568 -0.7699999809265137 -0.9100000858306885 -1.6600000262260437 -0.6899999380111694 0 -2.0600000470876694 -2.0600000470876694 -0.3200000524520874 -0.28999996185302734 -0.6200000047683716 -0.5900000333786011 -0.9300000667572021 -0.8400000333786011 -1.0600000619888306 -1.0600000619888306 -1.3200000524520874 -1.4900000095367432 -1.2100000381469727 -1.53000009059906 0 -0.6099998950958252 -0.6099998950958252 -0.7899999618530273 -0.8399999141693115 -1.6799999475479126 -9999 -9999 -9999 -9999 -9999 -9999 -9999 -9999 -9999 -9999 -9999 -9999 -9999 -9999
-0.7100000381469727 -0.7200000286102295 -0.7599999904632568 -0.8200000524520874 -0.8300000429153442 -0.8100000619888306 -0.6500000953674316 -0.6500000953674316 -0.7200000286102295 -0.9000000953674316 -0.5700000524520874 -0.8400000333786011 -0.7799999713897705 -0.8499999642372131 -0.3700000047683716 -0.3700000047683716 -0.6799999475479126 -0.48000001907348633 -0.5799999833106995 -0.6599999666213989 -0.75 -0.029999971389770508 -0.5899999737739563 -0.5899999737739563 -0.4200000762939453 -0.3700000047683716 -0.3700000047683716 -0.6200000047683716 -0.7299998998641968 -0.9199999570846558 -0.9199999570846558 -1.2999999523162842 -2.4299999475479126 -0.050000011920928955 -9999 -9999 -9999 -9999 -9999 -9999 -9999 -9999 -9999 -9999 -9999 -9999 -9999 -9999
-0.28000009059906006 -1.0800000429153442 -0.9000000953674316 -0.5399999618530273 -0.5399999618530273 -0.9000000953674316 -0.9000000953674316 -0.9000000953674316 -0.9000000953674316 -0.9000000953674316 -0.9000000953674316 -0.9000000953674316 0 0 -0.3700000047683716 -0.3700000047683716 -1.6399999558925629 -0.2799999713897705 -0.21000003814697266 -0.5399999618530273 -0.4299999475479126 -0.7400000095367432 -0.8499999046325684 -0.8499999046325684 -0.7000000476837158 -0.28000009059906006 -0.49000000953674316 -0.6299999952316284 -0.6200000047683716 -0.809999942779541 -0.809999942779541 -0.8499999642372131 -2.10999995470047 -0.050000011920928955 -9999 -9999 -9999 -9999 -9999 -9999 -9999 -9999 -9999 -9999 -9999 -9999 -9999 -9999
-0.12000000476837158 -0.7300000190734863 -0.5600000619888306 -0.1799999475479126 -0.039999961853027344 -0.40000009536743164 0 0 0 0 0 -0.9000000953674316 -0.26999998092651367 -0.08999991416931152 -0.3700000047683716 -0.3700000047683716 -2.2199999392032623 -0.49000000953674316 -0.24000000953674316 -0.49000000953674316 -0.38999998569488525 -0.4299999475479126 -0.4299999475479126 -1.0299999713897705 -0.8700000047683716 -0.7699999809265137 -0.49000000953674316 -0.7000000476837158 -0.4899998903274536 -1.009999930858612 -1.009999930858612 -1.0399999618530273 -1.839999943971634 -1.8199999928474426 -9999 -9999 -9999 -9999 -9999 -9999 -9999 -9999 -9999 -9999 -9999 -9999 -9999 -9999
-0.7599999904632568 -0.7900000810623169 -0.7800000905990601 -0.7699999809265137 -0.8200000524520874 -0.7900000810623169 -0.7699999809265137 -0.7699999809265137 -0.8200000524520874 -0.7900000810623169 -0.8200000524520874 -0.9500000476837158 -0.9700000286102295 -1.040000081062317 -0.6000000238418579 -0.6000000238418579 -0.010000109672546387 -0.3299999237060547 -0.3700000047683716 -0.5499999523162842 -0.3700000047683716 -0.5000000596046448 -0.5000000596046448 -0.03000009059906006 -0.16999995708465576 -0.15999996662139893 -0.5099999904632568 0 -0.9699999690055847 -1.8099999502301216 -1.8099999502301216 -1.6599999517202377 -2.369999945163727 -9999 -9999 -9999 -9999 -9999 -9999 -9999 -9999 -9999 -9999 -9999 -9999 -9999 -9999 -9999
-0.6100000143051147 -0.7599999904632568 -0.8100000619888306 -0.8100000619888306 -0.8400000333786011 -0.6800000667572021 -0.48000001907348633 -0.48000001907348633 0 -0.5500000715255737 -0.8100000619888306 -0.8500000238418579 -0.8500000238418579 -1.03000009059906 0 0 0 -1.5999999418854713 -0.6999999284744263 -0.12000000476837158 -0.5299999713897705 -0.8599998950958252 -0.8599998950958252 -0.36999988555908203 -0.4099999666213989 0 -1.2099999487400055 -1.3299999386072159 -0.4999999925494194 -0.06999999284744263 -0.06999999284744263 0 -9999 -9999 -9999 -9999 -9999 -9999 -9999 -9999 -9999 -9999 -9999 -9999 -9999 -9999 -9999 -9999
-0.7300000190734863 -0.6700000762939453 -0.6700000762939453 -0.7400000095367432 -0.8100000619888306 -0.9200000762939453 -0.9000000953674316 -0.9000000953674316 -1.190000057220459 -0.8500000238418579 -0.9000000953674316 -0.8799999952316284 -0.25999999046325684 -0.309999942779541 -0.08000004291534424 -0.08000004291534424 -0.040000081062316895 -1.3799999356269836 -0.25 -0.6799999475479126 -0.4299999475479126 -1.1699999570846558 -1.1699999570846558 -1.6999999433755875 0 -0.15000000596046448 -0.38999997079372406 -0.09999996423721313 0 -9999 -9999 -9999 -9999 -9999 -9999 -9999 -9999 -9999 -9999 -9999 -9999 -9999 -9999 -9999 -9999 -9999 -9999 -9999
-0.75 -0.8400000333786011 -0.8300000429153442 -0.8799999952316284 -0.8400000333786011 -0.8000000715255737 -0.8100000619888306 -0.8100000619888306 -0.8799999952316284 -0.8600000143051147 -0.9000000953674316 -0.9500000476837158 -0.25999999046325684 -0.28999996185302734 -0.2200000286102295 -0.2200000286102295 -0.040000081062316895 0 -1.6499999463558197 -0.36999988555908203 -1.6299999430775642 -1.559999942779541 -1.559999942779541 -1.059999942779541 -0.15000000596046448 -0.3100000023841858 -0.15999996662139893 -0.029999971389770508 -9999 -9999 -9999 -9999 -9999 -9999 -9999 -9999 -9999 -9999 -9999 -9999 -9999 -9999 -9999 -9999 -9999 -9999 -9999 -9999
-0.8700000047683716 -0.75 -0.9800000190734863 -0.8500000238418579 -1.1600000858306885 -1.2599999904632568 -1.2299998998641968 -1.2299998998641968 -1.4500000476837158 -1.3300000429153442 -1.4200000762939453 -1.190000057220459 -1.1500000953674316 -1.1800000667572021 -1.340000033378601 -1.340000033378601 -1.1600000858306885 0 -1.809999942779541 -0.8600000441074371 -0.6200000643730164 -0.29999999329447746 -0.29999999329447746 -0.28999999538064003 -0.029999971389770508 -0.07999998331069946 -0.009999990463256836 -9999 -9999 -9999 -9999 -9999 -9999 -9999 -9999 -9999 -9999 -9999 -9999 -9999 -9999 -9999 -9999 -9999 -9999 -9999 -9999 -9999
0 -1.090000033378601 -0.9000000953674316 -0.1400001049041748 -0.1400001049041748 -0.5399999618530273 -0.5 -0.5 -0.4700000286102295 -0.5299999713897705 -0.4599999189376831 -0.4099999666213989 -0.5 -0.5 -0.5 -0.6700000762939453 -0.49000000953674316 -0.2900000810623169 -1.7500000223517418 -1.6100000143051147 -1.6100000143051147 -0.380000002682209 -0.380000002682209 -1.350000023841858 -0.46000000089406967 -1.4599999785423279 -9999 -9999 -9999 -9999 -9999 -9999 -9999 -9999 -9999 -9999 -9999 -9999 -9999 -9999 -9999 -9999 -9999 -9999 -9999 -9999 -9999 -9999
-0.9000000953674316 -0.9000000953674316 -0.9000000953674316 -0.36000001430511475 -0.21000003814697266 -0.41999995708465576 -0.38999998569488525 -0.38999998569488525 -0.43999993801116943 -0.4700000286102295 -0.38999998569488525 -0.309999942779541 -0.25 -0.3599998950958252 -0.3599998950958252 -0.6800000667572021 -0.7100000381469727 -1.3200000524520874 -1.520000010728836 -1.2499999701976776 -1.2699999660253525 -0.5800000056624413 -0.5800000056624413 -0.26000000536441803 0 -9999 -9999 -9999 -9999 -9999 -9999 -9999 -9999 -9999 -9999 -9999 -9999 -9999 -9999 -9999 -9999 -9999 -9999 -9999 -9999 -9999 -9999 -9999
-0.19999992847442627 -0.25 -0.309999942779541 -0.309999942779541 -0.2200000286102295 -0.3500000238418579 -0.3400000333786011 -0.3400000333786011 -0.31999993324279785 -0.38999998569488525 -0.08999991416931152 -0.26999998092651367 -0.3399999141693115 -0.309999942779541 -0.309999942779541 -0.36000001430511475 -0.3700000047683716 -0.5199999809265137 -0.2900000810623169 -1.2199999392032623 -0.8499999642372131 -0.9699999988079071 -0.9699999988079071 -0.7599999904632568 -0.7599999904632568 -1.3299999833106995 -9999 -9999 -9999 -9999 -9999 -9999 -9999 -9999 -9999 -9999 -9999 -9999 -9999 -9999 -9999 -9999 -9999 -9999 -9999 -9999 -9999 -9999
-0.23000001907348633 -0.31999993324279785 -0.21000003814697266 -0.2999999523162842 -0.24000000953674316 -0.3399999141693115 -0.3399999141693115 -0.3399999141693115 -0.309999942779541 -0.2799999713897705 -0.3999999761581421 -0.3399999141693115 -0.4299999475479126 -0.3799999952316284 -0.3799999952316284 -0.33000004291534424 -0.3500000238418579 -0.5099999904632568 -0.31000006198883057 -1.309999942779541 0 -0.6799999475479126 -0.6799999475479126 -1.9199999570846558 -1.370000034570694 -0.6000000238418579 -9999 -9999 -9999 -9999 -9999 -9999 -9999 -9999 -9999 -9999 -9999 -9999 -9999 -9999 -9999 -9999 -9999 -9999 -9999 -9999 -9999 -9999
-0.309999942779541 -0.36000001430511475 -0.21000003814697266 -0.31999993324279785 -0.25999999046325684 -0.3799999952316284 -0.46999990940093994 -0.46999990940093994 -0.309999942779541 -0.3999999761581421 -0.3599998950958252 -0.3799999952316284 -0.3799999952316284 -0.4299999475479126 -0.3399999141693115 -0.33000004291534424 -0.3400000333786011 -0.38999998569488525 -0.6799999475479126 -0.020000100135803223 -0.5700000524520874 -1.0700000822544098 -1.0700000822544098 -0.010000109672546387 -0.8999999165534973 -1.4099999368190765 -1.449999988079071 -2.1999999284744263 -9999 -9999 -9999 -9999 -9999 -9999 -9999 -9999 -9999 -9999 -9999 -9999 -9999 -9999 -9999 -9999 -9999 -9999 -9999 -9999
-0.3399999141693115 -0.36000001430511475 -0.309999942779541 -0.2999999523162842 -0.2200000286102295 -0.3399999141693115 -0.309999942779541 -0.309999942779541 -0.3399999141693115 -0.3399999141693115 -0.38999998569488525 -0.31999993324279785 -0.31999993324279785 -0.3299999237060547 -0.3299999237060547 -0.3200000524520874 -0.31000006198883057 -0.440000057220459 -0.4299999475479126 -0.020000100135803223 -0.9900000691413879 -0.9000000953674316 -0.9000000953674316 -0.010000109672546387 -1.9299999475479126 -1.009999930858612 -0.9999999701976776 -1.1999999657273293 0 0 -1.5499999523162842 -9999 -9999 -9999 -9999 -9999 -9999 -9999 -9999 -9999 -9999 -9999 -9999 -9999 -9999 -9999 -9999 -9999
-0.440000057220459 -0.4599999189376831 -0.44999992847442627 -0.43999993801116943 -0.36000001430511475 -0.36000001430511475 -0.36000001430511475 -0.28999996185302734 -0.3299999237060547 -0.31999993324279785 -0.25 -0.3299999237060547 -0.3500000238418579 -0.3500000238418579 -0.3500000238418579 -0.3400000333786011 -0.26999998092651367 -0.36000001430511475 -0.3400000333786011 -0.09000003337860107 -1.3699999749660492 -0.09000003337860107 -0.09000003337860107 -0.09000003337860107 -0.2600001096725464 -0.4100000858306885 -0.5099999904632568 -1.4399999976158142 -1.7700000405311584 -1.7700000405311584 -1.1500000357627869 -1.090000033378601 -9999 -9999 -9999 -9999 -9999 -9999 -9999 -9999 -9999 -9999 -9999 -9999 -9999 -9999 -9999 -9999
-0.49000000953674316 -0.46999990940093994 -0.36000001430511475 -0.4099999666213989 -0.4299999475479126 -0.34999990463256836 -0.34999990463256836 -0.3799999952316284 -0.38999998569488525 -0.34999990463256836 -0.26999998092651367 -0.3400000333786011 -0.309999942779541 -0.3799999952316284 -0.3799999952316284 -0.31999993324279785 -0.309999942779541 -0.4299999475479126 -0.4700000286102295 -0.7599999904632568 -0.09000003337860107 -0.09000003337860107 -0.09000003337860107 -1.3299999833106995 -0.440000057220459 -0.28000009059906006 -0.25999999046325684 -0.6999999284744263 -0.2999999523162842 -0.2999999523162842 -0.08000004291534424 -0.10000002384185791 -1.9300000071525574 -1.059999942779541 -1.3599999397993088 -1.6399999409914017 -1.5499999430030584 -1.5499999430030584 -1.5700000077486038 -2.5199999809265137 -2.9600000381469727 -9999 -9999 -9999 -9999 -9999 -9999 -9999
-0.4200000762939453 -0.4099999666213989 -0.41999995708465576 -0.44999992847442627 -0.3999999761581421 -0.3799999952316284 -0.3799999952316284 -0.34999990463256836 -0.31999993324279785 -0.25 -0.41999995708465576 -0.2999999523162842 -0.4299999475479126 -0.48000001907348633 -0.48000001907348633 -0.309999942779541 -0.4099999666213989 -0.38999998569488525 -0.4299999475479126 -0.09000003337860107 -0.09000003337860107 -1.629999976605177 -1.629999976605177 -0.7199999094009399 -1.0300000309944153 -1.28000009059906 -1.0699999332427979 -0.18999993801116943 -0.21000003814697266 -0.21000003814697266 -0.10000002384185791 -0.05000007152557373 -0.5299999713897705 -1.2299999296665192 -1.559999942779541 -0.3599998950958252 -0.75 -0.75 -1.540000006556511 -1.7400000095367432 -2.0400000512599945 -1.0800000429153442 0 -0.12999999523162842 -0.12999999523162842 -9999 -9999 -9999
-0.49000000953674316 -0.36000001430511475 -0.4099999666213989 -0.2799999713897705 -0.41999995708465576 -0.5199999809265137 -0.5199999809265137 -0.5499999523162842 -0.3399999141693115 -0.3999999761581421 -0.2799999713897705 -0.309999942779541 -0.11000001430511475 -0.3400000333786011 -0.3400000333786011 -0.2799999713897705 -0.41999995708465576 -0.4099999666213989 -0.44999992847442627 -0.28999996185302734 -0.21000003814697266 -0.21000003814697266 -1.6999999806284904 -0.6399999856948853 -0.5 -0.6200000047683716 -1.0499999523162842 -0.19999992847442627 -0.25 -0.25 -0.23000001907348633 -0.13999998569488525 -0.25 -0.4500000476837158 -0.6499999761581421 -0.4200000762939453 -0.6000000238418579 -0.6000000238418579 0 0 -0.010000109672546387 -0.010000109672546387 -0.38999998569488525 -0.9099999666213989 -0.9099999666213989 -0.9599999189376831 -1.809999942779541 -0.3799999952316284
-0.5300000905990601 -0.4799998998641968 -0.4099999666213989 -0.41999995708465576 -0.4799998998641968 -0.5099999904632568 -0.5099999904632568 -0.46999990940093994 -0.2799999713897705 -0.36000001430511475 -0.31999993324279785 -0.36000001430511475 -0.3400000333786011 -0.309999942779541 -0.309999942779541 -0.23000001907348633 -0.3799999952316284 -0.43999993801116943 -0.4299999475479126 -0.44999992847442627 -0.21000003814697266 -0.21000003814697266 -1.2699999809265137 -0.28999996185302734 -0.6299999952316284 -0.9799999594688416 -0.8899999856948853 -0.2799999713897705 -0.24000000953674316 -0.24000000953674316 -0.18999993801116943 -0.18999993801116943 -0.18999993801116943 -0.36000001430511475 -0.46000003814697266 -0.5700000524520874 -0.48000001907348633 -0.48000001907348633 -0.5399999618530273 -0.5899999141693115 0 -0.5299999713897705 -0.5500000715255737 -0.4200000762939453 -0.4200000762939453 -0.4100000858306885 -0.4100000858306885 0
-0.5 -0.4099999666213989 -0.4599999189376831 -0.49000000953674316 -0.7999999523162842 -0.5799999237060547 -0.5799999237060547 -0.34999990463256836 -0.36000001430511475 -0.36000001430511475 -0.2099999189376831 -0.3700000047683716 -0.28999996185302734 -0.31999993324279785 -0.31999993324279785 -0.3700000047683716 -0.4299999475479126 -0.4099999666213989 -0.38999998569488525 -0.8899999856948853 -0.21000003814697266 -1.410000056028366 -0.30000007152557373 -0.28000009059906006 -0.3200000524520874 -0.28000009059906006 -0.2900000810623169 -0.3200000524520874 -0.46000003814697266 -0.46000003814697266 -0.440000057220459 -0.5600000619888306 -0.43000006675720215 -0.46000003814697266 -0.5400000810623169 -0.5400000810623169 -0.440000057220459 -0.440000057220459 -0.5099999904632568 -0.5099999904632568 -0.5 -0.5 -0.43000006675720215 -0.43000006675720215 -0.43000006675720215 -0.5 -0.46000003814697266 -0.8300000429153442
-0.2799999713897705 -0.48000001907348633 -0.43000006675720215 -0.4099999666213989 -0.48000001907348633 -0.4500000476837158 -0.4500000476837158 -0.31000006198883057 -0.5700000524520874 -0.2900000810623169 -0.7300000190734863 -0.6799999475479126 -0.5900000333786011 -0.6299999952316284 -0.6299999952316284 -0.7000000476837158 -0.8200000524520874 -0.75 -0.8300000429153442 -0.2600001096725464 -1.440000057220459 -1.440000057220459 -0.7900000810623169 -0.2700001001358032 -0.3700000047683716 -0.33000004291534424 -0.3900001049041748 -0.31000006198883057 -0.4700000286102295 -0.4700000286102295 -0.23000001907348633 -0.440000057220459 -0.43000006675720215 -0.5299999713897705 -0.6399999856948853 -0.5400000810623169 -0.5800000429153442 -0.5800000429153442 -0.5699999332427979 -0.5099999904632568 -0.3999999761581421 -0.4700000286102295 -0.440000057220459 -0.4500000476837158 -0.4500000476837158 -0.440000057220459 -0.49000000953674316 -0.7799999713897705
