SimulationData/Scenarios/Waterwolf/Flooding/Uitdammerdijk/120.asc
ncols        561
nrows        278
xllcorner    4.817258165162
yllcorner    52.370746892638
cellsize     0.000511251697
NODATA_value  -9999
[rows 198 to 219 of 278, columns 240 to 287 of 561]
-2.3400000482797623 -0.6100000143051147 -2.5900001525878906 0 -4.960000187158585 -5.5400002002716064 -0.8500001430511475 -3.160000205039978 -3.160000205039978 -0.48000001907348633 -0.5 -0.48000001907348633 -0.5 -0.5399999618530273 -0.5299999713897705 -0.5299999713897705 -0.5 -0.48000001907348633 -0.5 -0.6499999761581421 -0.4099999666213989 -0.43999993801116943 -0.38999998569488525 -0.5 0 -0.46999990940093994 -0.4099999666213989 -0.7999999523162842 -0.5099999904632568 -0.4799998998641968 -0.5199999809265137 -0.5199999809265137 -0.019999980926513672 -0.5499999523162842 -0.3399999141693115 -0.5899999141693115 -0.5499999523162842 -0.5699999332427979 -0.5699999332427979 0 -0.44999992847442627 -0.7699999809265137 -0.7499998807907104 -1.309999942779541 -0.5199999809265137 -0.41999995708465576 -0.41999995708465576 -0.5299999713897705
-2.450000286102295 -1.1800003051757812 -1.7100002765655518 -5.350000202655792 -6.160000205039978 -0.7800002098083496 -2.200000286102295 -1.440000295639038 -1.440000295639038 -1.809999942779541 -1.9199999570846558 -0.5999999046325684 -0.4099999666213989 -0.44999992847442627 -0.5099999904632568 -0.5099999904632568 -0.5099999904632568 -0.4599999189376831 -0.5 -0.48000001907348633 -0.4599999189376831 -0.4299999475479126 -0.34999990463256836 -0.34999990463256836 -0.48000001907348633 -0.6100000143051147 -1.459999918937683 0 -0.4599999189376831 -0.7299998998641968 -0.5499999523162842 -0.5499999523162842 -0.4799998998641968 -0.559999942779541 -0.559999942779541 -0.5899999141693115 -0.619999885559082 -0.6899999380111694 -0.6899999380111694 0 -1.6699999570846558 -1.309999942779541 -1.8499999642372131 0 -0.5699999332427979 -0.46999990940093994 -0.46999990940093994 -0.5099999904632568
-2.260000228881836 0 -6.050000190734863 -6.180000185966492 -5.650000214576721 -1.5200002193450928 -1.820000171661377 -1.6000001430511475 -1.6000001430511475 0 -3.130000114440918 -3.710000157356262 -3.660000205039978 -0.41999995708465576 -0.48000001907348633 -0.48000001907348633 -0.3700000047683716 -0.5699999332427979 -0.4299999475479126 0 -0.44999992847442627 -0.12999987602233887 -0.44999992847442627 -0.44999992847442627 -0.5 -0.49000000953674316 -1.2599999904632568 -0.5 -0.5799999237060547 -0.559999942779541 -0.5399999618530273 -0.5399999618530273 -0.5699999332427979 -0.5199999809265137 -0.6099998950958252 -0.559999942779541 -0.559999942779541 -0.6899999380111694 -0.6899999380111694 0 -1.559999942779541 -0.8700000047683716 -1.879999965429306 -0.9199999570846558 -0.9099999666213989 -0.8199999332427979 -0.8199999332427979 -0.5999999046325684
-2.3600000143051147 -4.309999942779541 -6.730000138282776 -1.9300003051757812 -2.2700002193450928 -1.6200001239776611 -1.5699999332427979 -2.1399998664855957 -2.1399998664855957 -1.5 -0.9899997711181641 -1.8900001049041748 -4.320000201463699 -3.7400002479553223 -2.8400001525878906 -2.8400001525878906 -0.2200000286102295 -0.4099999666213989 -0.44999992847442627 -0.4299999475479126 -0.4599999189376831 -0.4299999475479126 -0.46999990940093994 -0.46999990940093994 -0.5299999713897705 -0.5999999046325684 -0.5099999904632568 -0.49000000953674316 -0.5299999713897705 -0.5799999237060547 -0.5199999809265137 -0.5199999809265137 -0.5199999809265137 -0.019999980926513672 -0.6599999666213989 -0.6399999856948853 -0.5799999237060547 -0.019999980926513672 -0.019999980926513672 0 -1.209999918937683 -1 -1.7999999523162842 -0.6399999856948853 0 -0.5799999237060547 -0.5799999237060547 -0.5299999713897705
-5.659999966621399 -4.769999980926514 -7.28000020980835 -1.0600001811981201 -1.8600001335144043 -0.28999996185302734 -1.6999998092651367 -1.6299998760223389 -1.6299998760223389 -1.429999828338623 -1.3799998760223389 -1.3600001335144043 0 -2.010000228881836 -3.510000228881836 -3.510000228881836 -0.5 -0.43999993801116943 -0.4299999475479126 -0.4299999475479126 -0.4299999475479126 -0.38999998569488525 -0.4599999189376831 -0.4599999189376831 -0.44999992847442627 -0.3399999141693115 -0.5299999713897705 -0.48000001907348633 -0.49000000953674316 -0.5499999523162842 -0.5 -0.5 -0.5399999618530273 -0.4899998903274536 -0.5 -0.4799998998641968 -0.26999998092651367 -0.5499999523162842 -0.5499999523162842 -0.48000001907348633 -0.38999998569488525 -1.1799999475479126 -0.7999999523162842 -0.6299999952316284 0 -0.5199999809265137 -0.5199999809265137 -0.5399999618530273
-0.029999971389770508 -6.480000019073486 -7.0400002002716064 -1.0200002193450928 -3.1000001430511475 -0.7600002288818359 -1.5999999046325684 -1.5999999046325684 -1.2199997901916504 -0.8999998569488525 -1.0399999618530273 -1.2700002193450928 -0.6400003433227539 -0.9600002765655518 -1.1800003051757812 -1.1800003051757812 -2.2300002574920654 -3.2400002479553223 -0.38999998569488525 -0.38999998569488525 -0.4599999189376831 -0.38999998569488525 -0.3799999952316284 -0.3799999952316284 -0.4599999189376831 -0.43999993801116943 -0.44999992847442627 -0.3999999761581421 0 -0.24000000953674316 -0.24000000953674316 -0.019999980926513672 -0.4799998998641968 -0.4599999189376831 -0.5399999618530273 -0.5199999809265137 -0.5399999618530273 -0.6599999666213989 -0.6599999666213989 -0.8399999141693115 -0.7300000190734863 -0.8299999237060547 -1.0299999713897705 -0.7300000190734863 0 -0.6999999284744263 -0.6999999284744263 -0.6100000143051147
-8.09000015258789 -6.5400002002716064 -2.5400002002716064 -3.9500001668930054 -7.120000123977661 -6.770000219345093 -0.35000038146972656 -0.35000038146972656 -0.7899999618530273 -1.091860055923462 -1.1318600177764893 -0.6100001335144043 -0.8900001049041748 0 -0.8100001811981201 -0.8100001811981201 -1.000000238418579 -1.9800002574920654 -3.5900001525878906 -2.7900002002716064 -0.3799999952316284 -0.3399999141693115 -0.4099999666213989 -0.4099999666213989 -0.34999990463256836 -0.3999999761581421 0 -0.46999990940093994 -0.3999999761581421 -0.46999990940093994 -0.46999990940093994 -0.41999995708465576 -0.4099999666213989 -0.5699999332427979 -0.3299999237060547 -0.559999942779541 0 -0.8399999141693115 -0.8399999141693115 -0.7599999904632568 -0.8599998950958252 -0.809999942779541 -0.8399999141693115 -0.8299999237060547 -0.7699999809265137 -0.6299999952316284 -0.6299999952316284 -0.7400000095367432
-7.930000305175781 -1.130000114440918 0 0 -1.2900002002716064 -5.610000193119049 -1.9700002670288086 -1.9700002670288086 -0.9200000762939453 -0.6418600082397461 -0.3918600082397461 -0.9100000858306885 -0.8300001621246338 -1.2400002479553223 -0.7200002670288086 -0.7200002670288086 -0.6000003814697266 -0.7800002098083496 -2.4600002765655518 -3.2400002479553223 -0.7699999809265137 -0.5 -0.41999995708465576 -0.41999995708465576 -0.31999993324279785 -0.36000001430511475 -0.3399999141693115 -0.5199999809265137 0 -0.44999992847442627 -0.4099999666213989 -0.4299999475479126 -0.3299999237060547 -0.49000000953674316 -0.41999995708465576 -0.7199999094009399 -0.7300000190734863 -0.7300000190734863 -0.7300000190734863 -0.7599999904632568 -0.6499999761581421 -0.5499999523162842 -0.4599999189376831 -0.5 -0.5 -0.5299999713897705 -0.5299999713897705 -0.5999999046325684
-1.3900001049041748 -1.200000286102295 -0.9900002479553223 -0.6800003051757812 -2.9400001764297485 -0.690000057220459 -4.200000166893005 -4.200000166893005 -0.8600001335144043 -1.0404298305511475 -0.5504298210144043 -1.1800003051757812 -2.760000228881836 -0.7600002288818359 -1.0300002098083496 -1.0300002098083496 -1.1200001239776611 -1.2400002479553223 -0.9300003051757812 -0.3300004005432129 -0.3000001907348633 -2.4900002479553223 -4.050000190734863 -4.050000190734863 -1.9100000858306885 -1.880000114440918 -3.2400002479553223 -0.5799999237060547 -0.4299999475479126 0 0 -0.4299999475479126 -0.5099999904632568 -0.44999992847442627 -0.6200000047683716 -0.7300000190734863 -0.7300000190734863 -0.6100000143051147 -0.6100000143051147 -0.5299999713897705 -0.6499999761581421 -0.5199999809265137 -0.5799999237060547 -0.4799998998641968 -0.4299999475479126 -0.6499999761581421 -0.6499999761581421 -0.5799999237060547
0 -1.0200002193450928 -1.500000238418579 -1.1000001430511475 -0.7699999809265137 -0.880000114440918 -0.9400002956390381 -0.9400002956390381 -5.180000185966492 -0.570000171661377 -1.0400002002716064 -0.1399998664855957 -0.4699997901916504 -2.140000104904175 0 0 -1.0099999904632568 -0.7699999809265137 -1.2999999523162842 -1.2699999809265137 -0.7300000190734863 -3.0000001192092896 -3.160000205039978 -3.160000205039978 -2.8400001525878906 -2.760000228881836 -2.830000162124634 0 -3.8800001740455627 -3.2400002479553223 -3.2400002479553223 -3.4400001764297485 -3.480000138282776 -3.720000147819519 -0.6899999380111694 -0.7300000190734863 -0.9099999666213989 -0.5999999046325684 -0.5999999046325684 0 -0.5399999618530273 -0.5499999523162842 -0.6100000143051147 -0.7899999618530273 -0.6899999380111694 -0.7599999904632568 -0.7599999904632568 -1.2499998807907104
-7.000000238418579 -5.610000193119049 -4.250000178813934 -3.0900001525878906 -2.0300002098083496 -1.510000228881836 -2.330000162124634 -2.330000162124634 -1.6800003051757812 -2.140000104904175 -1.1700000762939453 -3.250000238418579 -6.340000152587891 -4.610000014305115 -0.3599998950958252 -0.3599998950958252 -0.9600000381469727 -0.9600000381469727 -1.4099998474121094 -2.1499998569488525 -3.070000171661377 -2.680000066757202 -2.680000066757202 -1.5600001811981201 -0.7000002861022949 0 0 0 0 -0.019999980926513672 -0.019999980926513672 -0.019999980926513672 -0.5199999809265137 -1.3300001621246338 -3.2400002479553223 -3.2400002479553223 -0.7999999523162842 -0.6799999475479126 -0.6799999475479126 0 -0.6599999666213989 -0.5299999713897705 -0.6399999856948853 -0.559999942779541 -0.6100000143051147 -0.6100000143051147 -0.559999942779541 -0.5799999237060547
-1.3700001239776611 -1.6100001335144043 -1.760000228881836 -1.690000295639038 -1.6500000953674316 -1.750000238418579 -1.8500001430511475 -1.8500001430511475 -2.3000001907348633 -2.8800002336502075 -2.7900002002716064 -1.5900001525878906 -0.9500002861022949 -6.009999990463257 -1.1400001049041748 -1.1400001049041748 -0.009999752044677734 -1.1699998378753662 -0.1700000762939453 -0.009999752044677734 -0.019999980926513672 -2.080000162124634 -2.080000162124634 -0.019999980926513672 -0.7600002288818359 -0.40000009536743164 0 0 0 -0.019999980926513672 -0.019999980926513672 -0.019999980926513672 0 0 -1.4700002670288086 -3.06000018119812 -0.7300000190734863 -0.7999999523162842 -0.7999999523162842 -0.6799999475479126 -0.5499999523162842 0 -0.6100000143051147 -0.5399999618530273 -0.5999999046325684 -0.5999999046325684 -0.5499999523162842 -0.4599999189376831
-1.4200000762939453 -1.130000114440918 -1.1100001335144043 -1.1100001335144043 -1.1200001239776611 -1.3100001811981201 -1.1400001049041748 -1.1400001049041748 -0.5100002288818359 -1.9300003051757812 -3.3500001430511475 -3.81000018119812 -4.780000191181898 -4.830000190064311 -0.8700001239776611 -0.8700001239776611 -0.009999752044677734 -0.9199998378753662 -0.12999963760375977 -3.0899999141693115 -2.5299999713897705 -0.6999998092651367 -0.6999998092651367 -0.9600000381469727 -0.5900001525878906 -0.029999732971191406 -0.029999732971191406 -0.029999732971191406 -0.029999732971191406 -0.04999971389770508 -0.04999971389770508 -0.36999988555908203 -0.3299999237060547 -0.6999998092651367 -0.2200002670288086 -0.7699999809265137 -4.090000212192535 -3.010000228881836 -3.010000228881836 -0.5899999141693115 -0.7999999523162842 -1.059999942779541 -0.6799999475479126 -0.5499999523162842 -0.5399999618530273 -0.5399999618530273 -0.5099999904632568 -0.4299999475479126
-1.3300001621246338 -1.2400002479553223 -1.2100002765655518 -1.1400001049041748 -1.2800002098083496 -1.1500000953674316 -1.750000238418579 -1.750000238418579 -1.1500000953674316 -1.3400001525878906 -1.130000114440918 -1.0300002098083496 -1.380000114440918 -5.200000196695328 -5.8500001430511475 -5.8500001430511475 -1.9100000858306885 -0.24000024795532227 -2.3600001335144043 -0.6400003433227539 -1.0299999713897705 -0.9199998378753662 -0.9199998378753662 -0.5699996948242188 -0.7599997520446777 -0.6399998664855957 -0.2999997138977051 -0.029999732971191406 -0.809999942779541 -0.4699997901916504 -0.4699997901916504 -0.04999971389770508 -0.40000009536743164 -0.309999942779541 -0.25 -0.5900001525878906 -2.320000171661377 -3.070000171661377 -3.070000171661377 -0.46999990940093994 -0.7999999523162842 -1.6299999952316284 -0.6200000047683716 -0.5399999618530273 -0.5299999713897705 -0.5299999713897705 -0.5399999618530273 -0.5299999713897705
-1.4300003051757812 -1.5800001621246338 -1.4300003051757812 -1.3500001430511475 -1.1600000858306885 -1.320000171661377 0 0 -1.130000114440918 -1.2900002002716064 -1.4100000858306885 -1.130000114440918 0 0 -4.680000193417072 -4.680000193417072 -6.610000133514404 -6.650000214576721 -1.4000000953674316 -0.820000171661377 -0.9199998378753662 -0.8599998950958252 -0.8599998950958252 -0.9900000095367432 -0.8199996948242188 -0.630000114440918 -1.0399999618530273 -0.7199997901916504 -0.4499998092651367 -0.5799999237060547 -0.5799999237060547 -0.3299999237060547 -0.7300000190734863 -0.3299999237060547 -0.48000001907348633 -0.440000057220459 0 -3.1400002241134644 -3.2400002479553223 -0.5999999046325684 -0.6699999570846558 -0.8199999332427979 -0.7099999189376831 -0.6299998760223389 -0.5499999523162842 -0.5499999523162842 -0.619999885559082 -0.43999993801116943
-1.820000171661377 -1.510000228881836 -1.3900001049041748 -1.5400002002716064 -1.500000238418579 -1.5300002098083496 -1.200000286102295 -1.200000286102295 -1.450000286102295 -1.5300002098083496 -0.7200002670288086 0 0 -0.6500000953674316 -0.6500000953674316 -3.3800002336502075 -5.459999769926071 -0.18999958038330078 -6.880000114440918 -8.120000123977661 -5.590000092983246 -0.5199999809265137 -0.5199999809265137 -0.6800003051757812 -0.5600004196166992 -1.7400002479553223 -0.7699999809265137 -1.000000238418579 -1.6800003051757812 -0.9100000858306885 -0.9100000858306885 -1.1700000762939453 -0.7600002288818359 -0.8700001239776611 -0.5900001525878906 0 -0.9400002956390381 -0.9400002956390381 -3.2400002479553223 -0.559999942779541 -1.5399999618530273 -0.5199999809265137 -0.6399999856948853 -0.619999885559082 -0.11999988555908203 -0.11999988555908203 -0.6699999570846558 -0.039999961853027344
-1.6400001049041748 -1.760000228881836 0 -1.2700002193450928 -1.3600001335144043 -1.500000238418579 -1.380000114440918 -1.380000114440918 -1.5400002002716064 -1.5400002002716064 -1.190000295639038 -1.2700002193450928 -0.7800002098083496 -0.5600004196166992 -0.5600004196166992 -9.140000343322754 -5.4999998807907104 -0.5199999809265137 -0.6800003051757812 -2.9300001859664917 -8.500000238418579 -8.330000162124634 -8.330000162124634 -1.320000171661377 -0.5199999809265137 -1.0900001525878906 -0.570000171661377 -1.4300003051757812 -1.2700002193450928 -0.8299999237060547 -0.8299999237060547 -1.6400001049041748 -0.9700000286102295 -0.9000000953674316 -0.5100002288818359 0 -0.8100001811981201 -0.8100001811981201 -3.9300001859664917 -0.7300000190734863 -0.7999999523162842 -1.3499999046325684 -1.0699999332427979 -1.0199999809265137 -0.5899999141693115 -0.5899999141693115 -0.6499999761581421 -0.039999961853027344
-1.440000295639038 0 -1.6400001049041748 -1.510000228881836 -1.5800001621246338 0 -1.3000001907348633 -1.3000001907348633 -1.3900001049041748 -1.380000114440918 -1.5300002098083496 -1.260000228881836 -1.260000228881836 -1.2100002765655518 -1.2100002765655518 -1.250000238418579 -0.1700000762939453 -1.0899999141693115 -1.190000057220459 -1.7200000286102295 -1.320000171661377 -1.4600002765655518 -1.4600002765655518 -7.009999752044678 -7.319999694824219 -1.5500001907348633 -1.2700002193450928 -1.0400002002716064 -1.3300001621246338 -1.0200002193450928 -1.0200002193450928 -0.3300001621246338 -0.8299999237060547 -1.5499999523162842 -0.49000024795532227 -1.6200001239776611 -4.010000169277191 -4.010000169277191 -2.510000228881836 -0.5899999141693115 0 -0.6200000047683716 -0.559999942779541 -0.6100000143051147 -0.5699999332427979 -0.5699999332427979 -0.7400000095367432 -0.059999942779541016
-1.5200002193450928 -1.320000171661377 -1.7200002670288086 -1.500000238418579 -1.570000171661377 -1.2100002765655518 -0.25 -0.25 -1.3700001239776611 -1.4200000762939453 -1.4200000762939453 -1.5600001811981201 -1.500000238418579 -1.510000228881836 -1.510000228881836 -1.3100001811981201 -1.5099999904632568 -0.9600000381469727 -1.0899999141693115 -1.059999942779541 -0.8300001621246338 -2.9500001668930054 -2.9500001668930054 -2.019999921321869 -6.7799999713897705 -9.640000343322754 -1.750000238418579 -0.8000001907348633 -1.320000171661377 -0.7500002384185791 -0.7500002384185791 -0.5500001907348633 -1.2300000190734863 -0.8399999141693115 -1.250000238418579 -3.9500001668930054 -3.2400002479553223 -3.2400002479553223 -3.420000195503235 -0.6299999952316284 -0.6599999666213989 -0.6699999570846558 -0.7099999189376831 -0.5899999141693115 -0.6999999284744263 -0.6999999284744263 -0.3999999761581421 -0.6100000143051147
0 -1.690000295639038 -1.5600001811981201 -1.2200002670288086 -1.4700002670288086 -1.4800002574920654 -1.570000171661377 -1.570000171661377 -1.510000228881836 0 -1.3400001525878906 -1.3600001335144043 -1.3900001049041748 -1.6200001239776611 -1.6200001239776611 -1.3500001430511475 -1.3599998950958252 -1.2200000286102295 -1.3299999237060547 -0.009999752044677734 -1.0300002098083496 -4.660000190138817 -4.660000190138817 -0.3999999761581421 -0.7400000095367432 -0.3299999237060547 -2.069999933242798 -10.110000133514404 -4.810000190511346 -3.56000018119812 -3.56000018119812 -3.730000138282776 -3.830000162124634 -2.700000286102295 -3.080000162124634 -3.720000147819519 -0.25999999046325684 -0.25999999046325684 -0.31999993324279785 -1.1999999284744263 -0.7300000190734863 -0.24000000953674316 -0.7199999094009399 -0.9199999570846558 -0.6599999666213989 -0.6599999666213989 -0.6299999952316284 -0.3700000047683716
-1.4300003051757812 -1.2300002574920654 -1.5600001811981201 -1.260000228881836 -1.4600002765655518 -1.5600001811981201 -1.5600001811981201 -1.5400002002716064 -1.3500001430511475 -1.3500001430511475 -1.5500001907348633 -1.4600002765655518 0 -1.4300003051757812 -1.4300003051757812 -1.4100000858306885 -1.5300002098083496 -1.3900001049041748 -1.4300003051757812 0 -2.450000286102295 0 0 -0.8100000619888306 -2.860000044107437 -0.6899999976158142 -0.7000000178813934 -2.400000035762787 -4.464460134506226 -4.464460134506226 -1.7700000405311584 -1.0100000500679016 -1.0000000298023224 -0.7700000405311584 -0.19000005722045898 -0.19000005722045898 -0.9799999594688416 -0.9799999594688416 -1.3099999725818634 -1.879999965429306 -1.3299999833106995 -0.7300000190734863 0 -0.6499999761581421 -0.009999990463256836 -0.009999990463256836 -0.5899999141693115 -0.5799999237060547
-1.4900002479553223 -1.1500000953674316 -1.1700000762939453 -1.3400001525878906 -1.5300002098083496 -1.250000238418579 -1.250000238418579 -1.440000295639038 -1.3900001049041748 -1.3700001239776611 -1.3100001811981201 -1.5200002193450928 -1.6400001049041748 0 0 -1.7100002765655518 -1.3500001430511475 -1.5500001907348633 0 -2.580000162124634 -2.450000286102295 -3.6800001859664917 -3.6800001859664917 -2.850000023841858 -2.920000046491623 -1.7099999785423279 -1.5999999940395355 -1.6500000357627869 0 0 -6.579999923706055 -2.090000033378601 -0.940000057220459 -0.8500000238418579 -0.559999942779541 -0.7100000381469727 -1.5299999415874481 -1.5299999415874481 -1.1899999380111694 -1.4699999690055847 -2.849999964237213 -1.3499999642372131 -0.7300000190734863 -0.009999990463256836 -0.6099998950958252 -0.6099998950958252 -0.6399999856948853 -0.5699999332427979
