SimulationData/Scenarios/Waterwolf/Flooding/Uitdammerdijk/120.asc
ncols        561
nrows        278
xllcorner    4.817258165162
yllcorner    52.370746892638
cellsize     0.000511251697
NODATA_value  -9999
[rows 88 to 109 of 278, columns 336 to 383 of 561]
-9999 -9999 -9999 -9999 -9999 -9999 -9999 -9999 -9999 -9999 -9999 -9999 -9999 -9999 -9999 -9999 -9999 -9999 -9999 -9999 -9999 -9999 -9999 -9999 -2.3899999260902405 -1.059999942779541 -1.059999942779541 -1.059999942779541 -0.4799998998641968 -0.21000003814697266 -0.49000000953674316 -1.0199999809265137 -1.0099999904632568 -1.0099999904632568 -0.5900000333786011 -0.9500000476837158 -0.8799999952316284 -0.8400000333786011 -0.7599999904632568 -0.7400000095367432 -0.7999999523162842 -0.7999999523162842 -0.6299999952316284 -0.7300000190734863 -0.7300000190734863 -0.5700000524520874 -0.8600000143051147 -0.7999999523162842
-9999 -9999 -9999 -9999 -9999 -9999 -9999 -9999 -9999 -9999 -9999 -9999 -9999 -9999 -9999 -9999 -9999 -9999 -9999 -9999 -9999 -9999 -0.2600000202655792 -0.050000011920928955 -1.7899999469518661 -1.7899999469518661 -0.1499999761581421 0 -0.059999942779541016 -0.12000000476837158 -0.2200000286102295 -0.9500000476837158 -0.8200000524520874 -0.8200000524520874 -0.9099999666213989 -0.8600000143051147 -0.8300000429153442 -0.8700000047683716 -0.809999942779541 -0.5399999618530273 -0.2999999523162842 -0.2999999523162842 -0.7999999523162842 -0.7599999904632568 -0.6699999570846558 -0.7699999809265137 -0.6599999666213989 -0.7400000095367432
-9999 -9999 -9999 -9999 -9999 -9999 -9999 -9999 -9999 -9999 -9999 -9999 -9999 -9999 -9999 -9999 -9999 -9999 -9999 -9999 -9999 -1.3200000524520874 -2.5699999034404755 -1.0799999237060547 -0.7099999189376831 -0.7099999189376831 -0.8299999237060547 -1.1599998474121094 -0.9799998998641968 -0.9099998474121094 -0.8899998664855957 -0.7899999618530273 -1.0399999618530273 -1.0399999618530273 -0.8899999856948853 -0.8600000143051147 -0.7899999618530273 -0.7999999523162842 -0.7599999904632568 -0.7300000190734863 -0.5299999713897705 -0.5299999713897705 -0.7599999904632568 -0.6699999570846558 -0.5800000429153442 -0.690000057220459 -0.75 -0.7400000095367432
-9999 -9999 -9999 -9999 -9999 -9999 -9999 -9999 -9999 -9999 -9999 -9999 -9999 -9999 -9999 -9999 -9999 -1.059999942779541 -1.059999942779541 -1.1899999380111694 -0.869999885559082 -0.6399998664855957 -0.6999999284744263 0 -0.8300000429153442 -0.8300000429153442 -0.9800001382827759 -1.0700000524520874 -0.880000114440918 -0.8899998664855957 -0.9799998998641968 -0.09999990463256836 -0.9199999570846558 -0.9199999570846558 -0.9899998903274536 -1.0399999618530273 -1.059999942779541 -0.8999998569488525 -0.9599999189376831 -0.9699999094009399 -0.9799998998641968 -0.9799998998641968 -0.8399999141693115 -0.7200000286102295 -0.7300000190734863 -0.7100000381469727 -0.690000057220459 -0.6599999666213989
-9999 -9999 -9999 -9999 -9999 -9999 -9999 -9999 -9999 -9999 -9999 -9999 -9999 -9999 -1.6699999570846558 0 0 -1.2199999392032623 -1.2199999392032623 0 -0.7199999094009399 -0.39999985694885254 -0.39999985694885254 -0.7199999094009399 -0.8500001430511475 -0.8500001430511475 -0.9800001382827759 -0.880000114440918 -0.8600001335144043 -0.869999885559082 -0.9599999189376831 -0.7899999618530273 -0.7399998903274536 -0.7399998903274536 -1.029999852180481 -0.9799998998641968 -0.9399999380111694 -0.8999998569488525 -0.6799999475479126 -0.6399998664855957 -0.9799998998641968 -0.9799998998641968 -0.9899998903274536 -0.7999999523162842 -0.75 -0.7999999523162842 -0.690000057220459 -0.6599999666213989
-9999 -9999 -9999 -9999 -9999 -9999 -1.5 0 -1.2899999618530273 -1.8299999609589577 -1.8299999609589577 -1.1499998569488525 -0.5999999046325684 -0.4299999475479126 -0.8100000023841858 -0.5999999046325684 -0.6399998664855957 -1.3499999046325684 -1.3499999046325684 -1.1299998760223389 -0.9499999284744263 -0.619999885559082 -0.6299998760223389 -0.7299998998641968 -0.05000019073486328 -0.05000019073486328 -0.9100000858306885 -0.8000000715255737 -0.690000057220459 -0.7399998903274536 -0.8499999046325684 -0.8799998760223389 -0.8899998664855957 -0.8899998664855957 -0.8399999141693115 -0.7199999094009399 -0.6999999284744263 0 -0.7099999189376831 -0.809999942779541 -0.809999942779541 -0.9299999475479126 -0.9099998474121094 -0.7899999618530273 -0.7699999809265137 -0.6699999570846558 -0.7599999904632568 -0.7300000190734863
-9999 -9999 -9999 -9999 -1.3600000143051147 -1.3600000143051147 -2.499999910593033 -0.5999999046325684 -0.5699999332427979 0 0 -0.5500000715255737 -0.6800000667572021 -0.7000000476837158 -0.690000057220459 -0.7100001573562622 -0.720000147819519 -0.7900000810623169 -0.7900000810623169 -0.7300001382827759 -0.6799999475479126 -0.5699999332427979 -0.6299998760223389 -0.7499998807907104 -0.809999942779541 -0.809999942779541 -0.7899999618530273 -0.6699999570846558 -0.8299999237060547 -0.7599998712539673 -0.7899998426437378 -0.809999942779541 -0.6799999475479126 -0.6799999475479126 0 -0.6599998474121094 -0.6999999284744263 -0.779999852180481 -0.3899998664855957 -0.6899999380111694 -0.6899999380111694 -0.8999998569488525 -0.8799998760223389 -0.7999999523162842 -0.5399999618530273 -0.7999999523162842 -0.75 -0.559999942779541
0 -1.25 -1.25 -1.6799999997019768 -0.48000001907348633 -0.20000004768371582 -0.5899999141693115 -0.5099998712539673 -0.4899998903274536 -0.34999990463256836 -0.34999990463256836 -0.040000200271606445 -0.6800000667572021 -0.6600000858306885 -0.690000057220459 -0.7000001668930054 -0.7600001096725464 -0.6700000762939453 -0.6700000762939453 -0.03000020980834961 -0.6999999284744263 -0.6299998760223389 -0.5099998712539673 -0.6599998474121094 -0.6899999380111694 -0.6899999380111694 -0.7499998807907104 -0.7399998903274536 -0.7699998617172241 -0.7899998426437378 -0.7299998998641968 -0.7499998807907104 -0.7099999189376831 -0.7099999189376831 -0.5799999237060547 -0.7899999618530273 0 -0.7599998712539673 -0.8299999237060547 -0.6699999570846558 -0.6699999570846558 -0.7999999523162842 -0.8399999141693115 -0.7200000286102295 0 -0.7799999713897705 -0.8500000238418579 -0.7400000095367432
-0.0700000524520874 -0.6899999380111694 -0.6899999380111694 -0.619999885559082 -0.5800000429153442 -0.440000057220459 0 -0.5499999523162842 -0.559999942779541 -0.5999999046325684 -0.5999999046325684 -0.7300001382827759 -0.5800001621246338 -0.6400001049041748 -0.690000057220459 -0.5200001001358032 -0.570000171661377 -0.570000171661377 -0.5900001525878906 -0.5400000810623169 -0.559999942779541 -0.6699999570846558 -0.6799999475479126 -0.7199999094009399 -0.8399999141693115 -0.8399999141693115 -0.7299998998641968 -0.6799999475479126 -0.7099999189376831 -0.7499998807907104 -0.009999990463256836 -0.4899998903274536 -0.6899999380111694 -0.6899999380111694 -0.7399998903274536 -0.6499998569488525 -0.6699999570846558 -0.7199999094009399 -0.7099999189376831 -0.809999942779541 -0.809999942779541 -0.6499998569488525 -0.7599998712539673 -0.7699999809265137 -0.690000057220459 0 -0.7200000286102295 -0.6200000047683716
-0.4099998474121094 -0.6999999284744263 -0.6999999284744263 -0.5699999332427979 -0.6799999475479126 -0.5899999141693115 -0.7500001192092896 -0.5700000524520874 -0.6600000858306885 -0.6200001239776611 -0.6200001239776611 -0.6899999380111694 -0.6899999380111694 -0.6299998760223389 -0.7199999094009399 -0.6600000858306885 -0.690000057220459 -0.690000057220459 -0.7100001573562622 -0.5600000619888306 -0.6700000762939453 -0.7500001192092896 -0.720000147819519 -0.7100001573562622 -1.0099998712539673 -1.0099998712539673 -0.8399999141693115 -0.9999998807907104 -0.9899998903274536 -0.9799998998641968 -0.9799998998641968 -1.0099998712539673 -0.9199998378753662 -0.9199998378753662 -0.5799999237060547 -0.7899998426437378 -0.809999942779541 -0.7099999189376831 -0.019999980926513672 -0.6999999284744263 -0.6999999284744263 -0.6499998569488525 -0.43999993801116943 -0.6000000238418579 -0.6799999475479126 -0.6899999380111694 -0.3700000047683716 -0.6799999475479126
-0.6899999380111694 -0.7299998998641968 -0.7299998998641968 -0.6599998474121094 -0.5899999141693115 -0.6299998760223389 -0.8000000715255737 -0.6500000953674316 -0.6800000667572021 -0.690000057220459 -0.690000057220459 -0.6799999475479126 -0.6699999570846558 -0.6699999570846558 -0.6899999380111694 -0.7400001287460327 -0.720000147819519 -0.720000147819519 -0.6100001335144043 -0.05000019073486328 -0.4600001573562622 -0.690000057220459 -0.03000020980834961 -0.820000171661377 -0.9999998807907104 -0.9999998807907104 -0.8199999332427979 -0.779999852180481 -0.8399999141693115 -0.25999999046325684 -0.9099998474121094 -0.9399999380111694 -0.9599999189376831 -0.9599999189376831 -0.779999852180481 -0.7699998617172241 -0.15999984741210938 -0.809999942779541 -0.8299999237060547 -0.7099999189376831 -0.7099999189376831 -0.7699998617172241 -0.7299998998641968 -0.029999971389770508 -0.6799999475479126 -0.6100000143051147 -0.5799999237060547 -0.6299999952316284
-0.6699999570846558 -0.5899999141693115 -0.5899999141693115 -0.5199998617172241 0 -0.5999999046325684 -0.6400001049041748 -0.6200001239776611 -0.6800000667572021 -0.6800000667572021 -0.6800000667572021 -0.6999999284744263 -0.6699999570846558 -0.6799999475479126 -0.6599998474121094 -0.690000057220459 -0.26000022888183594 -0.26000022888183594 -0.6400001049041748 -0.6600000858306885 -0.5600000619888306 -0.7100001573562622 -0.7000001668930054 -0.8500001430511475 -0.9999998807907104 -0.9999998807907104 -0.869999885559082 -0.869999885559082 -0.8499999046325684 -0.8899998664855957 -0.9999998807907104 -0.7599998712539673 -0.9099998474121094 -0.9099998474121094 -0.7999998331069946 -0.6099998950958252 -0.7999998331069946 -0.6599998474121094 -0.7399998903274536 -0.5899999141693115 -0.5899999141693115 -0.7099999189376831 -0.6899999380111694 -0.3500000238418579 -0.6299999952316284 -0.6000000238418579 -0.029999971389770508 -0.7200000286102295
-0.6000001430511475 -0.5899999141693115 -0.5899999141693115 -0.5699999332427979 -0.5999999046325684 -0.6099998950958252 -0.5899999141693115 -0.5999999046325684 -0.6899999380111694 -0.529999852180481 -0.529999852180481 -0.720000147819519 -0.7400001287460327 -0.720000147819519 -0.040000200271606445 -0.7600001096725464 -0.7100001573562622 -0.7100001573562622 -0.690000057220459 -0.37000012397766113 -0.6500000953674316 -0.6700000762939453 -0.7500001192092896 -0.720000147819519 -0.6799999475479126 -0.6799999475479126 -0.8499999046325684 -0.7399998903274536 -0.869999885559082 -0.9099998474121094 -0.9499999284744263 -1.0199998617172241 -1.0199998617172241 -0.7999999523162842 -0.7099999189376831 -0.8199999332427979 -0.6299998760223389 -0.7299998998641968 -0.4899998903274536 -0.8499999046325684 -0.8499999046325684 -0.7399998903274536 -0.7199999094009399 -0.6200000047683716 -0.5499999523162842 -0.6100000143051147 -0.5900000333786011 -0.46000003814697266
-0.5200001001358032 -0.559999942779541 -0.559999942779541 -0.5999999046325684 -0.6399998664855957 -0.5899999141693115 -0.5399999618530273 -0.6399998664855957 -0.6399998664855957 -0.619999885559082 -0.619999885559082 -0.690000057220459 -0.7300001382827759 -0.7100001573562622 -0.6500000953674316 -0.7000001668930054 -0.6800000667572021 -0.6800000667572021 -0.6800000667572021 -0.3300001621246338 -0.5600000619888306 -0.6000001430511475 -0.630000114440918 -0.6100001335144043 -0.7899998426437378 -0.7899998426437378 -0.809999942779541 -0.8499999046325684 -0.8899998664855957 -0.8299999237060547 -0.9799998998641968 -0.8799998760223389 -0.8799998760223389 -0.4799997806549072 -0.6899999380111694 -0.6899999380111694 -0.7499998807907104 -0.49999988079071045 -0.7199999094009399 -0.8199999332427979 -0.8199999332427979 -0.7499998807907104 -0.11999988555908203 -0.5700000524520874 -0.5499999523162842 -0.309999942779541 -0.49000000953674316 -0.440000057220459
-0.4800001382827759 -0.5699999332427979 -0.5699999332427979 -0.5499999523162842 -0.5899999141693115 -0.5899999141693115 -0.6099998950958252 -0.6999999284744263 -0.5899999141693115 -0.6399998664855957 -0.6399998664855957 -0.7700001001358032 -0.040000200271606445 -0.6600000858306885 -0.7000000476837158 -0.7000001668930054 -0.6400001049041748 -0.6400001049041748 -0.7000001668930054 -0.6400001049041748 -0.6700000762939453 -0.3400001525878906 -0.6600000858306885 -0.7000001668930054 -0.8499999046325684 -0.8499999046325684 -0.619999885559082 -0.7899998426437378 -0.7699998617172241 -0.9699999094009399 -0.779999852180481 -0.8299999237060547 -0.8299999237060547 -0.9899998903274536 -0.6099998950958252 -0.7299998998641968 -0.7299998998641968 -0.7099999189376831 -0.7499998807907104 -0.6399998664855957 -0.6399998664855957 -0.7999998331069946 -0.619999885559082 -0.6699999570846558 -0.559999942779541 -0.5299999713897705 -0.48000001907348633 -0.3799999952316284
-0.6500000953674316 -0.5600000619888306 -0.5600000619888306 -0.6700000762939453 -0.6700000762939453 -0.040000200271606445 -0.5999999046325684 -0.5799999237060547 -0.5699999332427979 -0.5699999332427979 -0.6599998474121094 -0.7699998617172241 -0.7499998807907104 -0.6999999284744263 -0.6699998378753662 -0.7699999809265137 -0.7800000905990601 -0.7800000905990601 -0.8200000524520874 -0.7599999904632568 -0.7400000095367432 -0.7599999904632568 -0.7599999904632568 -0.6800000667572021 -0.570000171661377 -0.570000171661377 -0.6700000762939453 -0.5500001907348633 -0.6100001335144043 -0.2200000286102295 -0.2200000286102295 -0.8199999332427979 -0.8199999332427979 -0.7999999523162842 -0.7499998807907104 -0.7899999618530273 -0.17999982833862305 -0.7399998903274536 0 -0.6699999570846558 -0.6699999570846558 -0.6699999570846558 -0.779999852180481 -0.6399999856948853 -0.5399999618530273 -0.5700000524520874 -0.4700000286102295 0
-0.5100001096725464 -0.5600000619888306 -0.5600000619888306 -0.6500000953674316 -0.6700000762939453 -0.6500000953674316 -0.7399998903274536 -0.019999980926513672 -0.6699998378753662 -0.6699998378753662 -0.49999988079071045 -0.22999978065490723 -0.7499998807907104 -0.7399998903274536 -0.5999999046325684 -0.7800000905990601 -0.5099999904632568 -0.5099999904632568 -0.5500000715255737 -0.6700000762939453 -0.6500000953674316 -0.6299999952316284 -0.6399999856948853 -0.3600001335144043 -0.6100001335144043 -0.6100001335144043 -0.7900000810623169 -0.720000147819519 -0.8300001621246338 -0.6299998760223389 -0.7299998998641968 -0.7799999713897705 -0.7799999713897705 -0.8799998760223389 0 -0.7399998903274536 0 -0.809999942779541 -0.5699999332427979 -0.5099998712539673 -0.5099998712539673 -0.7399998903274536 -0.7299998998641968 -0.6499999761581421 -0.5900000333786011 -0.6000000238418579 -0.4700000286102295 -0.4700000286102295
-0.5400000810623169 -0.5800001621246338 -0.5800001621246338 -0.6200001239776611 -0.5700000524520874 -0.040000200271606445 -0.6999999284744263 -0.7499998807907104 -0.7699998617172241 -0.7699998617172241 -0.7399998903274536 -0.7399998903274536 -0.809999942779541 -0.7899998426437378 -0.7499998807907104 -0.8100000619888306 -0.1100001335144043 -0.1100001335144043 -0.1100001335144043 -0.7000000476837158 -0.6500000953674316 -0.6200000047683716 -0.6000000238418579 -0.6800000667572021 -0.8199999332427979 -0.8199999332427979 -0.6499998569488525 -0.559999942779541 -0.7299998998641968 -0.7199999094009399 -0.7699998617172241 -0.9399999380111694 -0.9399999380111694 -0.9899998903274536 -0.6899999380111694 0 -0.809999942779541 -0.8299999237060547 -0.809999942779541 -0.7899999618530273 -0.7899999618530273 -0.7899999618530273 -0.7199999094009399 -0.5199999809265137 -0.5099999904632568 -1.2999999523162842 -0.5099999904632568 -0.5099999904632568
-0.5700000524520874 -0.4200000762939453 -0.4200000762939453 -0.4800001382827759 -0.6100001335144043 -0.690000057220459 -0.019999980926513672 -0.7899998426437378 -0.8199999332427979 -0.8199999332427979 -0.5899999141693115 -0.8399999141693115 -0.7999998331069946 -0.7499998807907104 -0.7999998331069946 -0.8000000715255737 -0.7800000905990601 -0.7800000905990601 -0.5400000810623169 -0.7100000381469727 -0.7400000095367432 -0.6200000047683716 -0.6200000047683716 -0.6800000667572021 -0.7999998331069946 -0.7999998331069946 -0.559999942779541 -0.7099999189376831 -0.8499999046325684 -0.7099999189376831 -0.7999999523162842 -0.7899999618530273 -0.7899999618530273 -0.24000000953674316 -0.779999852180481 -0.7499998807907104 -0.8199999332427979 -0.6099998950958252 -0.809999942779541 -0.8299999237060547 -0.8299999237060547 -0.7399998903274536 -0.6899999380111694 -0.6499999761581421 -0.49000000953674316 -1.1200000047683716 -0.11999988555908203 -0.11999988555908203
-0.5500000715255737 -0.5500000715255737 -0.5500000715255737 -0.6400001049041748 -0.6800000667572021 -0.7100001573562622 -0.7199999094009399 -0.8299999237060547 -0.8399999141693115 -0.8399999141693115 -0.7999998331069946 -0.7699998617172241 -0.7999998331069946 -0.8399999141693115 -0.7099999189376831 -0.7800000905990601 -0.8000000715255737 -0.7000000476837158 -0.690000057220459 -0.7000000476837158 -0.48000001907348633 -0.6299999952316284 -0.13000011444091797 -0.6100000143051147 -0.6100000143051147 -0.809999942779541 -0.8299999237060547 -0.6499998569488525 -0.6499998569488525 -0.619999885559082 -0.8499999046325684 -0.8799998760223389 -0.8799998760223389 -0.9599999189376831 -0.7299998998641968 -0.7499998807907104 -0.7899999618530273 -0.7699998617172241 -0.7299998998641968 -0.779999852180481 -0.779999852180481 -0.559999942779541 -0.5699999332427979 -1.4799998998641968 -1.7899999618530273 -0.9100000858306885 -0.5199999809265137 -0.5199999809265137
-0.4299999475479126 -0.4799998998641968 -0.4799998998641968 -0.5399998426437378 -0.6099998950958252 -0.7299998998641968 -0.779999852180481 -0.7699998617172241 -0.8199999332427979 -0.8199999332427979 -0.7399998903274536 -0.779999852180481 -0.7599998712539673 -0.7599998712539673 -0.7599998712539673 -0.6599998474121094 -0.6399998664855957 -0.6399998664855957 -0.6599998474121094 -0.5199998617172241 -0.7000000476837158 -0.7200000286102295 -0.43000006675720215 -0.6700000762939453 -0.6700000762939453 -0.7799999713897705 -0.6399999856948853 -0.1399998664855957 -0.21000003814697266 -0.21000003814697266 -0.8199999332427979 -0.39999985694885254 -0.39999985694885254 -0.7099999189376831 -0.9699999094009399 -0.7199999094009399 -0.25999999046325684 -0.24000000953674316 -0.9499979019165039 -1.6199978590011597 -1.6199978590011597 -1.5399999618530273 -1.619999885559082 -2.0899999141693115 -1.8399999141693115 -1.6099998950958252 -1.3599998950958252 -1.3599998950958252
-0.3299999237060547 -0.3299999237060547 -0.4599999189376831 -0.5899999141693115 -0.5399998426437378 -0.6499998569488525 -0.7199999094009399 -0.7999999523162842 -0.6799999475479126 -0.6799999475479126 -0.7499998807907104 -0.779999852180481 -0.7499998807907104 -0.4299999475479126 -0.6299998760223389 -0.779999852180481 -0.3299999237060547 -0.3299999237060547 -0.7499998807907104 -0.6099998950958252 -0.8100000619888306 -0.7100000381469727 -0.75 -0.7100000381469727 -0.7100000381469727 -0.7599999904632568 -0.4500000476837158 -0.5 -0.39999985694885254 -0.49000000953674316 -0.08999991416931152 0 0 -0.559999942779541 -1.279999852180481 -1.2899998426437378 -0.33000004291534424 -0.38999998569488525 -1.5299978256225586 -1.189997911453247 -1.189997911453247 -0.36999988555908203 -0.23000001907348633 -1.5499999523162842 -1.5699999332427979 -1 -0.7699999809265137 -0.7699999809265137
