SimulationData/Scenarios/Waterwolf/Flooding/Uitdammerdijk/1200.asc
ncols        561
nrows        278
xllcorner    4.817258165162
yllcorner    52.370746892638
cellsize     0.000511251697
NODATA_value  -9999
[rows 0 to 21 of 278, columns 240 to 287 of 561]
-9999 -9999 -9999 -9999 -9999 -9999 -9999 -9999 -9999 -9999 -9999 -9999 -9999 -9999 -9999 -9999 -9999 -9999 -9999 -9999 -9999 -9999 -9999 -9999 -9999 -9999 -9999 -9999 -9999 -9999 -9999 -9999 -9999 -9999 -9999 -9999 -9999 -9999 -9999 -9999 -9999 -9999 -9999 -9999 -9999 -9999 -9999 -9999
-9999 -9999 -9999 -1.5099999904632568 -0.13999998569488525 -0.13999998569488525 -0.13999998569488525 0 -0.7800000011920929 -9999 -9999 -9999 -9999 -9999 -0.7599999904632568 -9999 -9999 -9999 -9999 -9999 -9999 -9999 -9999 -9999 -9999 -9999 -9999 -9999 -9999 -9999 -9999 -9999 -9999 -9999 -9999 -9999 -9999 -9999 -9999 -9999 -9999 -9999 -9999 -9999 -9999 -9999 -9999 -9999
-0.8100000023841858 -0.5300000011920929 -0.75 -0.75 -1.5 -0.4300000071525574 -0.4300000071525574 0 -0.7599999904632568 -0.21000000275671482 -0.5299999807029963 -0.5800000336021185 -0.5799999739974737 -0.5799999739974737 -0.2700000014156103 -0.2700000014156103 -9999 -9999 -9999 -9999 -9999 -9999 -9999 -9999 -9999 -9999 -9999 -9999 -9999 -9999 -9999 -9999 -9999 -9999 -9999 -9999 -9999 -9999 -9999 -9999 -9999 -9999 -9999 -9999 -9999 -9999 -9999 -9999
-1.280000016093254 -1.150000013411045 -1.0799999944865704 -1.1699999943375587 -1.9999999403953552 -1.9999999403953552 -1.059999942779541 -0.050000011920928955 -1.0400000214576721 -0.8400000333786011 -0.6399999856948853 -0.139999995008111 -0.809999942779541 -0.809999942779541 -0.16000000573694706 -0.7500000093132257 -0.42000000178813934 -9999 -9999 -9999 -9999 -9999 -9999 -9999 -9999 -9999 -9999 -9999 -9999 -9999 -9999 -9999 -9999 -9999 -9999 -9999 -9999 -9999 -9999 -9999 -9999 -9999 -9999 -9999 -9999 -9999 -9999 -9999
-0.3799999952316284 -0.870000034570694 -0.6300000250339508 -0.9099999964237213 -1.4899999424815178 -1.910000056028366 -2.0800000429153442 -0.7899999916553497 -0.7299999892711639 -0.2800000086426735 -1.1299999728798866 -1.5900000110268593 -1.5900000110268593 -1.5900000110268593 -0.8400000259280205 -0.7999999448657036 -0.14999999664723873 -0.3399999961256981 -0.12000000849366188 -9999 -9999 -9999 -9999 -9999 -9999 -9999 -9999 -9999 -9999 -9999 -9999 -9999 -9999 -9999 -9999 -9999 -9999 -9999 -9999 -9999 -9999 -9999 -9999 -9999 -9999 -9999 -9999 -9999
-0.3299999237060547 -0.3399999141693115 -0.15999996662139893 -0.4099999666213989 -0.010000109672546387 -0.010000109672546387 -0.010000109672546387 -0.75 -0.380000002682209 -0.25999999791383743 -0.8699999824166298 -1.4400000348687172 -1.4600000157952309 -1.4600000157952309 -0.9999999925494194 -0.9299999997019768 -0.5099999830126762 -0.2199999988079071 -0.43000001087784767 -0.860000018030405 -0.860000018030405 -9999 -9999 -9999 -9999 -9999 -9999 -9999 -9999 -9999 -9999 -9999 -9999 -9999 -9999 -9999 -9999 -9999 -9999 -9999 -9999 -9999 -9999 -9999 -9999 -9999 -9999 -9999
-1.300000011920929 -1.1700000166893005 -0.6899999380111694 -1.5399999432265759 0 0 -1.4899999424815178 -0.4999999813735485 -0.1600000075995922 -0.47999999672174454 -1.1900000348687172 -1.6700000539422035 -0.7399999871850014 -0.7399999871850014 -0.7300000116229057 -0.6700000092387199 -0.3500000014901161 -0.1099999975413084 -0.23999999836087227 -0.9900000281631947 -0.9900000281631947 -9999 -9999 -9999 -9999 -9999 -9999 -9999 -9999 -9999 -9999 -9999 -9999 -9999 -9999 -9999 -9999 -9999 -9999 -9999 -9999 -9999 -9999 -9999 -9999 -9999 -9999 -9999
-0.5199999809265137 -0.7099999189376831 -1.3799999952316284 -0.31000006198883057 -1.6999999433755875 -1.6999999433755875 -1.9199999570846558 -0.19999999925494194 -0.12000000104308128 -2.120000034570694 -2.5200001001358032 -2.5700000524520874 -2.350000023841858 -2.350000023841858 -1.0399999618530273 -1.0699999332427979 -1.1299999952316284 -0.8099999725818634 -0.7799999713897705 -0.7999999821186066 -0.7999999821186066 -0.3499999940395355 -9999 -9999 -9999 -9999 -9999 -9999 -9999 -9999 -9999 -9999 -9999 -9999 -9999 -9999 -9999 -9999 -9999 -9999 -9999 -9999 -9999 -9999 -9999 -9999 -9999 -9999
-0.48000001907348633 -0.4700000286102295 -0.2999999523162842 -0.31000006198883057 0 0 -1.6999999433755875 -0.15000000037252903 -0.3999999910593033 -2.0500000715255737 -2.180000066757202 -2.350000023841858 -2.350000023841858 -2.350000023841858 -1.0399999618530273 -1.0399999618530273 -0.7399999797344208 -0.5699999928474426 -0.7299999743700027 -0.9899999797344208 -0.9899999797344208 -0.6000000089406967 -0.32999999821186066 -9999 -9999 -9999 -9999 -9999 -9999 -9999 -9999 -9999 -9999 -9999 -9999 -9999 -9999 -9999 -9999 -9999 -9999 -9999 -9999 -9999 -9999 -9999 -9999 -9999
-0.8300000429153442 -0.8600000739097595 -1.300000011920929 -0.7100000381469727 -2.0300000458955765 -2.0300000458955765 -0.2600001096725464 -1.4699999392032623 -1.289999932050705 -1.8800000548362732 -1.7100000530481339 -1.8000000566244125 -1.670000048354268 -1.670000048354268 -0.29999998211860657 -0.4999999850988388 -0.6800000071525574 -0.0899999737739563 -0.23000000417232513 -0.3200000021606684 -0.3200000021606684 -2.0000000596046448 0 -0.12999999895691872 -0.2799999937415123 -0.7000000029802322 -0.5199999995529652 -9999 -9999 -9999 -9999 -9999 -9999 -9999 -9999 -9999 -9999 -9999 -9999 -9999 -9999 -9999 -9999 -9999 -9999 -9999 -9999 -9999
-1.149999976158142 -0.7599999904632568 -1.2599999904632568 -1.149999976158142 -1.1799999475479126 -1.1799999475479126 -0.3400000333786011 -0.8399999141693115 -1.1799999475479126 -1.0300000309944153 0 -1.5400000512599945 -1.690000057220459 -1.690000057220459 0 -1.440000057220459 -1.3500000536441803 -1.5700000524520874 -1.1500000357627869 -1.6300000473856926 -1.6300000473856926 0 -1.6800000481307507 -1.3600000441074371 -2.0200000405311584 -1.8500000536441803 -1.7400000467896461 -0.8599999845027924 -0.8599999845027924 -0.7099999934434891 -9999 -9999 -9999 -9999 -9999 -9999 -9999 -9999 -9999 -9999 -9999 -9999 -9999 -9999 -9999 -9999 -9999 -9999
-1.4600000083446503 -1.4399999976158142 -1.0799999833106995 -0.8500000238418579 -1.2199999690055847 -1.2199999690055847 -1.6599999815225601 0 -1.0699999332427979 -1.0500000715255737 -1.4300000667572021 0 0 0 -1.4800000488758087 -1.3000000417232513 -1.5400000512599945 0 0 -1.0700000524520874 -1.0700000524520874 0 -1.340000033378601 -1.6000000461935997 -1.7500000521540642 -1.8600000441074371 0 0 0 -1.340000033378601 -2.690000057220459 -4.900000095367432 -2.7399998903274536 -3.5999999046325684 -9999 -9999 -9999 -9999 -9999 -9999 -9999 -9999 -9999 -9999 -9999 -9999 -9999 -9999
-1.6599999964237213 -1.4500000178813934 -1.1600000262260437 -1.050000011920929 -1.0399999618530273 -1.0399999618530273 -1.4899999797344208 0 -1.079999953508377 -0.9800000190734863 -1.2700000703334808 -1.2800000607967377 -1.2800000607967377 -1.420000046491623 -1.1600000262260437 -1.420000046491623 -1.5000000596046448 -0.5800000429153442 -1.0200000405311584 -0.7800000309944153 -0.7800000309944153 -0.8500000238418579 -1.340000033378601 -1.4500000476837158 -1.7600000463426113 -2.0000000596046448 -2.14000004529953 -2.14000004529953 -2.14000004529953 -1.6100000441074371 -2.740000069141388 -0.6600000858306885 -3.5799999237060547 -3.3899998664855957 -1.3299999833106995 -1.3299999833106995 -1.3100000023841858 -9999 -9999 -9999 -9999 -9999 -9999 -9999 -9999 -9999 -9999 -9999
-1.3899999856948853 -0.6299999952316284 -1.5399999618530273 -1.3399999737739563 -1.2799999713897705 -1.2799999713897705 -1.2399999499320984 0 -1.079999953508377 -0.42000001668930054 -0.5299999713897705 -0.3100000023841858 -0.3100000023841858 -0.3400000333786011 -0.6899999678134918 -0.7999999821186066 -0.5699999928474426 -0.4399999976158142 -0.6200000047683716 -0.009999990463256836 -0.009999990463256836 -1.340000033378601 -1.6000000536441803 -1.7500000521540642 -1.420000046491623 -1.6600000485777855 -1.8500000536441803 -1.930000051856041 -1.930000051856041 0 -4.569999933242798 -5.379999995231628 -2.3200000524520874 -3.390000104904175 -0.5499999523162842 -0.5499999523162842 -2.069999933242798 -1.5299999713897705 -1.5799999833106995 -1.1299999952316284 -9999 -9999 -9999 -9999 -9999 -9999 -9999 -9999
-1.409999966621399 -1.7199999690055847 -0.9899999499320984 -0.869999885559082 -1.6200000047683716 -1.6200000047683716 -0.16999995708465576 -1.4300000369548798 -0.2900000810623169 -0.30000001192092896 -0.4700000286102295 -0.4700000584125519 -0.4700000584125519 -0.12000000476837158 -0.26999998092651367 -0.6199999749660492 -0.7099999785423279 -0.5599999725818634 -1.5500000417232513 -1.2400000393390656 -1.2400000393390656 -1.850000038743019 -1.850000038743019 -1.5100000500679016 -1.8500000536441803 -1.7400000467896461 -1.7000000476837158 -1.7000000476837158 -0.43000006675720215 -2.540000021457672 -2.9399999380111694 -2.6899999380111694 -0.940000057220459 -0.1700000762939453 -0.5800000429153442 -0.5800000429153442 -0.5800000429153442 -0.2900000214576721 -1.3700000047683716 -2.6499999165534973 -2.8299999237060547 -2.4200000166893005 -9999 -9999 -9999 -9999 -9999 -9999
-1.3799999356269836 -1.7099999487400055 -1.659999966621399 -1.3699999451637268 -1.6099999845027924 -1.6099999845027924 -1.6299999952316284 -0.8799999952316284 -0.2900000810623169 -0.17000001668930054 -0.12000000476837158 -0.1600000262260437 -0.1600000262260437 -0.15000003576278687 -0.38999998569488525 -0.28999996185302734 -0.44999998807907104 -0.5 -1.5500000417232513 -1.7500000447034836 -1.7500000447034836 -1.6400000378489494 -1.5500000417232513 -1.6300000473856926 -1.910000056028366 -1.6300000473856926 -0.2700001001358032 -0.2700001001358032 -0.9300000667572021 -3.180000066757202 -2.899999976158142 -0.34999996423721313 -0.15000009536743164 -0.5700000524520874 -0.08000004291534424 -0.08000004291534424 -0.060000061988830566 -0.25 -0.20000004768371582 -1.1899999380111694 -0.6399998664855957 -1.7100000102072954 -2.5799999833106995 -2.5799999833106995 -0.800000011920929 -1.620000034570694 -0.29999998211860657 -9999
-1.4399999678134918 -0.9699999690055847 -1.5399999618530273 -0.949999988079071 -0.8600000143051147 -0.8600000143051147 -0.7099999189376831 -1.0300000309944153 -0.30000007152557373 -1.329999953508377 -0.43999993801116943 -1.4399999678134918 -1.4399999678134918 -1.159999966621399 -0.3199999928474426 -0.11000001430511475 -0.5600000023841858 -0.30000001192092896 -1.2799999713897705 -1.0399999618530273 -1.0399999618530273 -1.2899999618530273 -1.6199999451637268 -0.39000001549720764 -0.7700000107288361 -2.0400000512599945 -2.3000000715255737 -2.3000000715255737 -2.7299998998641968 -3.2399998903274536 -0.2999999523162842 -0.5900000333786011 -0.13999998569488525 -0.25 -0.6000000238418579 -0.6000000238418579 -0.18000000715255737 -0.8799999356269836 -1.1899999380111694 -0.8799999356269836 -0.9999999403953552 -1.2899999618530273 -1.2899999618530273 -1.209999918937683 -0.6100000143051147 -1.0800000056624413 -0.3499999865889549 -0.5899999886751175
-0.9699999690055847 -1.0099999904632568 -1.3199999928474426 -1.3899999856948853 -1.350000023841858 -1.350000023841858 -0.6200000047683716 -0.9599999189376831 -0.9299999475479126 -0.25 -0.6999999284744263 0 0 -1.3699999749660492 -0.3199999928474426 -0.23000001907348633 -0.5399999916553497 -0.5900000035762787 -1.2899999618530273 -1.5699999630451202 -1.5699999630451202 -1.329999953508377 -1.329999953508377 -1.339999943971634 -1.6299999356269836 0 -3.1999999284744263 -3.1999999284744263 -0.3500000238418579 -1.449999988079071 -0.12000000476837158 -0.43000006675720215 -0.1899999976158142 -0.4399999976158142 -0.10000002384185791 -0.10000002384185791 -0.559999942779541 -0.9599999189376831 -1.059999942779541 -0.8699999451637268 -0.9899999499320984 -0.7101399898529053 -0.7101399898529053 -0.9499999284744263 -0.1899999976158142 -0.8999999761581421 -1.4899999499320984 -1.7499999441206455
-0.36000001430511475 -1.4599999785423279 -1.4199999570846558 -1.3299999833106995 -1.3299999833106995 -1.1200000047683716 -1.340000033378601 -1.019999921321869 -0.8999999165534973 -0.25 -0.9099999666213989 -1.3999999463558197 -1.3999999463558197 -1.379999965429306 -0.5000000298023224 -0.3700000047683716 -0.42000001668930054 -0.25 -1.0499999523162842 -0.809999942779541 -1.2499999403953552 -1.1699999570846558 -1.209999918937683 -1.3599999248981476 -0.26999998092651367 -0.5799999237060547 -3.5799999237060547 -3.5799999237060547 -0.7799999713897705 -1.0699999332427979 -0.8999999165534973 -1.019999921321869 -1.25 -0.8399999141693115 -1.2299999594688416 -1.2299999594688416 -0.9699999690055847 -0.8899316191673279 -0.929931640625 -3.2199316024780273 -1.0999316573143005 -1.009999930858612 -1.009999930858612 -1.0799999237060547 -0.8399999141693115 -0.9399999380111694 -3.1999999284744263 -3.1399999856948853
-1.4099999964237213 -1.719999998807907 -1.4099999964237213 -1.479999989271164 -1.479999989271164 -1.1699999868869781 -0.7999999523162842 -0.7899999618530273 -1.0699999928474426 -0.9199999570846558 0 -1.0999926924705505 -1.0999926924705505 -1.409992665052414 -0.21000003814697266 -0.17000001668930054 -0.4099999666213989 -0.2800000309944153 -1.2499999403953552 -1.35999995470047 -1.35999995470047 -1.0799999237060547 -1.3499999344348907 0 -0.4299999475479126 -3.8299999237060547 -3.659999966621399 -3.659999966621399 -1.2299998998641968 -0.9599999189376831 -1.2699999809265137 -1.0299999713897705 -1.2599999904632568 -1.21999990940094 -0.9999999403953552 -0.9999999403953552 -1.0399999618530273 -1.2999316453933716 -1.089931607246399 -1.0099316239356995 -2.3499316573143005 -1.5099999606609344 -1.5099999606609344 -1.159999966621399 -1.009999930858612 -1.1399999260902405 -3.609999895095825 -3.4199999570846558
-1.6899999976158142 -1.3899999856948853 -0.1499999761581421 -1.2899999618530273 -1.2899999618530273 -1.050000011920929 -1.25 -1.2599999904632568 -1.2799999713897705 -0.85999995470047 0 -1.1299999356269836 -1.1299999356269836 -1.0699999332427979 -0.30000001192092896 -0.6400000154972076 -0.13999998569488525 -0.24000000953674316 -1.2199999690055847 -1.2199999690055847 -1.3899999558925629 -1.0899999141693115 -1.019999921321869 -0.4299999475479126 -0.34999990463256836 -3.8700000047683716 -0.30000001192092896 -0.30000001192092896 -1.0299999713897705 -0.809999942779541 -1.059999942779541 -1.2399998903274536 -0.8699999451637268 -1.2499999403953552 -1.3699999749660492 -1.3699999749660492 -1.009999930858612 -1.129931628704071 0.00006830692291259766 -0.979931652545929 -1.2599316835403442 -0.9899999499320984 -0.9899999499320984 -1.0799999237060547 0 -3.459999918937683 -3.559999942779541 -3.3899999856948853
-0.9200000166893005 -0.009999990463256836 -1.6299999952316284 -1.6299999952316284 -1.6299999952316284 -0.6499999761581421 -0.6200000047683716 -0.15999996662139893 -0.8099999725818634 -0.7199999690055847 0 -0.8299999237060547 -0.8299999237060547 -1.3699999749660492 -0.35999995470046997 -0.8999999463558197 -0.5999999344348907 -0.5499999523162842 -0.2800000309944153 -0.2800000309944153 -0.23000001907348633 -1.0399999618530273 -0.5399999618530273 -0.26999998092651367 -3.6799999475479126 -0.3199999928474426 -0.5199999809265137 -0.5199999809265137 -0.7599999904632568 -1.209999918937683 -1.3099999725818634 0 -1.1799999475479126 -0.9899999499320984 0 0 0 -0.9399999380111694 -1.059999942779541 -1.0999999642372131 -0.9999999403953552 -0.9300000071525574 -0.9300000071525574 -1.0600000023841858 -1.6400000303983688 -1.0200000405311584 -0.8799999356269836 -2.3999999165534973
