SimulationData/Scenarios/Waterwolf/Flooding/Uitdammerdijk/1200.asc
ncols        561
nrows        278
xllcorner    4.817258165162
yllcorner    52.370746892638
cellsize     0.000511251697
NODATA_value  -9999
[rows 66 to 87 of 278, columns 96 to 143 of 561]
-0.5099997520446777 -0.5099997520446777 -0.809999942779541 -0.6499996185302734 -0.5399999618530273 -0.6399998664855957 -0.880000114440918 -1.0399999618530273 -0.940000057220459 -0.940000057220459 -0.9900000095367432 -0.9900000095367432 -0.809999942779541 -0.8499999046325684 -1.5800001621246338 -0.34999990463256836 -0.34999990463256836 -1.3499999046325684 -1.059999704360962 -1.1299998760223389 -1.059999704360962 -0.8799996376037598 -0.8999996185302734 -1.1499998569488525 -1.1499998569488525 -1.0199999809265137 -1.1500000953674316 -1.0099999904632568 -0.9300000667572021 -0.9900000095367432 -0.8900001049041748 -0.8900001049041748 -0.9500000476837158 -0.1100001335144043 -0.8499999046325684 -0.7999999523162842 -0.8599998950958252 -0.8199999332427979 -1 -1 -0.8999998569488525 -1.1299998760223389 -0.9499998092651367 -0.6899998188018799 -0.7400000095367432 -5.100000083446503 -3.680000066757202 -3.680000066757202
-0.059999942779541016 -0.059999942779541016 -0.6899998188018799 -0.5199999809265137 -0.8899998664855957 -0.5799999237060547 -0.9000000953674316 -0.9300000667572021 -0.6599998474121094 -0.6599998474121094 -1.0299999713897705 -0.9000000953674316 -0.9300000667572021 -1.1100001335144043 -1.5399999618530273 -1.6599998474121094 -1.6599998474121094 -1.4499998092651367 -1.4699997901916504 -1.0699996948242188 -1.1299998760223389 -1.0199997425079346 -1.0199997425079346 -0.9599997997283936 -0.9599997997283936 -0.8400001525878906 -1.0199999809265137 -1.1600000858306885 -0.7599999904632568 -0.8900001049041748 -0.8600001335144043 -0.8600001335144043 -0.8900001049041748 -0.9700000286102295 -0.75 -0.8499999046325684 -0.9199998378753662 -0.9899997711181641 -1.059999942779541 -1.059999942779541 -0.9099998474121094 -1.1100001335144043 -0.8700001239776611 -1.1499998569488525 -3.619999885559082 -1.5600000321865082 -0.49000000953674316 -0.49000000953674316
-0.6399998664855957 -0.6399998664855957 -0.8599998950958252 -1.1399998664855957 -1.1099998950958252 -1.2899999618530273 -0.9300000667572021 -0.3400001525878906 -0.3400001525878906 -0.809999942779541 -1.8100001811981201 -0.32000017166137695 -1.1400001049041748 -1.4800000190734863 -1.0500001907348633 -0.8899998664855957 -0.8899998664855957 -0.8399996757507324 -1.1999998092651367 -1.1599998474121094 -1.1399998664855957 -1.0299997329711914 -1.0799999237060547 -0.8599996566772461 -0.8599996566772461 -0.7300000190734863 -0.7200000286102295 -0.9100000858306885 -0.75 -0.7300000190734863 -0.9200000762939453 -0.9200000762939453 -0.9100000858306885 -0.9500000476837158 -0.9399998188018799 -0.019999980926513672 -1.0099999904632568 -0.9699997901916504 -0.8299999237060547 -0.8299999237060547 -0.9499998092651367 -3.939998686313629 -2.599998712539673 -0.8399999141693115 -0.9299999475479126 -0.5400000810623169 -0.5400000810623169 -0.5200001001358032
-0.6699998378753662 -0.6699998378753662 -0.5799999237060547 -0.059999942779541016 -1.4199998378753662 -1.3499999046325684 -1.4800000190734863 -1.0500001907348633 -1.0500001907348633 -1.5099999904632568 -0.9700000286102295 -0.9200000762939453 -0.809999942779541 -0.05000019073486328 -1.130000114440918 -0.7899999618530273 -0.7899999618530273 -0.8599996566772461 -0.7799997329711914 -1.2899997234344482 -1.1299998760223389 -0.9999997615814209 -0.9199995994567871 -0.8299999237060547 -0.8299999237060547 -0.7400000095367432 -0.570000171661377 -0.7100000381469727 -0.6700000762939453 -0.809999942779541 -0.8600001335144043 -0.8600001335144043 -0.9000000953674316 -0.9800000190734863 -0.929999828338623 -0.5899996757507324 -0.9399998188018799 -0.7099997997283936 -1.0999999046325684 -1.0999999046325684 -3.7499998807907104 -2.5399986505508423 -2.5199986696243286 -0.46999990940093994 -0.5499999523162842 -0.7100000381469727 -0.7100000381469727 -0.7100000381469727
-0.6800000667572021 -0.6800000667572021 -1.130000114440918 -1.4100000858306885 -1.4000000953674316 -1.2300000190734863 -0.7600002288818359 -1.000000238418579 -1.000000238418579 -0.7200002670288086 -0.7000002861022949 -0.2200002670288086 -0.9200000762939453 -0.75 -0.75 -0.9200000762939453 -0.9200000762939453 -0.8000001907348633 -0.8000001907348633 -0.6600003242492676 -0.6299996376037598 -0.5999999046325684 -0.6699998378753662 -0.6999998092651367 -0.6999998092651367 -0.8399999141693115 -0.75 -0.7399997711181641 -0.809999942779541 -0.6399998664855957 -0.5299997329711914 -0.5299997329711914 -0.7799999713897705 -0.9499998092651367 -0.8499999046325684 -0.619999885559082 -2.78000009059906 -3.5100001096725464 -1.8399999141693115 -1.8399999141693115 -1.8399999141693115 -0.6100000143051147 -0.48000001907348633 -0.19000005722045898 -0.25999999046325684 -0.4099999666213989 -0.4099999666213989 -0.5499999523162842
-0.940000057220459 -0.940000057220459 -0.6700000762939453 -0.07000017166137695 -0.8300001621246338 -0.7300000190734863 -0.7300000190734863 -0.7300000190734863 -0.7300000190734863 -0.2200002670288086 -0.8000001907348633 -1.260000228881836 -0.2200002670288086 -0.6600003242492676 -0.6500000953674316 -0.3000001907348633 -0.3000001907348633 -0.5 -0.3400001525878906 -0.5500001907348633 -0.42999982833862305 -0.5299997329711914 -0.6099996566772461 -0.6099996566772461 -0.5399999618530273 -0.7399997711181641 -0.5 -0.6700000762939453 -0.4200000762939453 -0.42999982833862305 -0.5399999618530273 -0.5399999618530273 -0.8499999046325684 -0.679999828338623 -0.03000020980834961 -3.380000114440918 -0.9099999666213989 -0.9199999570846558 -0.7500001192092896 -0.7500001192092896 -0.43000006675720215 -0.24000000953674316 -0.3700000047683716 -0.3700000047683716 -0.2799999713897705 -0.25999999046325684 -0.25999999046325684 -0.25
-0.7599999904632568 -0.7599999904632568 -0.17549991607666016 -0.6100001335144043 -0.570000171661377 -0.5999999046325684 -0.7400002479553223 -0.7100000381469727 -0.7100000381469727 -0.880000114440918 -0.570000171661377 -0.820000171661377 -0.2200002670288086 -0.6700000762939453 -0.7600002288818359 -0.8000001907348633 -0.8000001907348633 -0.75 -0.8000001907348633 -0.7000002861022949 -0.6299996376037598 -0.5499997138977051 -0.5499997138977051 -0.5499997138977051 -0.6399998664855957 -0.690000057220459 -0.7199997901916504 -0.440000057220459 -0.5999999046325684 -0.5899996757507324 -0.619999885559082 -0.6599998474121094 -0.7699999809265137 -4.589999904856086 -1.0500000715255737 -0.6500000953674316 -0.15000009536743164 -0.25000011920928955 -0.31000006198883057 -0.31000006198883057 -0.25 -0.25999999046325684 -0.3200000524520874 -0.40000009536743164 -0.7100000381469727 -0.6600000858306885 -0.6600000858306885 -0.30000007152557373
-0.6700000762939453 -0.7300000190734863 -0.690000057220459 -0.07000017166137695 -0.49000024795532227 -1.3400001525878906 -1.8300001621246338 -0.2200002670288086 -0.2200002670288086 -1.1800000667572021 -0.570000171661377 -0.2200002670288086 -1.5500001907348633 -0.7800002098083496 -0.2200002670288086 -0.6200003623962402 -0.6200003623962402 -0.630000114440918 -0.6100001335144043 -0.5900001525878906 -0.2799997329711914 -0.039999961853027344 -0.48999977111816406 -0.48999977111816406 -0.5099997520446777 -0.03000020980834961 -0.4200000762939453 -0.4200000762939453 -0.19000005722045898 -0.5799999237060547 -0.619999885559082 -0.619999885559082 -4.609999904409051 -3.459999918937683 -0.38000011444091797 -0.07000017166137695 -0.30000007152557373 -0.23000013828277588 -0.23000013828277588 -0.3700000047683716 -0.4200000762939453 -0.36000001430511475 -0.3200000524520874 -0.33000004291534424 -0.16000008583068848 -0.21000003814697266 -0.21000003814697266 -0.4100000858306885
-0.48000001907348633 -0.07000017166137695 -1.070000171661377 -0.07000017166137695 -0.5999999046325684 -1.0099999904632568 -0.21000003814697266 -0.7100000381469727 -0.7100000381469727 -2.4900002479553223 -0.7800002098083496 -0.2200002670288086 -0.2200002670288086 -1.320000171661377 -0.2200002670288086 -0.8400001525878906 -0.8400001525878906 -0.8600001335144043 -0.8500001430511475 -0.8000001907348633 -0.5899996757507324 -0.5299997329711914 -0.5099997520446777 -0.5099997520446777 -0.5199999809265137 -0.5099997520446777 -0.679999828338623 -0.559999942779541 -0.309999942779541 -1.3599998950958252 -3.459999918937683 -3.459999918937683 -1.290000081062317 -0.33000004291534424 -0.32000017166137695 -0.25000011920928955 -0.10000014305114746 -0.31000006198883057 -0.31000006198883057 -0.33000004291534424 -0.31000006198883057 -0.4200000762939453 -0.30000007152557373 -0.38000011444091797 -0.07000017166137695 -0.12000012397766113 -0.12000012397766113 -0.8100000619888306
-1.619999885559082 -1.1599998474121094 -1.1399998664855957 -0.9800000190734863 -0.809999942779541 -0.9499998092651367 -0.7100000381469727 0 0 -0.05000019073486328 -0.4100003242492676 -0.05000019073486328 -0.8700001239776611 -0.05000019073486328 -0.9200000762939453 -0.3600001335144043 -0.3600001335144043 0 -0.48000001907348633 -0.570000171661377 -0.6800000667572021 -0.690000057220459 -0.5 -0.5 -0.010000228881835938 -0.9100000858306885 -4.120000123977661 -0.6499999761581421 -0.6999999284744263 -0.6599999666213989 -0.3999999761581421 -0.3999999761581421 -0.34999990463256836 -0.34999990463256836 -0.2200000286102295 -0.31000006198883057 -0.3700000047683716 -0.3799999952316284 -0.3799999952316284 -0.2200000286102295 -0.40000009536743164 -0.2900000810623169 -0.28000009059906006 -0.36000001430511475 -0.4700000286102295 -0.75 -0.75 -0.440000057220459
-1.0199999809265137 -1.4799997806549072 0 0 0 -0.3600001335144043 -0.05000019073486328 -1.4500000476837158 -1.4500000476837158 -0.49000024795532227 -0.5300002098083496 -0.05000019073486328 -0.9000000953674316 -0.9000000953674316 -0.559999942779541 -0.559999942779541 -1.6899998188018799 0 -0.690000057220459 -0.5900001525878906 -0.6600000858306885 -0.690000057220459 -0.5799999237060547 -0.5799999237060547 -4.6300001330673695 -3.470000147819519 -3.8100001215934753 -0.5199999809265137 -0.43999993801116943 -0.8399999141693115 -0.8499999046325684 -0.8499999046325684 -0.3999999761581421 -0.08999991416931152 -0.26999998092651367 -0.36000001430511475 -0.2200000286102295 -0.3700000047683716 -0.3700000047683716 -0.3500000238418579 -0.039999961853027344 -0.440000057220459 -0.30000007152557373 -0.09000015258789062 -0.24000000953674316 -0.33000004291534424 -0.33000004291534424 -0.40000009536743164
-0.5899996757507324 -0.5399999618530273 -1.0199999809265137 -1.8599998950958252 -1 -0.36999988555908203 -0.619999885559082 -0.75 -0.75 -0.46000003814697266 -1.0099999904632568 -0.05000019073486328 -1.4100000858306885 -0.6800000667572021 -1.2400000095367432 -1.2400000095367432 -0.7200000286102295 -0.5999999046325684 -0.6399998664855957 -1.3999998569488525 -3.870000123977661 -3.5100001096725464 -2.3399999141693115 -2.3399999141693115 -1.6999999284744263 -0.44999992847442627 -0.4599999189376831 -0.28000009059906006 -0.30000007152557373 -0.3999999761581421 -0.41999995708465576 -0.41999995708465576 -0.3599998950958252 -0.8199999332427979 -0.7599999904632568 -0.8300000429153442 -0.7900000810623169 -0.7599999904632568 -0.7599999904632568 -0.46000003814697266 -0.15000009536743164 -0.4500000476837158 -0.25 -0.940000057220459 -0.4100000858306885 -0.4700000286102295 -0.4700000286102295 -0.43000006675720215
-2.049999952316284 -1.75 -1.3199999332427979 -0.9900000095367432 -0.7800002098083496 -1.2699999809265137 -1.0499999523162842 -1.4199998378753662 -1.4199998378753662 -0.880000114440918 -0.9500000476837158 -0.48999977111816406 0 -0.5899996757507324 -0.8599998950958252 -0.8599998950958252 -1.7800002098083496 -4.540000095963478 -1.149999976158142 -0.9099999666213989 -0.6499998569488525 -0.4099998474121094 -0.309999942779541 -0.309999942779541 -0.34999990463256836 -0.7599998712539673 -0.22999989986419678 -0.2399998903274536 -0.5899999141693115 -0.3200000524520874 -0.24000000953674316 -0.24000000953674316 -0.28000009059906006 -0.3700000047683716 -0.3900001049041748 -0.690000057220459 -0.75 -0.9000000953674316 -0.9000000953674316 -0.6299999952316284 -0.7000000476837158 -0.6800000667572021 -0.5399999618530273 -0.2999999523162842 -0.24000000953674316 -0.23000001907348633 -0.23000001907348633 -0.31999993324279785
-0.8299999237060547 -1.0199999809265137 -0.6099998950958252 -0.9399998188018799 -0.7100000381469727 -0.619999885559082 -0.929999828338623 0 0 -0.05000019073486328 -0.8300001621246338 -4.209999918937683 -4.649999905377626 -3.459999918937683 -3.459999918937683 -3.459999918937683 -3.5100001096725464 -3.78000009059906 -0.7099999189376831 -0.18999993801116943 0 -0.2599998712539673 -0.7999999523162842 -0.7999999523162842 -0.34999990463256836 -0.3599998950958252 -0.4199998378753662 -0.779999852180481 -0.5999999046325684 -0.7900000810623169 -0.7900000810623169 -0.6600000858306885 -0.36000001430511475 -0.3900001049041748 -0.3400000333786011 -0.30000007152557373 -0.18000006675720215 -0.4700000286102295 -0.20000004768371582 -0.5399999618530273 -0.5 -0.5399999618530273 -0.5399999618530273 -0.25999999046325684 -0.33000004291534424 -0.25999999046325684 -0.25999999046325684 -0.36000001430511475
-0.7899999618530273 -1.0199999809265137 -0.7599999904632568 -0.9000000953674316 -0.440000057220459 -1.1500000953674316 -4.479999907314777 -3.459999918937683 -3.459999918937683 -3.5599998831748962 -2.4399999380111694 -0.2999999523162842 -0.6299998760223389 -0.5400000810623169 -0.28000009059906006 -0.28000009059906006 -0.24000012874603271 -0.25000011920928955 -0.3200000524520874 -0.2700001001358032 -0.18999993801116943 -0.8799998760223389 -0.36999988555908203 -0.36999988555908203 -0.27999985218048096 -0.22999989986419678 -0.2999999523162842 -0.7599998712539673 -0.6599998474121094 -0.46000003814697266 -0.46000003814697266 -0.5900000333786011 -0.8100000619888306 -0.5900000333786011 -0.7700001001358032 -0.75 -0.5400000810623169 -0.48000001907348633 -0.48000001907348633 -0.5399999618530273 -0.5099999904632568 -0.49000000953674316 -0.48000001907348633 -0.12000000476837158 -0.28999996185302734 -0.3999999761581421 -0.3999999761581421 -2.259999990463257
-1 -1.0099999904632568 -0.8999998569488525 -1 -3.8400000855326653 -2.7700001001358032 -1.5600000619888306 -1.5600000619888306 -0.690000057220459 -0.37000012397766113 -0.3400000333786011 -0.2900000810623169 -0.4200000762939453 -0.75 -0.18000006675720215 -0.18000006675720215 -0.1100001335144043 -0.7699999809265137 -0.25999999046325684 -0.3200000524520874 -0.6799999475479126 -0.25999999046325684 -0.22999989986419678 -0.22999989986419678 -0.21999990940093994 -0.34999990463256836 -0.2799999713897705 -0.4899998903274536 -0.7699998617172241 -0.6299999952316284 -0.6299999952316284 -0.690000057220459 -0.36000001430511475 -0.09000003337860107 -0.25 -0.5399999618530273 -0.6200000047683716 -0.5499999523162842 -0.5499999523162842 -0.5199999809265137 -0.4599999189376831 -0.19999992847442627 -0.13999998569488525 -0.11000001430511475 -0.18999993801116943 -0.18999993801116943 -0.7900000214576721 -0.2900000810623169
-2.2200000286102295 -2.0500000715255737 -1.3299999833106995 -0.4099999666213989 -0.3399999141693115 -0.34999990463256836 -0.7400001287460327 -0.7400001287460327 -0.5300000905990601 -0.4200000762939453 -0.8000000715255737 -0.75 -0.36000001430511475 -0.46000003814697266 -0.3700000047683716 -0.3700000047683716 -0.38999998569488525 -0.7699999809265137 -0.2799999713897705 -0.21000003814697266 -0.13999998569488525 -0.7999999523162842 -0.4599999189376831 -0.4599999189376831 -0.5299999713897705 -0.6399998664855957 -0.24999988079071045 -0.3299999237060547 -0.3299999237060547 -0.19000005722045898 -0.19000005722045898 -0.3400000333786011 -0.8200000524520874 -0.690000057220459 -0.5499999523162842 -0.5499999523162842 -0.6399999856948853 -0.41999995708465576 -0.41999995708465576 -0.20000004768371582 -0.09000003337860107 -0.33000004291534424 -2.020000010728836 -0.060000061988830566 -0.3400000333786011 -0.3400000333786011 -0.40000009536743164 -0.009999990463256836
-1.8700000047683716 -2.0600000619888306 -0.3999999761581421 -0.25999999046325684 -0.3399999141693115 -0.6299998760223389 -0.440000057220459 -0.440000057220459 -0.8400000333786011 -0.8100000619888306 -0.4200000762939453 -0.5300000905990601 -0.75 -0.9600000381469727 -0.4100000858306885 -0.4100000858306885 -0.3799999952316284 -0.3799999952316284 -0.36000001430511475 -0.7699999809265137 -0.2999999523162842 -0.5299999713897705 -0.4099999666213989 -0.4099999666213989 -0.41999995708465576 -0.46999990940093994 -0.4899998903274536 -0.6399998664855957 -0.4299999475479126 -0.24000000953674316 -0.24000000953674316 -0.21000003814697266 -0.30000007152557373 -0.6299999952316284 -0.41999995708465576 -0.3999999761581421 -0.46000003814697266 -0.8700000047683716 -0.8700000047683716 -0.5600000619888306 -0.3700000047683716 -0.75 -0.46000003814697266 -0.1700000762939453 -0.0700000524520874 -0.0700000524520874 -0.009999990463256836 -0.009999990463256836
-0.3599998950958252 -0.3599998950958252 -0.9599999189376831 -0.6099998950958252 -0.28999996185302734 -0.309999942779541 -0.38999998569488525 -0.38999998569488525 -0.5799999237060547 -0.46999990940093994 -0.4599999189376831 -0.3200000524520874 -0.28000009059906006 -0.2900000810623169 -0.5099999904632568 -0.5099999904632568 -0.33000004291534424 -0.2200000286102295 -0.15999996662139893 -0.559999942779541 -0.309999942779541 -0.4299999475479126 -0.4299999475479126 -0.31999993324279785 -0.31999993324279785 -0.5099999904632568 -0.16999995708465576 -0.1499999761581421 -0.16999995708465576 -0.4299999475479126 -0.4299999475479126 -0.309999942779541 -0.309999942779541 -0.48000001907348633 -0.309999942779541 -0.23000001907348633 -0.3200000524520874 -2.1600000262260437 -2.1600000262260437 -0.23000001907348633 -0.1499999761581421 -0.6299999952316284 -0.6399999856948853 -0.059999942779541016 -0.2999999523162842 -0.2999999523162842 -0.3700000047683716 -0.46000003814697266
-0.5799999237060547 -0.2999999523162842 -0.46999990940093994 -0.6099998950958252 -0.41999995708465576 -0.41999995708465576 -0.7300000190734863 -0.7300000190734863 -0.36000001430511475 -0.5899999141693115 -0.5099999904632568 -0.6299999952316284 -0.15000009536743164 -0.38999998569488525 -0.6200000047683716 -0.6200000047683716 -0.3799999952316284 -0.3500000238418579 -0.6000000238418579 -0.559999942779541 -0.3999999761581421 -0.28999996185302734 -0.28999996185302734 -0.5399999618530273 -0.7100000381469727 -0.16999995708465576 -0.26999998092651367 -0.2999999523162842 -0.309999942779541 -0.309999942779541 -0.309999942779541 -0.3400000333786011 -0.309999942779541 -0.4700000286102295 -0.3500000238418579 -0.15999996662139893 -0.8199999928474426 -0.13999998569488525 -0.13999998569488525 -0.16000008583068848 -0.019999980926513672 -0.5400000214576721 -0.7100000381469727 -0.46000003814697266 -0.41999995708465576 -0.41999995708465576 -0.059999942779541016 -0.26999998092651367
-0.3799999952316284 -0.6299999952316284 -0.6099998950958252 -0.41999995708465576 -0.5499999523162842 -0.31999993324279785 -0.2999999523162842 -0.2999999523162842 -0.21999990940093994 -0.5899999141693115 -0.5 -0.43000006675720215 -0.6299999952316284 -0.46000003814697266 -0.36000001430511475 -0.36000001430511475 -0.46000003814697266 -0.6299999952316284 -0.4299999475479126 -0.6299999952316284 -0.28999996185302734 -0.31999993324279785 -0.31999993324279785 -0.31999993324279785 -0.36000001430511475 -0.26999998092651367 -0.3999999761581421 -0.15999996662139893 -0.4099999666213989 -0.49000000953674316 -0.49000000953674316 -0.3999999761581421 -0.5199999809265137 -0.38999998569488525 -1.3600000143051147 -0.20000004768371582 -0.19000005722045898 -0.18000006675720215 -0.18000006675720215 -0.11000001430511475 -0.3200000524520874 -0.25 -0.20000004768371582 -0.28999996185302734 -0.3999999761581421 -0.3999999761581421 -0.5799999833106995 -0.8600000143051147
-0.6299998760223389 -0.559999942779541 -0.6299999952316284 -0.43999993801116943 -0.6499999761581421 -0.8599998950958252 -0.6499999761581421 -0.6499999761581421 -0.48000001907348633 -0.6000000238418579 -0.41999995708465576 -0.4099999666213989 -0.41999995708465576 -0.4099999666213989 -0.38999998569488525 -0.38999998569488525 -0.38999998569488525 -0.3599998950958252 -0.4099999666213989 -0.43999993801116943 -0.38999998569488525 -0.4299999475479126 -0.4299999475479126 -0.3399999141693115 -0.3799999952316284 -0.029999971389770508 -0.04999995231628418 -0.23000001907348633 -0.059999942779541016 -0.019999980926513672 -0.019999980926513672 -0.029999971389770508 -0.6000000238418579 -0.24000000953674316 -0.06999993324279785 -0.13999998569488525 -0.1799999475479126 -0.1799999475479126 -0.12000000476837158 -0.19000005722045898 -0.20000004768371582 -0.23000001907348633 -0.039999961853027344 -0.26999998092651367 -0.31999993324279785 -0.31999993324279785 -0.06999993324279785 -0.21000003814697266
