SimulationData/Scenarios/Waterwolf/Flooding/Uitdammerdijk/1200.asc
ncols        561
nrows        278
xllcorner    4.817258165162
yllcorner    52.370746892638
cellsize     0.000511251697
NODATA_value  -9999
[rows 44 to 65 of 278, columns 192 to 239 of 561]
-0.559999942779541 -0.8599998950958252 -0.9000000953674316 -0.9100000858306885 -0.9600000381469727 -0.9600000381469727 -1.0500001907348633 -0.9000000953674316 -2.080000162124634 -1.3899999856948853 -0.019999980926513672 -0.4500000476837158 -2.330000013113022 -2.330000013113022 -0.029999971389770508 -0.44999992847442627 -0.18999993801116943 -0.8700000047683716 -0.1499999761581421 -0.4099999666213989 -0.4099999666213989 -0.7899999618530273 -0.7799999713897705 -0.6200000047683716 -0.8299999237060547 -0.019999980926513672 -0.019999980926513672 -1.149999976158142 -1.149999976158142 -0.7899999618530273 -0.6000000238418579 -1.1600000858306885 -1.2899999618530273 -1.4700000286102295 -1.7699999809265137 -1.3700000047683716 -1.3700000047683716 -1.5800000429153442 -1.6700000166893005 -1.7000000476837158 -1.4700000882148743 -1.53000009059906 -1.5200001001358032 -1.5200001001358032 -1.4500001072883606 -1.720000147819519 -1.540000081062317 -1.4100000858306885
-0.8299999237060547 -0.7999999523162842 -0.8400001525878906 -0.9700000286102295 -0.9600000381469727 -0.9600000381469727 -1.0200002193450928 -2.5 -4.099999904632568 0 -0.5700000524520874 -0.5299999713897705 -0.3799999952316284 -0.3799999952316284 -0.2799999713897705 -0.7400000095367432 -0.309999942779541 -0.2999999523162842 -0.9299999475479126 -0.9599999785423279 -0.9599999785423279 -0.029999971389770508 -0.09000003337860107 -0.4299999475479126 -0.3999999761581421 -0.3500000238418579 -0.3799999952316284 -0.8199999332427979 -0.8199999332427979 -0.7100000381469727 -1.4300000667572021 -0.9100000858306885 -0.6000000238418579 -1.4700000286102295 -1.3899999856948853 -0.5600000619888306 -0.5600000619888306 -0.9100000858306885 -1.4600000381469727 -0.9000000953674316 -1.490000069141388 -1.2100000381469727 -0.20000004768371582 -0.20000004768371582 -1.1800000667572021 -1.5100001096725464 -1.3600001335144043 -1.5100001096725464
-0.6999998092651367 -0.8399999141693115 -0.8700001239776611 -0.9600000381469727 -0.9600000381469727 -0.9600000381469727 -0.9000000953674316 -4.099999904632568 -2.8399999141693115 0 0 -0.12000000476837158 -0.28999996185302734 -0.28999996185302734 -0.029999971389770508 -0.16999995708465576 -0.24000000953674316 -0.16999995708465576 -1.0399999618530273 -0.16999995708465576 -0.16999995708465576 -0.2799999713897705 -0.9799999594688416 -1.0600000023841858 -0.6899999380111694 -0.019999980926513672 -0.019999980926513672 -1.2899999618530273 -1.2899999618530273 -0.8600000143051147 -1.5400000214576721 -1.5600000023841858 -1.5600000023841858 -1.7100000381469727 -0.25 -0.25 -1.1100000143051147 -1.2100000381469727 -0.5800000429153442 -0.25999999046325684 -0.3400001525878906 0 -0.4500000476837158 -0.4500000476837158 -1.1700000762939453 -1.040000081062317 -0.25 -0.24000000953674316
-0.6499998569488525 0 -0.9600000381469727 -1.0199999809265137 -1 -1 -3.1100001335144043 -1.3700000047683716 -0.49000000953674316 -0.019999980926513672 -0.44999992847442627 -0.8200000524520874 -0.7100000381469727 -0.7100000381469727 -1.100000023841858 -0.8600000143051147 -0.8400000333786011 -0.8799999952316284 -1.3899999856948853 -1.64000004529953 -1.64000004529953 -0.8899999856948853 -0.8700000047683716 -0.8200000524520874 -1.5199999809265137 -0.8500000238418579 -0.8200000524520874 -0.6200000047683716 -0.6200000047683716 -1.100000023841858 -1.190000057220459 -0.8600000143051147 -0.5800000429153442 -0.18000006675720215 -1.2999999523162842 -1.2999999523162842 -1.100000023841858 -1.0499999523162842 -0.8899999856948853 -1.3199999332427979 -0.6599999666213989 -1.2599999904632568 -1.0199999809265137 -1.0199999809265137 -1.1699999570846558 -0.07999992370605469 -0.059999942779541016 -0.7599999904632568
-0.7300000190734863 -0.7699999809265137 -0.5899996757507324 -3.269999861717224 -1.5799999237060547 -1.5799999237060547 -0.559999942779541 -2.240000069141388 -0.6400001049041748 -0.6599998474121094 -0.6399998664855957 -0.6700000762939453 -0.6500000953674316 -0.6500000953674316 -0.10000014305114746 -0.7100000381469727 -0.5800000429153442 0 -0.8600000143051147 -0.9000000953674316 -0.9000000953674316 -0.9300000667572021 -0.6699999570846558 -1.2699999809265137 -1.100000023841858 -1.3300000429153442 -1.590000033378601 -0.8700000047683716 -0.8700000047683716 -1.0099999904632568 -1.0199999809265137 -0.7899999618530273 -0.8200000524520874 -0.039999961853027344 -0.9099999666213989 -0.9099999666213989 -0.16000008583068848 -0.6699999570846558 -0.9900000095367432 -1.159999966621399 -1.3299999237060547 -1.3799999952316284 -1.1100000143051147 -1.1100000143051147 -0.5099999904632568 -0.6200000047683716 -1.2400000095367432 -1.0999999046325684
-0.679999828338623 -0.6999998092651367 -2.559999942779541 -4.099999904632568 -0.2099999189376831 -0.2099999189376831 -2.269999921321869 -0.630000114440918 -1.2700001001358032 -0.5999999046325684 -0.5099998712539673 -0.8000000715255737 -1.0700000524520874 -1.0700000524520874 -0.09000015258789062 -0.7699999809265137 -0.7200000286102295 -0.6600000858306885 -0.7100000381469727 -0.7300000190734863 -0.7300000190734863 -0.029999971389770508 -0.029999971389770508 -0.7799999713897705 -0.5900000333786011 -0.75 -1.190000057220459 -0.7999999523162842 -0.7999999523162842 -0.12000012397766113 -0.1099998950958252 -0.1400001049041748 -0.6799999475479126 -0.7999999523162842 -0.7799999713897705 -0.7799999713897705 -0.7300000190734863 -0.039999961853027344 -0.7300000190734863 -0.2799999713897705 -0.6200000047683716 -1.1999999284744263 -1.159999966621399 -1.159999966621399 -1.159999966621399 -1.209999918937683 -1.209999918937683 -0.2799999713897705
-0.5999999046325684 -5.090000092983246 -2.9699999317526817 -2.8999999314546585 -0.12999999523162842 -0.12999999523162842 -0.04999995231628418 -1.399999976158142 -0.6200000047683716 -0.5499999523162842 -0.5700000524520874 -0.6200000047683716 -0.6200000047683716 -0.6500000953674316 -0.7100000381469727 0 -0.7300000190734863 -0.75 -0.7699999809265137 -0.7100000381469727 -0.7100000381469727 -0.7000000476837158 -0.7599999904632568 -0.7100000381469727 -0.690000057220459 -0.7000000476837158 -1.0299999713897705 -0.8500000238418579 -0.8500000238418579 -0.029999971389770508 -0.7899999618530273 -0.7000000476837158 -0.7599999904632568 -0.8200000524520874 -0.7300000190734863 -0.7300000190734863 -0.9800000190734863 -0.19000005722045898 -0.26999998092651367 -0.31999993324279785 -0.4200000762939453 -1.1200000047683716 -0.07999992370605469 -0.07999992370605469 -1.0399999618530273 -0.8600000143051147 -0.9399999380111694 -0.21000003814697266
-4.329999923706055 -3.3299999237060547 -1.800000011920929 -1.2699999809265137 0 0 -1.2200000286102295 -0.11999988555908203 -0.6599999666213989 -0.6200000047683716 -0.5900000333786011 -0.7000000476837158 -0.7000000476837158 -0.31999993324279785 -0.7000000476837158 -0.6600000858306885 -0.6100000143051147 -0.6500000953674316 -0.690000057220459 -0.3600001335144043 -0.3600001335144043 -0.690000057220459 -0.7100000381469727 -0.7300000190734863 -0.029999971389770508 -1.2899999618530273 -0.6200000047683716 -1.0299999713897705 -1.0299999713897705 -0.9600000381469727 -0.559999942779541 -0.7300000190734863 -0.6499999761581421 -0.6000000238418579 -0.7100000381469727 -0.7100000381469727 -0.7300000190734863 -0.7899999618530273 -0.7300000190734863 -0.6599999666213989 -0.11999988555908203 -0.3399999141693115 -0.9299999475479126 -0.9299999475479126 -1.1699999570846558 -1.21999990940094 -1.21999990940094 -1.1999999284744263
-3.5799999237060547 -2.7399998903274536 -0.9500000476837158 -0.9100000858306885 -0.5300000905990601 -0.5300000905990601 -0.5400000810623169 -0.6499999761581421 -0.6699999570846558 -0.7000000476837158 -0.5800000429153442 -0.5900000333786011 -0.5900000333786011 -0.7699999809265137 -0.5900000333786011 -0.8200000524520874 -0.6299999952316284 -0.6800000667572021 -0.6700000762939453 -0.6500000953674316 -0.6500000953674316 -0.7300000190734863 -0.6600000858306885 -0.6600000858306885 -1.1500000953674316 -0.8500000238418579 -0.8400000333786011 -0.8400000333786011 -0.5900000333786011 -0.5800000429153442 -0.7300000190734863 -0.7400000095367432 -0.7599999904632568 -0.8400000333786011 -0.28999996185302734 -0.28999996185302734 -0.7300000190734863 -0.7000000476837158 -0.7899999618530273 -0.7799999713897705 -0.04999995231628418 -0.20000004768371582 -0.8300000429153442 -0.8300000429153442 -0.11999988555908203 -0.8300000429153442 -1.2200000286102295 -0.059999942779541016
-0.4599999189376831 -0.3299999237060547 -1.290000081062317 -0.6399999856948853 -0.6600000858306885 -0.6600000858306885 -0.3600001335144043 -0.5800000429153442 -0.6800000667572021 -0.6299999952316284 -0.6100000143051147 -0.5600000619888306 -0.5600000619888306 -0.6800000667572021 -0.6600000858306885 -0.6399999856948853 -0.6299999952316284 -0.5900000333786011 -0.5900000333786011 -0.7699999809265137 -0.7699999809265137 -0.7800000905990601 -0.8899999856948853 -1.6299999952316284 -0.940000057220459 -1.3300000429153442 -0.35000014305114746 -0.35000014305114746 -0.75 -0.6399999856948853 -0.7000000476837158 -0.7599999904632568 -0.6299999952316284 -0.75 -0.6499999761581421 -0.6499999761581421 -0.6499999761581421 -0.690000057220459 -0.039999961853027344 -0.8300000429153442 -0.09999990463256836 -0.75 -0.6899999380111694 -0.6899999380111694 -0.04999995231628418 -0.06999993324279785 -0.9299999475479126 -0.6599999666213989
-0.019999980926513672 -0.07999992370605469 0 -0.6800000667572021 -0.6299999952316284 -0.6299999952316284 -0.6000000238418579 -0.5700000524520874 -0.6100000143051147 -0.690000057220459 0 -0.5099999904632568 -0.5099999904632568 -0.7100000381469727 -0.6500000953674316 -0.5800000429153442 -0.6000000238418579 -0.5300000905990601 -0.6500000953674316 -0.6600000858306885 -0.6600000858306885 -0.7699999809265137 -1.2599999904632568 -0.5900000333786011 -1.3600000143051147 -1.1700000762939453 -0.7900000810623169 -0.7900000810623169 -0.7900000810623169 -0.7200000286102295 -1.149999976158142 -0.75 -0.7599999904632568 -0.8300000429153442 -0.8600000143051147 -0.039999961853027344 -0.49000000953674316 -0.7400000095367432 -0.8400000333786011 -0.6399999856948853 -0.9500000476837158 -0.8999999761581421 -0.75 -0.75 -0.8600000143051147 -0.8300000429153442 -0.16000008583068848 -0.6699999570846558
-0.5900000333786011 -0.8700000047683716 -0.7400000095367432 -0.6600000858306885 -0.6299999952316284 -0.6299999952316284 -0.7000000476837158 -0.5900000333786011 -0.6499999761581421 -0.6299999952316284 -0.4700000286102295 -0.5600000619888306 -0.5600000619888306 -0.6200000047683716 -0.5800000429153442 -0.6200000047683716 -0.6100000143051147 -0.46000003814697266 -0.6200000047683716 -0.5900000333786011 -0.5900000333786011 -0.5900000333786011 -1.0199999809265137 -1.3000000715255737 -1.5099999904632568 -1.409999966621399 -0.8300000429153442 -0.8300000429153442 -0.38000011444091797 -0.75 -0.6599999666213989 -0.6100000143051147 -0.6200000047683716 -0.6599999666213989 -0.6799999475479126 -0.6799999475479126 -0.6399999856948853 -0.5700000524520874 -0.5800000429153442 -0.19000005722045898 -0.6399999856948853 -0.8500000238418579 -0.8500000238418579 -0.9500000476837158 -0.9500000476837158 -0.8799999952316284 -0.8700000047683716 -0.8199999332427979
-0.690000057220459 -1.2100000381469727 -0.7699999809265137 -0.7900000810623169 -0.7900000810623169 -0.009999990463256836 -0.009999990463256836 -0.009999990463256836 -0.6700000762939453 -0.6600000858306885 -0.46000003814697266 0 0 -0.6299999952316284 -0.6399999856948853 -0.6299999952316284 -0.7100000381469727 -0.6399999856948853 -0.6399999856948853 -0.9600000381469727 -0.9600000381469727 -1.3899999856948853 -1.440000057220459 -0.5900000333786011 -1.040000081062317 -1.1100000143051147 -0.7400000095367432 -0.7400000095367432 -0.6700000762939453 -0.5600000619888306 -0.7400000095367432 -0.690000057220459 -0.039999961853027344 -0.7100000381469727 -0.7100000381469727 -0.7100000381469727 -0.6499999761581421 -0.6599999666213989 -0.6599999666213989 -0.6599999666213989 -0.6200000047683716 -0.7100000381469727 -0.7100000381469727 -0.12694001197814941 -0.7300000190734863 -0.7799999713897705 -0.8500000238418579 -0.5900000333786011
-0.9600000381469727 -0.09000015258789062 -0.7000000476837158 -0.7000000476837158 -0.7000000476837158 -0.009999990463256836 -0.7900000810623169 -0.7200000286102295 -0.7100000381469727 -0.7200000286102295 -0.7000000476837158 -0.7900000810623169 -0.7900000810623169 -0.690000057220459 -0.5500000715255737 -0.5900000333786011 -0.5900000333786011 -0.690000057220459 -0.7000000476837158 -0.7000000476837158 -0.7000000476837158 -0.940000057220459 -0.9500000476837158 -0.8400000333786011 -0.8200000524520874 -0.6800000667572021 -0.7100000381469727 -0.7100000381469727 -0.8500000238418579 -0.5900000333786011 -0.6299999952316284 -0.6299999952316284 -0.7699999809265137 -0.7400000095367432 -0.5399999618530273 -0.5399999618530273 -0.6299999952316284 -0.5399999618530273 -0.6299999952316284 -0.6000000238418579 -0.5399999618530273 -0.5499999523162842 -0.5499999523162842 -0.8600000143051147 -0.7799999713897705 -1.0800000429153442 -1.0199999809265137 -0.04999995231628418
-0.7599999904632568 -0.75 -0.7100000381469727 -0.7899999618530273 -0.7899999618530273 -0.7599999904632568 -0.6299999952316284 -0.75 -0.6200000047683716 -0.75 -0.7599999904632568 -0.7200000286102295 -0.7200000286102295 -0.7599999904632568 -0.6800000667572021 -0.039999961853027344 -0.6800000667572021 -0.7599999904632568 -0.8999999761581421 -0.8999999761581421 -1.190000057220459 -1.4100000858306885 -0.9800000190734863 -0.7900000810623169 -0.7200000286102295 -0.7200000286102295 -0.7699999809265137 -0.7699999809265137 -0.6800000667572021 -0.6600000858306885 -0.6799999475479126 -0.75 -0.8400000333786011 -0.6399999856948853 -0.6399999856948853 -0.6399999856948853 -0.6399999856948853 -0.809999942779541 -0.4500000476837158 -0.5800000429153442 -0.6000000238418579 -0.5499999523162842 -0.5499999523162842 -0.6200000047683716 -0.5399999618530273 -0.690000057220459 -0.9600000381469727 -0.039999961853027344
-0.75 -0.029999971389770508 -1 -0.4500000476837158 -0.4500000476837158 -0.7300000190734863 -0.6800000667572021 -0.690000057220459 -0.4100000858306885 -0.7699999809265137 -0.7300000190734863 -0.8000000715255737 -0.8000000715255737 -0.8999999761581421 -0.8400000333786011 -0.009999990463256836 -0.7400000095367432 -0.8300000429153442 -0.7799999713897705 -0.7799999713897705 -1.790000081062317 -1.149999976158142 -0.6000000238418579 -0.8000000715255737 -0.9200000762939453 -0.8300000429153442 -0.7400000095367432 -0.7400000095367432 -0.5400000810623169 -0.7300000190734863 -0.6499999761581421 -0.7200000286102295 -0.6799999475479126 -0.7300000190734863 -0.7400000095367432 -0.7400000095367432 -0.8199999332427979 -0.7899999618530273 -0.7599999904632568 -0.75 -0.7400000095367432 -0.6699999570846558 -0.6699999570846558 -0.7899999618530273 -0.6299999952316284 -0.7799999713897705 -0.039999961853027344 -0.039999961853027344
-0.7100000381469727 -0.46000003814697266 -0.6599999666213989 -0.5600000619888306 -0.5600000619888306 -0.5299999713897705 -0.5800000429153442 -0.5399999618530273 -0.6700000762939453 -0.46000003814697266 -0.6299999952316284 -0.5299999713897705 -0.5299999713897705 -0.009999990463256836 -0.7699999809265137 -0.690000057220459 -0.7300000190734863 -0.8400000333786011 -1.1699999570846558 -1.1699999570846558 -1.6399999856948853 -1.600000023841858 -1.6100000143051147 -1.9300000667572021 -0.6000000238418579 -0.6000000238418579 -1.0800000429153442 -1.0800000429153442 -1.290000081062317 -1.1399999856948853 -0.5900000333786011 -0.7100000381469727 -0.6799999475479126 -0.6200000047683716 -0.6699999570846558 -0.6699999570846558 -0.7599999904632568 -0.04999995231628418 -0.7100000381469727 -0.690000057220459 -0.6299999952316284 -0.6499999761581421 -0.6499999761581421 -0.7699999809265137 -0.809999942779541 -0.06999993324279785 -0.6499999761581421 -0.039999961853027344
-0.6000000238418579 -0.09000015258789062 -0.6800000667572021 -0.6800000667572021 -0.6800000667572021 -0.6200000047683716 -0.6499999761581421 -0.5299999713897705 -0.7100000381469727 -0.5399999618530273 -0.059999942779541016 -0.6200000047683716 -0.6200000047683716 -0.5900000333786011 -0.75 -0.5600000619888306 -0.6600000858306885 -0.9800000190734863 -0.6000000238418579 -0.6000000238418579 -1.9100000262260437 -1.9200000166893005 -1.5300000309944153 -1.3600000143051147 -0.8899999856948853 -0.8799999952316284 -0.8300000429153442 -0.8300000429153442 -1.0099999904632568 -0.8000000715255737 -0.6399999856948853 -0.6399999856948853 -0.9900000095367432 -1.0099999904632568 -1.0099999904632568 -0.6799999475479126 -0.6399999856948853 -0.6899999380111694 -0.6599999666213989 -0.6499999761581421 -0.6399999856948853 -0.6000000238418579 -0.4200000762939453 -0.559999942779541 -0.5299999713897705 -0.039999961853027344 -0.039999961853027344 -0.690000057220459
0 0 -0.5500000715255737 -0.019999980926513672 -0.019999980926513672 -0.5299999713897705 -0.6299999952316284 -0.5099999904632568 -0.5700000524520874 -0.5 -0.6200000047683716 -0.8200000524520874 -0.8200000524520874 -0.2200000286102295 -0.6499999761581421 -0.440000057220459 -0.7200000286102295 -1.1700000762939453 -2.120000034570694 -2.120000034570694 -1.7000000476837158 -1.3300000429153442 -0.9600000381469727 -1.4900000095367432 -1.3000000715255737 -1.4900000095367432 -0.6100000143051147 -0.6100000143051147 -0.7900000810623169 -1.0199999809265137 -0.6399999856948853 -0.9800000190734863 -1.0199999809265137 -0.9700000286102295 -0.9700000286102295 -0.8199999332427979 -0.8500000238418579 -0.75 -0.7200000286102295 -0.7000000476837158 -0.039999961853027344 -0.039999961853027344 -0.039999961853027344 -0.6000000238418579 -0.6299999952316284 -0.1099998950958252 -0.039999961853027344 -0.690000057220459
-0.6100000143051147 -0.6700000762939453 -0.6800000667572021 -0.6599999666213989 -0.6599999666213989 -0.7300000190734863 -0.019999980926513672 -0.019999980926513672 -0.2200000286102295 -0.6499999761581421 -0.5900000333786011 -0.6399999856948853 -0.6399999856948853 -0.43000006675720215 -0.8799999952316284 -1.2799999713897705 -1.4900000095367432 -1.6600000262260437 -0.6000000238418579 -0.6000000238418579 -1.6299999952316284 -1.290000081062317 -1.7200000286102295 -1.6700000762939453 -1.190000057220459 -0.7100000381469727 -0.009999990463256836 -0.009999990463256836 -0.6600000858306885 -0.6399999856948853 -0.6000000238418579 -0.6799999475479126 -0.7400000095367432 -0.6399999856948853 -0.6399999856948853 -1.2100000381469727 -0.9600000381469727 -0.6499999761581421 -0.6499999761581421 -0.5700000524520874 -0.5299999713897705 -0.5800000429153442 -0.5800000429153442 -0.5199999809265137 -0.6699999570846558 -0.039999961853027344 -0.039999961853027344 -0.5900000333786011
0 -0.6600000858306885 -0.6299999952316284 -0.6299999952316284 -0.6299999952316284 -0.6200000047683716 -0.5 -0.6000000238418579 -0.5700000524520874 -0.6000000238418579 -0.5900000333786011 -0.5900000333786011 -0.690000057220459 -0.5800000429153442 -0.8100000619888306 -0.8799999952316284 -1.1700000762939453 -0.8500000238418579 -0.8400000333786011 -0.8400000333786011 -0.8700000047683716 -0.7300000190734863 -0.7000000476837158 -0.3299999237060547 -0.029999971389770508 -0.5299999713897705 -0.6499999761581421 -0.6499999761581421 -0.6599999666213989 -0.5199999809265137 -0.6500000953674316 -0.6600000858306885 -0.6100000143051147 -0.49000000953674316 -0.49000000953674316 -0.6200000047683716 -0.5600000619888306 -0.4100000858306885 -0.6000000238418579 -0.5800000429153442 -0.5700000524520874 -0.6200000047683716 -0.6200000047683716 -0.6399999856948853 -0.75 -1.190000057220459 -0.5900000333786011 -0.7000000476837158
-0.5199999809265137 -0.5800000429153442 -0.6600000858306885 -0.6500000953674316 -0.6500000953674316 -0.6000000238418579 -0.6399999856948853 -0.5199999809265137 -0.5900000333786011 -0.6299999952316284 -0.6200000047683716 -0.6200000047683716 -0.5900000333786011 -0.7100000381469727 -0.75 -0.9000000953674316 -1.3000000715255737 -1.6200000047683716 -0.9700000286102295 -0.9700000286102295 -0.690000057220459 -0.6800000667572021 -0.7300000190734863 -0.7100000381469727 -0.6800000667572021 -0.7000000476837158 -0.6800000667572021 -0.6800000667572021 -0.6100000143051147 -0.029999971389770508 -0.440000057220459 -0.6100000143051147 -0.5700000524520874 -0.5099999904632568 -0.5099999904632568 0 -0.6000000238418579 -0.5400000810623169 -0.5300000905990601 -0.5499999523162842 -0.6000000238418579 -0.6200000047683716 -0.6200000047683716 -0.5199999809265137 -0.6000000238418579 -0.5499999523162842 -0.6299999952316284 -0.6100000143051147
