SimulationData/Scenarios/Waterwolf/Flooding/Uitdammerdijk/1200.asc
ncols        561
nrows        278
xllcorner    4.817258165162
yllcorner    52.370746892638
cellsize     0.000511251697
NODATA_value  -9999
[rows 66 to 87 of 278, columns 48 to 95 of 561]
-1.2800002098083496 -1.0800001621246338 -0.7700002193450928 -0.7700002193450928 -0.820000171661377 -0.8300001621246338 -9.230000019073486 -9.230000019073486 -0.23000001907348633 -0.6399998664855957 -0.630000114440918 -0.630000114440918 -1.6400001049041748 -0.5900001525878906 -0.5300002098083496 -0.570000171661377 -0.5 -0.4099998474121094 -0.46000003814697266 -0.46000003814697266 -0.48999977111816406 -0.21000003814697266 -0.36999988555908203 -0.36999988555908203 -0.36999988555908203 -0.7499997615814209 -0.7499997615814209 -0.019999980926513672 -2.6499998569488525 -4.329999893903732 -4.21999990940094 -1.0699999332427979 -0.019999980926513672 -0.42999982833862305 -0.42999982833862305 -0.46000003814697266 -0.5900001525878906 -0.5 -0.5199999809265137 -0.4699997901916504 -0.5 -0.5 -0.5099997520446777 -0.48000001907348633 -0.7399997711181641 -0.39999961853027344 -0.5799999237060547 -0.7299997806549072
-1.4300000667572021 -0.7800002098083496 -0.6600000858306885 -0.6600000858306885 -0.820000171661377 -0.8400001525878906 -0.880000114440918 -0.2200002670288086 -0.5799999237060547 -0.6399998664855957 -0.559999942779541 -0.559999942779541 -0.559999942779541 -0.05000019073486328 -0.4500002861022949 -0.570000171661377 -0.5999999046325684 -0.48999977111816406 -0.5299997329711914 -0.5299997329711914 -0.46000003814697266 -0.4499998092651367 -0.5799999237060547 -0.5 -0.2799997329711914 -1.3399999141693115 -1.3399999141693115 -4.2699998915195465 -3.269999861717224 -4.859999895095825 -1.0499999523162842 -0.570000171661377 -0.6399998664855957 -0.570000171661377 -0.570000171661377 -0.559999942779541 -0.630000114440918 -0.559999942779541 -0.5300002098083496 -0.5399999618530273 -0.559999942779541 -0.559999942779541 -0.4099998474121094 -0.48000001907348633 -0.6499996185302734 -0.6699998378753662 -0.6499996185302734 -0.39999961853027344
-1.4300000667572021 -1.440000057220459 -1.1700000762939453 -1.1700000762939453 -0.690000057220459 -0.7700002193450928 -0.7900002002716064 -0.7700002193450928 -0.13000011444091797 -0.6600000858306885 -0.48000001907348633 -0.48000001907348633 -0.570000171661377 -0.5399999618530273 -0.46000003814697266 -0.5199999809265137 -0.5 -0.4499998092651367 -0.4499998092651367 -0.48000001907348633 -0.48999977111816406 -0.4499998092651367 -0.809999942779541 -0.9899997711181641 -1.309999942779541 -3.619999885559082 -0.5199999809265137 -6.419999957084656 -2.8299999237060547 0 -0.5299997329711914 -0.5300002098083496 -0.5199999809265137 -0.6500000953674316 -0.6500000953674316 -0.07000017166137695 -0.49000024795532227 -0.5399999618530273 -0.5 -0.46000003814697266 -0.46000003814697266 -0.46000003814697266 -0.559999942779541 -0.5899996757507324 -0.5399999618530273 -0.48999977111816406 -0.059999942779541016 -0.5399999618530273
-1.0400002002716064 -1.3300001621246338 -1.510000228881836 -1.510000228881836 -1.0200002193450928 -9.230000019073486 -9.230000019073486 -0.4200000762939453 -0.6399998664855957 -0.6700000762939453 -0.6600000858306885 -0.6600000858306885 -0.48000001907348633 -0.26999998092651367 -0.5100002288818359 -0.559999942779541 -0.5399999618530273 -0.4699997901916504 -0.4699997901916504 -0.6299998760223389 -0.9799997806549072 -1.5099999904632568 -1.2099997997283936 -0.679999828338623 -1.9399998188018799 -6.949999809265137 -6.949999809265137 -6.039999961853027 -2.619999885559082 -0.42999982833862305 -0.46000003814697266 -0.559999942779541 -0.6500000953674316 -0.5 -0.5 -0.7200000286102295 -0.5199999809265137 -0.5199999809265137 -0.5300002098083496 -0.05000019073486328 -0.48999977111816406 -0.48999977111816406 -0.619999885559082 -0.679999828338623 -0.5699996948242188 -0.31999969482421875 -0.5499997138977051 -0.6399998664855957
-0.6499998569488525 -0.619999885559082 -0.5699996948242188 -0.5699996948242188 -0.7500002384185791 -0.8100001811981201 -0.5900001525878906 -0.559999942779541 -0.4099998474121094 -0.6100001335144043 -0.5399999618530273 -0.5399999618530273 -0.46000003814697266 -0.570000171661377 -0.5 -0.9600000381469727 -0.690000057220459 -0.05000019073486328 -0.05000019073486328 -1.6000001430511475 -0.820000171661377 -1.130000114440918 -1.2999999523162842 -1.1899998188018799 -1.4199998378753662 -7.2799999713897705 -7.2799999713897705 -0.8199999332427979 0 -0.42999982833862305 -0.48000001907348633 -0.309999942779541 -0.6399998664855957 -0.570000171661377 -0.570000171661377 -0.49000024795532227 -0.7399997711181641 -0.11999988555908203 -0.5699996948242188 -0.5399999618530273 -0.559999942779541 -0.559999942779541 -0.6399998664855957 -0.7299997806549072 -0.11999988555908203 -0.46000003814697266 -0.5900001525878906 -0.6500000953674316
-0.6499998569488525 -0.019999980926513672 -0.5199997425079346 -0.5199997425079346 -0.7800002098083496 -1.3400001525878906 -0.7900002002716064 -0.5100002288818359 -0.570000171661377 -0.559999942779541 -0.4700002670288086 -0.4700002670288086 -1.4300000667572021 -0.7999999523162842 -0.09000015258789062 -1.7200000286102295 -0.7000000476837158 -0.4500002861022949 -0.4500002861022949 -0.1399998664855957 -0.630000114440918 -0.5999999046325684 -1.489999771118164 -1.5399999618530273 -1.3299999237060547 -0.7899999618530273 -0.7899999618530273 -0.05000019073486328 -0.5799999237060547 -0.6099996566772461 -0.5299997329711914 -0.570000171661377 -0.6500000953674316 -0.6500000953674316 -0.4700002670288086 -0.570000171661377 -0.5899996757507324 -0.5299997329711914 -0.48999977111816406 -0.45999956130981445 -0.5 -0.5 -0.48999977111816406 -0.5699996948242188 -0.6299996376037598 -0.6800000667572021 -0.05000019073486328 -1.2400002479553223
-0.6699998378753662 -0.5399997234344482 -0.4399998188018799 -0.4399998188018799 -0.7800002098083496 -9.170000076293945 -0.9700002670288086 -0.7800002098083496 -0.5900001525878906 -0.940000057220459 -0.7999999523162842 -0.7999999523162842 -0.09000015258789062 -1.6600000858306885 -0.48000001907348633 -0.09000015258789062 -1.1700000762939453 -0.6500000953674316 -0.6500000953674316 -0.630000114440918 -0.3000001907348633 -0.7699999809265137 -1.3399999141693115 -7.659999847412109 -1.1099998950958252 -1.5199999809265137 -1.5199999809265137 -0.630000114440918 -0.5399999618530273 -0.5699996948242188 -0.019999980926513672 -0.6399998664855957 -0.630000114440918 -0.630000114440918 -0.4700002670288086 -0.6100001335144043 -0.5999999046325684 -0.5899996757507324 -0.6299996376037598 -0.5399999618530273 -0.6399998664855957 -0.6399998664855957 -1.0399997234344482 -0.7599997520446777 -0.7199997901916504 -0.7300000190734863 -0.6100001335144043 -0.6399998664855957
-0.7599997520446777 -0.4499998092651367 -0.45999979972839355 -0.45999979972839355 -0.8700001239776611 -0.9000000953674316 -0.8300001621246338 -1.75 -0.09000015258789062 -1.880000114440918 -0.6700000762939453 -0.6700000762939453 -0.8300001621246338 -1.0199999809265137 -0.8900001049041748 -1.059999942779541 -0.7000000476837158 -0.9800000190734863 -0.9800000190734863 -1.3100001811981201 -1.1700000762939453 -1.3000001907348633 -2.8000000715255737 -6.8500001430511475 -1.9499998092651367 -0.6299998760223389 -0.6299998760223389 -0.679999828338623 -0.6699998378753662 -0.5699996948242188 -0.7499997615814209 -0.9100000858306885 -0.5100002288818359 -0.5100002288818359 -0.8500001430511475 -0.7000000476837158 -0.11999988555908203 -0.8299996852874756 -0.7099995613098145 -0.679999828338623 -0.6699995994567871 -0.6699995994567871 -0.8099997043609619 -1.8399999141693115 -1.619999885559082 -0.07000017166137695 -0.07000017166137695 -0.6700000762939453
-0.7199997901916504 -0.17999982833862305 -0.04999995231628418 -0.04999995231628418 -1.130000114440918 -1.4000000953674316 -1.1500000953674316 -2.1700000762939453 -0.09000015258789062 -0.7300000190734863 -0.7300000190734863 -0.8500001430511475 -0.7799999713897705 -1.1000001430511475 -0.9700000286102295 -0.9900000095367432 -0.9300000667572021 -0.05000019073486328 -0.05000019073486328 -1.3300001621246338 -0.9000000953674316 -3.3500001430511475 -7.349999904632568 -2.2199997901916504 -1.2699999809265137 -0.6399998664855957 -0.6399998664855957 -0.5499997138977051 -0.09999990463256836 -0.6599998474121094 -0.48999977111816406 -0.5999999046325684 -0.3000001907348633 -0.3000001907348633 -0.9600000381469727 -0.7900002002716064 -0.7899997234344482 -0.929999828338623 -0.7799997329711914 -0.9499998092651367 -0.11999988555908203 -0.11999988555908203 -0.7099995613098145 -1.0899996757507324 -1.4599997997283936 -0.9000000953674316 -0.8500001430511475 -0.48000001907348633
-0.7299997806549072 -0.12999987602233887 -0.08999991416931152 -0.08999991416931152 -1.1000001430511475 -0.9300000667572021 -3.8600001335144043 -0.8000001907348633 -0.8500001430511475 -0.9200000762939453 -0.9200000762939453 -0.9100000858306885 -0.4500002861022949 -1 -1.1200001239776611 -0.8400001525878906 -1.2000000476837158 -1.0300002098083496 -1.0300002098083496 -1.0400002002716064 -0.6600000858306885 -4.210000097751617 -7.0299999713897705 -2.509999990463257 -0.1399998664855957 -0.7300000190734863 -0.7300000190734863 -0.6899998188018799 -0.5699996948242188 -0.619999885559082 -0.7799999713897705 -0.3600001335144043 -0.7400000095367432 -0.7400000095367432 -0.6499998569488525 -0.7099997997283936 -0.9499998092651367 -0.059999942779541016 -1.2699997425079346 -0.7699997425079346 -0.059999942779541016 -0.059999942779541016 -0.9599997997283936 -0.9799997806549072 -1.059999942779541 -1.1999998092651367 -1.7599999904632568 -1.619999885559082
-1.2899997234344482 -5.949999928474426 -6.419999957084656 -6.419999957084656 -0.05000019073486328 -0.8900001049041748 -0.9700000286102295 -0.8000001907348633 -1.0900001525878906 -1.0800001621246338 -1.0800001621246338 -0.9200000762939453 -0.9300000667572021 -1.5400002002716064 -1.3400001525878906 -1.6400001049041748 -1.6000001430511475 -0.929999828338623 -0.929999828338623 -1.1399998664855957 -0.5399999618530273 -6.3399999141693115 -6.379999876022339 -1.059999942779541 -0.5399999618530273 -0.5399999618530273 -0.75 -0.7900002002716064 -0.8100001811981201 -0.6400001049041748 -0.010000228881835938 -0.8299999237060547 -0.5799999237060547 -0.5799999237060547 -0.48999977111816406 -0.7199997901916504 -0.8599998950958252 -1.1699998378753662 -1.2699997425079346 -1.2199997901916504 -1.5199997425079346 -1.5199997425079346 -1.8199999332427979 -0.14999961853027344 -1.6499998569488525 -1.309999942779541 -0.9899997711181641 -1.0199999809265137
-7.449999809265137 -1.2199997901916504 -0.929999828338623 -0.929999828338623 -1.0199999809265137 -0.7599999904632568 -1.0500001907348633 -1 -0.9200000762939453 -1.0299999713897705 -1.0299999713897705 -1.0800001621246338 -0.9100000858306885 -1.3100001811981201 -0.5500001907348633 -1.6200001239776611 -1.630000114440918 -0.9300000667572021 -0.9300000667572021 -0.8499999046325684 -0.7599999904632568 -6.870000123977661 -6.059999942779541 -0.5999999046325684 -0.7899999618530273 -0.7899999618530273 -0.8599998950958252 -0.9500000476837158 -0.7400002479553223 -0.7600002288818359 -0.6500000953674316 -0.9599997997283936 -0.619999885559082 -0.619999885559082 -0.679999828338623 -0.7199997901916504 -0.34999990463256836 -0.679999828338623 -1.1399998664855957 -1.0999999046325684 -0.2999997138977051 -0.2999997138977051 -0.059999942779541016 -0.5699996948242188 -0.869999885559082 -0.8799998760223389 -0.019999980926513672 -0.5899996757507324
-9999 0 0 -1.2799999713897705 -0.9499998092651367 -0.9399998188018799 -0.9900000095367432 -0.9800000190734863 -0.4700002670288086 -0.48000025749206543 -0.48000025749206543 -0.5600001811981201 -0.8000001907348633 -1.4099998474121094 -1.1999998092651367 -0.6699995994567871 -0.6699995994567871 -1.1599998474121094 -1.1599998474121094 -0.8999998569488525 -1.6999998092651367 -6.829999923706055 -0.07000017166137695 -0.8900001049041748 -1.130000114440918 -1.130000114440918 -1.0500001907348633 -0.9300000667572021 -0.8100001811981201 -0.7300000190734863 -0.7100000381469727 -1.0799999237060547 -0.019999980926513672 -0.019999980926513672 -0.42999982833862305 -0.9499998092651367 -0.5299997329711914 -0.7399997711181641 -0.7999999523162842 -1.0199997425079346 -0.8799998760223389 -0.8799998760223389 -1.619999885559082 -1.3599998950958252 -1.3599998950958252 -0.7599999904632568 -0.6099998950958252 -2.049999952316284
-9999 -3.9399998784065247 -3.9399998784065247 -2.049999952316284 -1.309999942779541 -1.059999942779541 -1.0899999141693115 -1.0299999713897705 -0.46000027656555176 -0.35000014305114746 -0.35000014305114746 -0.6900002956390381 -0.7800002098083496 -1.0299997329711914 -0.9699997901916504 -0.8799998760223389 -0.9099998474121094 -0.7899997234344482 -0.7899997234344482 -0.5399999618530273 -6.109999895095825 -6.539999961853027 -0.6700000762939453 -0.7200000286102295 -0.8700001239776611 -0.8700001239776611 -0.5999999046325684 -0.619999885559082 -0.559999942779541 -0.7400000095367432 -0.7200000286102295 -0.019999980926513672 -0.5499997138977051 -0.5499997138977051 -0.4499998092651367 -0.6599998474121094 -0.5899996757507324 -0.4699997901916504 -0.6099996566772461 -0.6699998378753662 -0.6699998378753662 -1.2099997997283936 -0.6999998092651367 -1.7599997520446777 -0.8999998569488525 -0.9499998092651367 -1.0199999809265137 -0.8299999237060547
-1.64000004529953 -1.2200000286102295 -1.2200000286102295 -2.350000075995922 -1.8899998664855957 -1.0799999237060547 -1.0899999141693115 -1.119999885559082 -0.4200000762939453 -0.3600001335144043 -0.3600001335144043 -0.5000002384185791 -0.26000022888183594 -0.9199998378753662 -0.8599998950958252 -0.8899998664855957 -0.9199998378753662 -0.929999828338623 -0.929999828338623 -0.7899999618530273 -6.919999837875366 -0.6899998188018799 -0.559999942779541 -0.5199999809265137 -0.690000057220459 -0.690000057220459 -0.5799999237060547 -0.25 -0.8100001811981201 -0.8000001907348633 -0.9800000190734863 -0.559999942779541 -1.2099997997283936 -1.2099997997283936 -0.9099998474121094 -0.019999980926513672 -0.7899999618530273 -0.5299997329711914 -0.6099996566772461 -0.6899998188018799 -0.6899998188018799 -0.7399997711181641 -1.5799999237060547 -1.0499999523162842 -1.929999828338623 -0.9599997997283936 -0.9499998092651367 -0.7899999618530273
-1.4900000467896461 -1.0800000429153442 -1.0800000429153442 -1.170000046491623 -1.170000046491623 -0.5600000619888306 -2.3299999237060547 -2.549999952316284 -1.5299999713897705 -1.6499998569488525 -1.6499998569488525 0 -0.48000001907348633 -0.5499997138977051 -0.5799999237060547 -0.6099998950958252 -0.7699999809265137 -0.7699999809265137 -1.0199999809265137 -1.619999885559082 -6.819999933242798 -0.46000003814697266 -0.36999988555908203 -0.4699997901916504 -0.559999942779541 -0.559999942779541 -1.8499999046325684 -1.1599998474121094 -1.0899999141693115 -1 -0.9499998092651367 -1.2200000286102295 -1.0500001907348633 -1.0500001907348633 -1.119999885559082 -0.5500001907348633 -0.5900001525878906 -0.43000030517578125 -1.9200000762939453 -0.03000020980834961 -0.03000020980834961 -0.5300002098083496 -0.6400001049041748 -0.8000001907348633 -0.03000020980834961 -0.9399998188018799 -0.9599997997283936 -1
-1.3600000590085983 -1.4500000476837158 -1.4500000476837158 -0.940000057220459 -1.2000000476837158 -1.440000057220459 -2.959999978542328 -2.3600000143051147 -3.3999998569488525 -3.3999998569488525 -3.3999998569488525 -3.5999999046325684 -4.499999903142452 -4.83999989926815 -4.679999902844429 -3.6399999260902405 -2.18999981880188 -2.18999981880188 -1.5899999141693115 -6.439999938011169 -6.609999895095825 -1.619999885559082 -1.679999828338623 -0.7599999904632568 -0.5499997138977051 -0.5499997138977051 -0.4699997901916504 -0.5699996948242188 -0.5299997329711914 -0.3299999237060547 -0.7300000190734863 -0.9200000762939453 -1.190000057220459 -1.190000057220459 -1.1100001335144043 -0.880000114440918 -0.03000020980834961 -0.03000020980834961 -0.03000020980834961 -0.03000020980834961 -0.03000020980834961 -0.03000020980834961 -0.3000001907348633 -0.8000001907348633 -1.130000114440918 -1.0799999237060547 -2.259999990463257 -2.2200000286102295
-1.090000033378601 -1.4500000476837158 -1.4500000476837158 -1.090000033378601 -0.7100000083446503 -0.570000022649765 -0.8200000524520874 -1.0400000512599945 -1.2300000488758087 0 0 -0.029999971389770508 -0.029999971389770508 0 0 -0.019999980926513672 -0.20000004768371582 -0.20000004768371582 -0.029999971389770508 -3.819999933242798 -1.7300000190734863 -1.7300000190734863 -3.0399999022483826 -3.4399998784065247 -1.3499999046325684 -1.3499999046325684 -0.7999999523162842 -1.4699997901916504 -0.8299999237060547 -0.809999942779541 -0.9699997901916504 -1.3000001907348633 -1.4000000953674316 -1.4000000953674316 -1.8700001239776611 -1.380000114440918 -0.6600000858306885 -0.75 -0.03000020980834961 -0.03000020980834961 -0.03000020980834961 -0.03000020980834961 -0.03000020980834961 -0.6500000953674316 -1.7800002098083496 -1.2099997997283936 -4.129999905824661 -1.8700000047683716
-1.1100000441074371 -1.5000000521540642 -1.5000000521540642 -1.420000046491623 -1.5200000181794167 -0.8199999928474426 -1.0100000202655792 -0.8299999833106995 -1.0400000214576721 -1.4300000220537186 -1.4300000220537186 -0.25999999046325684 -0.039999961853027344 -0.12000000476837158 -0.12000000476837158 -0.11000001430511475 -0.2600001096725464 -0.2600001096725464 -0.5600000619888306 -3.509999990463257 0 0 -0.9000000357627869 -1.6400000303983688 -3.6599999368190765 -3.6599999368190765 -2.0399999618530273 -2.8999998569488525 -1.0799999237060547 -1.1800000667572021 -1.3100001811981201 -0.8899998664855957 -0.8899998664855957 -1.2400000095367432 -0.880000114440918 -0.9600000381469727 -0.75 -0.5199999809265137 0 0 0 0 0 -0.5199999809265137 0 -4.299999892711639 -2.8299999237060547 -0.3599998950958252
-1.160000056028366 -0.940000057220459 -0.940000057220459 -1.5000000521540642 -1.0100000202655792 -1.2000000178813934 -0.7400000095367432 -1.4500000178813934 -1.0800000131130219 -1.2500000149011612 -1.2500000149011612 -0.9700000286102295 -0.7900000214576721 -0.19000005722045898 -0.2200000286102295 -0.18000006675720215 -0.3799999952316284 -0.3799999952316284 -3.549999952316284 -0.6899999976158142 -0.3299999237060547 -0.3299999237060547 -0.9700000286102295 -0.7899999618530273 -1.059999942779541 -1.059999942779541 -2.7699999809265137 -1.100000023841858 -0.6399999856948853 -0.46000003814697266 -0.6999999284744263 -2.0999999046325684 -2.0999999046325684 -2.0899999141693115 -2.6799999475479126 -0.8199999332427979 -0.75 -1.1400001049041748 -0.75 -0.05000019073486328 -0.05000019073486328 -1.3500001430511475 0 -2.009999990463257 -1.6100000143051147 -0.04999995231628418 -0.25999999046325684 -0.5799999237060547
-1.120000034570694 -1.4500000476837158 -1.4500000476837158 -1.3200000524520874 -1.030000001192093 -1.1500000059604645 -0.039999961853027344 -0.41999995708465576 -1.3600000143051147 -1.3600000143051147 -1.2500000149011612 -1.4400000125169754 -0.7900000214576721 -0.12000000476837158 -0.2200000286102295 -0.11000001430511475 -0.12000000476837158 -0.12000000476837158 -3.799999952316284 -0.039999961853027344 -0.3299999237060547 -0.44999992847442627 -0.41999995708465576 -0.8300000429153442 -1.6800000071525574 -1.6800000071525574 -0.9199999570846558 -1.5899999737739563 -1.0699999332427979 -0.36999988555908203 -0.440000057220459 -1.2400000095367432 -1.2400000095367432 -1.369999885559082 -3.1499998569488525 -3.119999885559082 -3.4200000762939453 -2.8600001335144043 -1.4300000667572021 -1.2900002002716064 -1.2900002002716064 -2.5199999809265137 -3.28000009059906 -1.6299999952316284 -1.6399999856948853 -0.15999996662139893 -0.2099999189376831 -0.2099999189376831
-1.2399999499320984 -1.459999941289425 -1.459999941289425 -1.6799999475479126 -0.1099998950958252 -0.1099998950958252 -0.2999999523162842 -0.3599998950958252 -1.35999995470047 -1.35999995470047 -1.2499999403953552 -0.22999989986419678 -0.07999992370605469 -0.09999990463256836 -0.22999989986419678 -0.25 -0.5300000905990601 -0.5300000905990601 -3.4600000381469727 0 -0.43000006675720215 -0.009999990463256836 -1.1399998664855957 -1.1699999570846558 -0.8999998569488525 -0.8999998569488525 -0.7299998998641968 -0.49999988079071045 -0.6399998664855957 -1.029999852180481 -0.5399998426437378 -1.1100000143051147 -1.1100000143051147 -0.9900000095367432 -0.40000009536743164 -0.3600001335144043 0 -0.8199999332427979 -0.38999998569488525 -0.08999991416931152 -0.08999991416931152 -0.3700000047683716 -0.8299999237060547 -0.5799999237060547 -1.1899999380111694 -0.9599999189376831 -1.0699999332427979 -1.0699999332427979
