SimulationData/Scenarios/Waterwolf/Flooding/Uitdammerdijk/1260.asc
ncols        561
nrows        278
xllcorner    4.817258165162
yllcorner    52.370746892638
cellsize     0.000511251697
NODATA_value  -9999
[rows 242 to 263 of 278, columns 192 to 239 of 561]
-2.349999964237213 -3.209999918937683 -2.320000171661377 -2.320000171661377 -0.49000000953674316 -0.09999990463256836 -0.019999980926513672 -0.019999980926513672 -6.390000104904175 -0.7499999850988388 -9999 -0.2799999713897705 -0.20999997854232788 -0.3200000524520874 -0.3200000524520874 -0.25999999046325684 -0.28999996185302734 -0.19999998807907104 -9999 -1.6599999964237213 -1.6400000154972076 -1.6100000441074371 -1.6100000441074371 -1.0100000202655792 -0.42000000551342964 -0.9199999868869781 -1.0499999821186066 -1.0600000321865082 0 -1.1500000059604645 -1.1500000059604645 -0.9400000274181366 -0.7199999988079071 -1.0600000321865082 -1.1400000154972076 -1.2500000298023224 -1.2699999809265137 -1.2699999809265137 -1.1799999475479126 -1.6799999475479126 -0.8799999803304672 0 -1.0000000298023224 -0.8400000035762787 -0.7300000190734863 -0.7300000190734863 -9999 -1.7600000500679016
-2.6699999570846558 0 -2.320000171661377 -0.820000171661377 -0.1099998950958252 -2.259999990463257 -5.629999995231628 -5.629999995231628 -5.289999961853027 -1.5199999660253525 -1.5900000184774399 -9999 -9999 -0.17000001668930054 -0.17000001668930054 -0.48000001907348633 -0.44999992847442627 -0.24000000953674316 -1.5399999916553497 -1.4599999487400055 -1.280000001192093 -1.2999999821186066 -1.2999999821186066 -0.9099999964237213 -1.0499999821186066 -1.0900000035762787 -1.3100000321865082 -1.2899999916553497 -1.3800000250339508 -0.9899999797344208 -0.9899999797344208 -0.6700000166893005 -0.8400000035762787 -0.8100000023841858 -0.49000000953674316 -1.4000000059604645 -1.5600000023841858 -1.5600000023841858 -1.3700000047683716 -1.0199999809265137 -0.6199999768286943 -1.0999999940395355 -0.6599999964237213 -0.9600000083446503 -0.42000000551342964 -0.42000000551342964 -9999 -2.6500000953674316
-5.930000185966492 -5.710000157356262 -4.740000009536743 -7.759999990463257 -5.360000133514404 -4.540000081062317 -0.30000001192092896 -0.30000001192092896 -0.3800000548362732 -0.3400000333786011 -0.28999996185302734 -0.31000006198883057 -0.5699999332427979 -2.7499998807907104 -2.7499998807907104 -2.4199999570846558 -9999 -2.5799999237060547 -2.049999952316284 -2.049999952316284 -2.0999999046325684 -2.099999964237213 -2.099999964237213 -1.679999977350235 -1.5499999821186066 -1.4700000584125519 -1.579999953508377 -1.7400000393390656 -1.4800000488758087 -1.0399999916553497 -1.0399999916553497 -1.0800000131130219 -0.9600000083446503 -0.6599999964237213 -0.800000011920929 -1.1900000274181366 -1.3599999845027924 -1.3599999845027924 -1.5499999821186066 -1.4399999678134918 -1.1599999964237213 -1.0799999833106995 -1.199999988079071 -1.2199999690055847 -9999 -9999 -9999 -1.1299999952316284
-0.3500000238418579 -0.6100000143051147 -3.509999990463257 -2.25 -0.12999999523162842 -0.23000001907348633 -0.23000001907348633 -0.4599999785423279 -0.17000001668930054 -0.1799999475479126 -0.3500000238418579 -0.46000003814697266 -0.11000001430511475 -2.5999999046325684 -2.5999999046325684 -2.2499999403953552 -9999 -2.2799999713897705 -2.46999990940094 -1.9399999380111694 -2.0899999737739563 -2.409999966621399 -2.409999966621399 -1.2600000202655792 -1.2500000298023224 -1.6099999248981476 -1.6400000154972076 -1.4499999582767487 -1.1400000154972076 -1.1300000250339508 -1.1300000250339508 -1.1300000250339508 -1.0399999916553497 -0.9500000178813934 -1.4900000393390656 -1.270000010728836 -1.6899999678134918 -1.6899999678134918 -1.6100000441074371 -1.5699999630451202 -1.4700000584125519 -1.409999966621399 -0.9199999868869781 -0.9599999785423279 -9999 -9999 -9999 -1.5
-2.2299999594688416 -3.96999990940094 -2.5500000715255737 -2.2300000190734863 -0.12999999523162842 -0.10000002384185791 -0.10000002384185791 -0.17000001668930054 -0.39000004529953003 -0.41999995708465576 -0.3700000047683716 -0.3200000524520874 -0.25999999046325684 -2.4399999380111694 -2.4399999380111694 -9999 -2.549999952316284 -2.3299999237060547 -2.2699999809265137 -2.209999978542328 -2.099999964237213 -2.059999942779541 -2.059999942779541 -1.2100000083446503 -1.2500000298023224 -1.4000000059604645 -1.589999943971634 -2.0000000298023224 -1.9000000059604645 -1.9000000059604645 -1.9099999964237213 -1.7500000298023224 -1.3599999845027924 -1.4599999487400055 -2.1400000154972076 -2.0900000631809235 -2.280000001192093 -2.280000001192093 -1.8800000250339508 -1.829999953508377 -1.5599999725818634 -1.7899999618530273 -1.7999999523162842 -9999 -9999 -9999 -9999 -9999
-0.8399999737739563 -0.9399999976158142 -0.3199999928474426 -0.39000004529953003 -0.4399999976158142 -0.34999996423721313 -0.34999996423721313 -0.3399999737739563 -0.22999995946884155 -0.4700000286102295 -0.48000001907348633 -0.6200000047683716 -0.26999998092651367 -9999 -9999 -2.4999998807907104 -2.3499999046325684 -2.1799999475479126 -2.2899999618530273 -2.1299999356269836 -2.5199999809265137 -2.409999966621399 -2.409999966621399 -1.3400000035762787 -1.4499999582767487 -1.4800000488758087 -2.079999953508377 -2.189999967813492 -1.8800000250339508 -1.8800000250339508 -1.6500000059604645 -1.770000010728836 -1.6899999678134918 -1.829999953508377 -2.0399999916553497 -1.829999953508377 -2.280000001192093 -2.280000001192093 -2.0000000298023224 -1.9499999582767487 -1.9499999582767487 -1.909999966621399 -1.449999988079071 -0.9399999678134918 -9999 -9999 -1.4399999976158142 -9999
-0.21999996900558472 -0.5099999308586121 -0.60999995470047 -0.4399999976158142 -0.35999995470046997 -0.14000004529953003 -0.14000004529953003 -0.4100000262260437 -0.3399999737739563 -9999 -0.2799999713897705 -0.20000004768371582 -0.3500000238418579 -2.319999933242798 -2.319999933242798 -2.3899999856948853 -2.4899998903274536 -2.4899998903274536 -2.609999895095825 -2.7299998998641968 -2.490000009536743 -2.2399999499320984 -2.2399999499320984 -1.6699999868869781 -1.6699999868869781 -1.429999977350235 -1.4499999582767487 -1.5499999821186066 -1.9199999868869781 -1.9199999868869781 -1.9099999964237213 -1.4900000393390656 -2.0499999821186066 -1.929999977350235 -2.030000001192093 -2.1400000154972076 -2.1500000059604645 -2.1500000059604645 -1.7899999916553497 -1.6699999868869781 -1.5699999630451202 -1.5499999523162842 -1.4799999594688416 -1.1399999856948853 -1.3100000023841858 -1.3100000023841858 -1.7799999713897705 -1.7999999523162842
-0.3399999737739563 -0.39000004529953003 -0.35999995470046997 -0.5600000023841858 -9999 -1.0999999791383743 -1.0999999791383743 -1.5400000363588333 -1.4300000220537186 -1.5700000077486038 -1.0700000077486038 -1.3799999505281448 -1.0500000268220901 -1.0500000268220901 -1.0500000268220901 -0.9599999934434891 -1.3299999982118607 -1.3299999982118607 -1.51999993622303 -1.0500000268220901 -1.2599999457597733 -1.6099999696016312 -1.6099999696016312 -1.430000051856041 -1.4400000423192978 -1.2100000232458115 -1.5699999183416367 -1.299999937415123 -1.2300000041723251 -1.2300000041723251 -1.2899999469518661 -1.4500000327825546 -1.910000041127205 -2.2299999743700027 -1.7599999457597733 -2.0799999982118607 -1.7800000458955765 -1.7800000458955765 -1.8200000077486038 -1.6800000220537186 -1.4899999648332596 -1.4899999797344208 -1.320000022649765 -1.320000022649765 -1.229999989271164 -1.229999989271164 -1.2500000298023224 -1.5400000512599945
-0.5400000214576721 -0.4100000262260437 -0.7099999785423279 -9999 -1.560000017285347 -1.0700000077486038 -1.0700000077486038 -1.1400000005960464 -1.4300000220537186 -1.4099999219179153 -1.0299999862909317 -0.810000017285347 -1.1400000005960464 -1.459999993443489 -1.459999993443489 -0.8900000005960464 -1.3299999982118607 -1.3299999982118607 -0.9599999934434891 -0.8700000196695328 -1.7399999648332596 -1.7399999648332596 -1.2299999743700027 -1.2300000041723251 -1.330000028014183 -1.5299999564886093 -1.5700000375509262 -1.639999970793724 -1.580000028014183 -1.580000028014183 -9999 -9999 -1.5200000554323196 -1.810000017285347 -1.6700000315904617 -2.0799999982118607 -1.8299999982118607 -1.8299999982118607 -1.8000000268220901 -1.6099999696016312 -1.6299999505281448 -1.4899999797344208 -1.5300000607967377 -1.1199999749660492 -1.2999999821186066 -1.2999999821186066 -1.5500000417232513 -1.5800000131130219
-0.34999996423721313 -0.40000003576278687 -9999 -0.35999995470046997 -1.560000017285347 -9999 -9999 -1.0299999862909317 -1.4200000315904617 -1.0399999767541885 -1.1499999910593033 -1.219999983906746 -1.209999993443489 -1.1800000220537186 -1.1800000220537186 -0.9900000244379044 -0.9699999839067459 -1.6099999696016312 -1.6099999696016312 -1.6099999696016312 -1.2700000554323196 -1.2700000554323196 -1.1300000101327896 -9999 -1.2200000137090683 -1.5099999755620956 -1.5099999755620956 -1.5099999755620956 -1.5099999755620956 -1.5099999755620956 -1.1500000208616257 -9999 -9999 -9999 -9999 -1.5999999791383743 -2.4500000029802322 -2.4500000029802322 -1.4500000029802322 -9999 -9999 -9999 -1.3300000131130219 -1.5300000607967377 -1.6099999845027924 -1.6099999845027924 -1.570000022649765 -1.7100000083446503
-0.039999961853027344 -0.28999996185302734 -0.4700000286102295 -0.6899999380111694 -1.410000041127205 -0.6499999910593033 -0.6499999910593033 -9999 -1.1200000196695328 -1.060000017285347 -1.2900000363588333 -1.3200000077486038 -1.5799999982118607 -1.4899999648332596 -1.4899999648332596 -1.6099999696016312 -1.6099999696016312 -1.6099999696016312 -1.6099999696016312 -1.6099999696016312 -1.2399999648332596 -1.2399999648332596 -9999 -9999 -9999 -1.5099999755620956 -1.5099999755620956 -1.5099999755620956 -1.5099999755620956 -1.5099999755620956 -1.1600000113248825 -1.1600000113248825 -9999 -9999 -9999 -9999 -9999 -9999 -9999 -9999 -9999 -9999 -9999 -9999 -9999 -9999 -9999 -9999
-0.33000004291534424 -0.6899999380111694 -0.46000003814697266 -0.5800000429153442 -0.9000000506639481 -1.1200000196695328 -1.1200000196695328 -9999 -1.0999999791383743 -1.3399999886751175 -1.2900000363588333 -1.3200000077486038 -1.5500000268220901 -1.0799999982118607 -1.0799999982118607 -1.6099999696016312 -1.6099999696016312 -1.6099999696016312 -1.6099999696016312 -1.6099999696016312 -1.219999983906746 -1.219999983906746 -1.3299999982118607 -9999 -9999 -1.2699999660253525 -1.189999982714653 -1.1500000208616257 -9999 -9999 -9999 -9999 -9999 -9999 -9999 -9999 -9999 -9999 -9999 -9999 -9999 -9999 -9999 -9999 -9999 -9999 -9999 -9999
-0.6899999380111694 -0.25 -0.4099999666213989 -0.3799999952316284 -1.6299999505281448 -1.7399999648332596 -1.7399999648332596 -9999 -1.2800000458955765 -1.6299999505281448 -1.560000017285347 -1.6499999314546585 -1.3299999982118607 -1.459999993443489 -1.459999993443489 -1.2599999457597733 -1.6099999696016312 -1.6099999696016312 -1.4799999743700027 -1.310000017285347 -1.3599999696016312 -1.3599999696016312 -9999 -9999 -9999 -9999 -9999 -9999 -9999 -9999 -9999 -9999 -9999 -9999 -9999 -9999 -9999 -9999 -9999 -9999 -9999 -9999 -9999 -9999 -9999 -9999 -9999 -9999
-1.7699999809265137 -1.6899999380111694 -1.590000033378601 -1.9199999570846558 -1.3599999696016312 -1.310000017285347 -1.310000017285347 0 -1.6499999314546585 -1.6499999314546585 -1.6499999314546585 -1.6499999314546585 -1.4200000315904617 -1.4200000315904617 -1.5099999457597733 -1.3299999982118607 -9999 -9999 -9999 -9999 -9999 -9999 -9999 -9999 -9999 -9999 -9999 -9999 -9999 -9999 -9999 -9999 -9999 -9999 -9999 -9999 -9999 -9999 -9999 -9999 -9999 -9999 -9999 -9999 -9999 -9999 -9999 -9999
-1.850000023841858 -1.809999942779541 -1.840000033378601 -9999 -9999 -9999 -9999 -9999 -9999 -9999 -9999 -9999 -9999 -9999 -9999 -9999 -9999 -9999 -9999 -9999 -9999 -9999 -9999 -9999 -9999 -9999 -9999 -9999 -9999 -9999 -9999 -9999 -9999 -9999 -9999 -9999 -9999 -9999 -9999 -9999 -9999 -9999 -9999 -9999 -9999 -9999 -9999 -9999
-9999 -9999 -9999 -9999 -9999 -9999 -9999 -9999 -9999 -9999 -9999 -9999 -9999 -9999 -9999 -9999 -9999 -9999 -9999 -9999 -9999 -9999 -9999 -9999 -9999 -9999 -9999 -9999 -9999 -9999 -9999 -9999 -9999 -9999 -9999 -9999 -9999 -9999 -9999 -9999 -9999 -9999 -9999 -9999 -9999 -9999 -9999 -9999
-9999 -9999 -9999 -9999 -9999 -9999 -9999 -9999 -9999 -9999 -9999 -9999 -9999 -9999 -9999 -9999 -9999 -9999 -9999 -9999 -9999 -9999 -9999 -9999 -9999 -9999 -9999 -9999 -9999 -9999 -9999 -9999 -9999 -9999 -9999 -9999 -9999 -9999 -9999 -9999 -9999 -9999 -9999 -9999 -9999 -9999 -9999 -9999
-9999 -9999 -9999 -9999 -9999 -9999 -9999 -9999 -9999 -9999 -9999 -9999 -9999 -9999 -9999 -9999 -9999 -9999 -9999 -9999 -9999 -9999 -9999 -9999 -9999 -9999 -9999 -9999 -9999 -9999 -9999 -9999 -9999 -9999 -9999 -9999 -9999 -9999 -9999 -9999 -9999 -9999 -9999 -9999 -9999 -9999 -9999 -9999
-9999 -9999 -9999 -9999 -9999 -9999 -9999 -9999 -9999 -9999 -9999 -9999 -9999 -9999 -9999 -9999 -9999 -9999 -9999 -9999 -9999 -9999 -9999 -9999 -9999 -9999 -9999 -9999 -9999 -9999 -9999 -9999 -9999 -9999 -9999 -9999 -9999 -9999 -9999 -9999 -9999 -9999 -9999 -9999 -9999 -9999 -9999 -9999
-9999 -9999 -9999 -9999 -9999 -9999 -9999 -9999 -9999 -9999 -9999 -9999 -9999 -9999 -9999 -9999 -9999 -9999 -9999 -9999 -9999 -9999 -9999 -9999 -9999 -9999 -9999 -9999 -9999 -9999 -9999 -9999 -9999 -9999 -9999 -9999 -9999 -9999 -9999 -9999 -9999 -9999 -9999 -9999 -9999 -9999 -9999 -9999
-9999 -9999 -9999 -9999 -9999 -9999 -9999 -9999 -9999 -9999 -9999 -9999 -9999 -9999 -9999 -9999 -9999 -9999 -9999 -9999 -9999 -9999 -9999 -9999 -9999 -9999 -9999 -9999 -9999 -9999 -9999 -9999 -9999 -9999 -9999 -9999 -9999 -9999 -9999 -9999 -9999 -9999 -9999 -9999 -9999 -9999 -9999 -9999
-9999 -9999 -9999 -9999 -9999 -9999 -9999 -9999 -9999 -9999 -9999 -9999 -9999 -9999 -9999 -9999 -9999 -9999 -9999 -9999 -9999 -9999 -9999 -9999 -9999 -9999 -9999 -9999 -9999 -9999 -9999 -9999 -9999 -9999 -9999 -9999 -9999 -9999 -9999 -9999 -9999 -9999 -9999 -9999 -9999 -9999 -9999 -9999
