SimulationData/Scenarios/Waterwolf/Flooding/Uitdammerdijk/1260.asc
ncols        561
nrows        278
xllcorner    4.817258165162
yllcorner    52.370746892638
cellsize     0.000511251697
NODATA_value  -9999
[rows 224 to 251 of 278, columns 260 to 324 of 561]
0 0 0 0 0 0 0 0 0 0 0 0 0 0 0 0 0 0 0 0.5663336515426636 0.5663336515426636 0.5665584802627563 0.5665584802627563 0.6461647748947144 0.6461647748947144 0.6461647748947144 0.6461647748947144 0.6461647748947144 1.1987391710281372 1.1987391710281372 1.1987391710281372 1.1987391710281372 1.1987391710281372 1.1987391710281372 1.1987391710281372 1.1987391710281372 1.1987391710281372 1.1819759607315063 1.1819759607315063 1.1819759607315063 1.1819759607315063 1.1819759607315063 1.1819759607315063 1.1819759607315063 1.1819759607315063 1.1819759607315063 1.2351322174072266 1.2351322174072266 1.2351322174072266 1.2351322174072266 1.2351322174072266 1.2351322174072266 1.2351322174072266 1.2351322174072266 1.2351322174072266 1.2351322174072266 0.9599609375 0.9599609375 0.9599609375 0.9599609375 0.9599609375 0.9599609375 0.9599609375 0.9599609375 0.9599609375
0 0 0 0 0 0 0 0 0 0 0 0 0 0 0 0 0 0 0 0.4263598918914795 0.4263598918914795 0.5667035579681396 0.5667035579681396 0.6461647748947144 0.6461647748947144 0.6461647748947144 0.6461647748947144 0.6461647748947144 1.1987391710281372 1.1987391710281372 1.1987391710281372 1.1987391710281372 1.1987391710281372 1.1987391710281372 1.1987391710281372 1.1987391710281372 1.1987391710281372 1.1819759607315063 1.1819759607315063 1.1819759607315063 1.1819759607315063 1.1819759607315063 1.1819759607315063 1.1819759607315063 1.1819759607315063 1.1819759607315063 1.2351322174072266 1.2351322174072266 1.2351322174072266 1.2351322174072266 1.2351322174072266 1.2351322174072266 1.2351322174072266 1.2351322174072266 1.2351322174072266 1.2351322174072266 0.9599609375 0.9599609375 0.9599609375 0.9599609375 0.9599609375 0.9599609375 0.9599609375 0.9599609375 0.9599609375
0 0 0 0 0 0 0 0 0 0 0 0 0 0 0 0 0 0 0 0.4263598918914795 0.4263598918914795 0.5667035579681396 0.5667035579681396 0.6461647748947144 0.6461647748947144 0.6461647748947144 0.6461647748947144 0.6461647748947144 1.1987391710281372 1.1987391710281372 1.1987391710281372 1.1987391710281372 1.1987391710281372 1.1987391710281372 1.1987391710281372 1.1987391710281372 1.1987391710281372 1.1819759607315063 1.1707910299301147 1.1707910299301147 1.1707910299301147 1.1707910299301147 1.1707910299301147 1.1707910299301147 1.1707910299301147 1.1707910299301147 0.955274224281311 0.955274224281311 0.955274224281311 0.955274224281311 0.955274224281311 0.955274224281311 0.955274224281311 0.955274224281311 0.955274224281311 0.955274224281311 0.9607160091400146 0.9607160091400146 0.9607160091400146 0.9607160091400146 0.9607160091400146 0.9607160091400146 0.9607160091400146 0.9607160091400146 0.9607160091400146
0 0 0 0 0 0 0 0 0 0 0 0 0 0 0 0 0 0 0 0 0 0.5671051740646362 0.5671051740646362 0.510621190071106 0.510621190071106 0.510621190071106 0.510621190071106 0.510621190071106 0.6309523582458496 0.6309523582458496 0.6309523582458496 0.6309523582458496 0.6309523582458496 1.1724025011062622 1.1724025011062622 1.1724025011062622 1.1724025011062622 1.1707910299301147 1.1707910299301147 1.1707910299301147 1.1707910299301147 1.1707910299301147 1.1707910299301147 1.1707910299301147 1.1707910299301147 1.1707910299301147 0.955274224281311 0.955274224281311 0.955274224281311 0.955274224281311 0.955274224281311 0.955274224281311 0.955274224281311 0.955274224281311 0.955274224281311 0.955274224281311 0.9607160091400146 0.9607160091400146 0.9607160091400146 0.9607160091400146 0.9607160091400146 0.9607160091400146 0.9607160091400146 0.9607160091400146 0.9607160091400146
0 0 0 0 0 0 0 0 0 0 0 0 0 0 0 0 0 0 0 0 0 0 0 0.510621190071106 0.510621190071106 0.510621190071106 0.510621190071106 0.510621190071106 0.6309523582458496 0.6309523582458496 0.6309523582458496 0.6309523582458496 0.6309523582458496 1.1724025011062622 1.1724025011062622 1.1724025011062622 1.1724025011062622 1.1707910299301147 1.1707910299301147 1.1707910299301147 1.1707910299301147 1.1707910299301147 1.1707910299301147 1.1707910299301147 1.1707910299301147 1.1707910299301147 0.955274224281311 0.955274224281311 0.955274224281311 0.955274224281311 0.955274224281311 0.955274224281311 0.955274224281311 0.955274224281311 0.955274224281311 0.955274224281311 0.9607160091400146 0.9607160091400146 0.9607160091400146 0.9607160091400146 0.9607160091400146 0.9607160091400146 0.9607160091400146 0.9607160091400146 0.9607160091400146
0 0 0 0 0 0 0 0 0 0 0 0 0 0 0 0 0 0 0 0 0 0 0 0.432023286819458 0.432023286819458 0.432023286819458 0.5942511558532715 0.5942511558532715 0.5752010345458984 0.5752010345458984 0.5752010345458984 0.5752010345458984 0.5752010345458984 1.1686636209487915 1.1686636209487915 1.1686636209487915 1.1686636209487915 1.1707910299301147 1.1707910299301147 1.1707910299301147 1.1707910299301147 1.1707910299301147 1.1707910299301147 1.1707910299301147 1.1707910299301147 1.1707910299301147 0.955274224281311 0.955274224281311 0.955274224281311 0.955274224281311 0.955274224281311 0.955274224281311 0.955274224281311 0.955274224281311 0.955274224281311 0.955274224281311 0.9607160091400146 0.9607160091400146 0.9607160091400146 0.9607160091400146 0.9607160091400146 0.9607160091400146 0.9607160091400146 0.9607160091400146 0.9607160091400146
0 0 0 0 0 0 0 0 0 0 0 0 0 0 0 0 0 0 0 0 0 0 0 0.432023286819458 0.432023286819458 0.432023286819458 0.5942511558532715 0.5942511558532715 0.5752010345458984 0.5752010345458984 0.5752010345458984 0.5752010345458984 0.5752010345458984 1.1686636209487915 1.1686636209487915 1.1686636209487915 1.1686636209487915 1.1707910299301147 1.1707910299301147 1.1707910299301147 1.1707910299301147 1.1707910299301147 1.1707910299301147 1.1707910299301147 1.1707910299301147 1.1707910299301147 0.955274224281311 0.955274224281311 0.955274224281311 0.955274224281311 0.955274224281311 0.955274224281311 0.955274224281311 0.955274224281311 0.955274224281311 0.955274224281311 0.9607160091400146 0.9607160091400146 0.9607160091400146 0.9607160091400146 0.9607160091400146 0.9607160091400146 0.9607160091400146 0.9607160091400146 0.9607160091400146
0 0 0 0 0 0 0 0 0 0 0 0 0 0 0 0 0 0 0 0 0 0 0 0 0 0 0.6043314933776855 0.6043314933776855 0.5752010345458984 0.5752010345458984 0.5752010345458984 0.5752010345458984 0.5752010345458984 1.1686636209487915 1.1686636209487915 1.1686636209487915 1.1686636209487915 1.1707910299301147 1.1707910299301147 1.1707910299301147 1.1707910299301147 1.1707910299301147 1.1707910299301147 1.1707910299301147 1.1707910299301147 1.1707910299301147 0.955274224281311 0.955274224281311 0.955274224281311 0.955274224281311 0.955274224281311 0.955274224281311 0.955274224281311 0.955274224281311 0.955274224281311 0.955274224281311 0.9607160091400146 0.9607160091400146 0.9607160091400146 0.9607160091400146 0.9607160091400146 0.9607160091400146 0.9607160091400146 0.9607160091400146 0.9607160091400146
0 0 0 0 0 0 0 0 0 0 0 0 0 0 0 0 0 0 0 0 0 0 0 0 0 0 0.287494421005249 0.287494421005249 0.7096314430236816 0.7096314430236816 0.7404838800430298 0.7404838800430298 0.7404838800430298 0.9119848012924194 0.9119848012924194 0.9119848012924194 0.9119848012924194 0.9754745960235596 0.9754745960235596 0.9754745960235596 0.9754745960235596 0.9754745960235596 0.9754745960235596 0.9754745960235596 0.9754745960235596 0.9754745960235596 0.9602787494659424 0.9602787494659424 0.9602787494659424 0.9602787494659424 0.9602787494659424 0.9602787494659424 0.9602787494659424 0.9602787494659424 0.9602787494659424 0.9602787494659424 0.9648884534835815 0.9648884534835815 0.9648884534835815 0.9648884534835815 0.9648884534835815 0.9648884534835815 0.9648884534835815 0.9648884534835815 0.9648884534835815
0 0 0 0 0 0 0 0 0 0 0 0 0 0 0 0 0 0 0 0 0 0 0 0 0 0 0.287494421005249 0.287494421005249 0.7096314430236816 0.7096314430236816 0.7404838800430298 0.7404838800430298 0.7404838800430298 0.9119848012924194 0.9119848012924194 0.9119848012924194 0.9119848012924194 0.9754745960235596 0.9754745960235596 0.9754745960235596 0.9754745960235596 0.9754745960235596 0.9754745960235596 0.9754745960235596 0.9754745960235596 0.9754745960235596 0.9602787494659424 0.9602787494659424 0.9602787494659424 0.9602787494659424 0.9602787494659424 0.9602787494659424 0.9602787494659424 0.9602787494659424 0.9602787494659424 0.9602787494659424 0.9648884534835815 0.9648884534835815 0.9648884534835815 0.9648884534835815 0.9648884534835815 0.9648884534835815 0.9648884534835815 0.9648884534835815 0.9648884534835815
0 0 0 0 0 0 0 0 0 0 0 0 0 0 0 0 0 0 0 0 0 0 0 0 0 0 0 0 0.43970274925231934 0.43970274925231934 0.7316286563873291 0.7316286563873291 0.7316286563873291 0.9119848012924194 0.9119848012924194 0.9119848012924194 0.9119848012924194 0.9754745960235596 0.9754745960235596 0.9754745960235596 0.9754745960235596 0.9754745960235596 0.9754745960235596 0.9754745960235596 0.9754745960235596 0.9754745960235596 0.9602787494659424 0.9602787494659424 0.9602787494659424 0.9602787494659424 0.9602787494659424 0.9602787494659424 0.9602787494659424 0.9602787494659424 0.9602787494659424 0.9602787494659424 0.9648884534835815 0.9648884534835815 0.9648884534835815 0.9648884534835815 0.9648884534835815 0.9648884534835815 0.9648884534835815 0.9648884534835815 0.9648884534835815
0 0 0 0 0 0 0 0 0 0 0 0 0 0 0 0 0 0 0 0 0 0 0 0 0 0 0 0 0.06942033767700195 0.06942033767700195 0.6321374177932739 0.6321374177932739 0.6321374177932739 0.6528923511505127 0.6528923511505127 0.6528923511505127 0.6528923511505127 0.9754745960235596 0.9754745960235596 0.9754745960235596 0.9754745960235596 0.9754745960235596 0.9754745960235596 0.9754745960235596 0.9754745960235596 0.9754745960235596 0.9602787494659424 0.9602787494659424 0.9602787494659424 0.9602787494659424 0.9602787494659424 0.9602787494659424 0.9602787494659424 0.9602787494659424 0.9602787494659424 0.9602787494659424 0.9648884534835815 0.9648884534835815 0.9648884534835815 0.9648884534835815 0.9648884534835815 0.9648884534835815 0.9648884534835815 0.9648884534835815 0.9648884534835815
0 0 0 0 0 0 0 0 0 0 0 0 0 0 0 0 0 0 0 0 0 0 0 0 0 0 0 0 0 0 0.6823326349258423 0.6823326349258423 0.6823326349258423 0.6528923511505127 0.6528923511505127 0.6528923511505127 0.6528923511505127 0.9754745960235596 0.9754745960235596 0.9754745960235596 0.9754745960235596 0.9754745960235596 0.9754745960235596 0.9754745960235596 0.9754745960235596 0.9754745960235596 0.9602787494659424 0.9602787494659424 0.9602787494659424 0.9602787494659424 0.9602787494659424 0.9602787494659424 0.9602787494659424 0.9602787494659424 0.9602787494659424 0.9602787494659424 0.9648884534835815 0.9648884534835815 0.9648884534835815 0.9648884534835815 0.9648884534835815 0.9648884534835815 0.9648884534835815 0.9648884534835815 0.9648884534835815
0 0 0 0 0 0 0 0 0 0 0 0 0 0 0 0 0 0 0 0 0 0 0 0 0 0 0 0 0 0 0.6823326349258423 0.6823326349258423 0.6823326349258423 0.6528923511505127 0.6528923511505127 0.6528923511505127 0.6528923511505127 0.9754745960235596 0.9754745960235596 0.9754745960235596 0.9754745960235596 0.9754745960235596 0.9754745960235596 0.9754745960235596 0.9754745960235596 0.9754745960235596 0.9602787494659424 0.9602787494659424 0.9602787494659424 0.9602787494659424 0.9602787494659424 0.9602787494659424 0.9602787494659424 0.9602787494659424 0.9602787494659424 0.9602787494659424 0.9648884534835815 0.9648884534835815 0.9648884534835815 0.9648884534835815 0.9648884534835815 0.9648884534835815 0.9648884534835815 0.9648884534835815 0.9648884534835815
0 0 0 0 0 0 0 0 0 0 0 0 0 0 0 0 0 0 0 0 0 0 0 0 0 0 0 0 0 0 0.442655086517334 0.442655086517334 0.442655086517334 0.4526611566543579 0.4526611566543579 0.45265841484069824 0.45265841484069824 0.9605400562286377 0.9605400562286377 0.9605400562286377 0.9605400562286377 0.9605400562286377 0.961489200592041 0.961489200592041 0.961489200592041 0.961489200592041 0.964606761932373 0.964606761932373 0.964606761932373 0.964606761932373 0.964606761932373 0.964606761932373 0.964606761932373 0.964606761932373 0.964606761932373 0.964606761932373 0.9676328897476196 0.9676328897476196 0.9676328897476196 0.9676328897476196 0.9676328897476196 0.9676328897476196 0.9676328897476196 0.9676328897476196 0.9676328897476196
0 0 0 0 0 0 0 0 0 0 0 0 0 0 0 0 0 0 0 0 0 0 0 0 0 0 0 0 0 0 0 0 0 0.4426501989364624 0.4426501989364624 0.4428250789642334 0.4428250789642334 0.9605400562286377 0.9605400562286377 0.9605400562286377 0.9605400562286377 0.9605400562286377 0.961489200592041 0.961489200592041 0.961489200592041 0.961489200592041 0.964606761932373 0.964606761932373 0.964606761932373 0.964606761932373 0.964606761932373 0.964606761932373 0.964606761932373 0.964606761932373 0.964606761932373 0.964606761932373 0.9676328897476196 0.9676328897476196 0.9676328897476196 0.9676328897476196 0.9676328897476196 0.9676328897476196 0.9676328897476196 0.9676328897476196 0.9676328897476196
0 0 0 0 0 0 0 0 0 0 0 0 0 0 0 0 0 0 0 0 0 0 0 0 0 0 0 0 0 0 0 0 0 0.4426501989364624 0.4426501989364624 0.4428250789642334 0.4428250789642334 0.9605400562286377 0.9605400562286377 0.9605400562286377 0.9605400562286377 0.9605400562286377 0.961489200592041 0.961489200592041 0.961489200592041 0.961489200592041 0.964606761932373 0.964606761932373 0.964606761932373 0.964606761932373 0.964606761932373 0.964606761932373 0.964606761932373 0.964606761932373 0.964606761932373 0.964606761932373 0.9676328897476196 0.9676328897476196 0.9676328897476196 0.9676328897476196 0.9676328897476196 0.9676328897476196 0.9676328897476196 0.9676328897476196 0.9676328897476196
0 0 0 0 0 0 0 0 0 0 0 0 0 0 0 0 0 0 0 0 0 0 0 0 0 0 0 0 0 0 0 0 0 0.016536951065063477 0.016536951065063477 0.4434216022491455 0.4434216022491455 0.45171594619750977 0.45171594619750977 0.45171594619750977 0.45171594619750977 0.45171594619750977 0.963219404220581 0.963219404220581 0.963219404220581 0.963219404220581 0.963219404220581 0.964606761932373 0.964606761932373 0.964606761932373 0.964606761932373 0.964606761932373 0.964606761932373 0.964606761932373 0.964606761932373 0.964606761932373 0.9676328897476196 0.9676328897476196 0.9676328897476196 0.9676328897476196 0.9676328897476196 0.9676328897476196 0.9676328897476196 0.9676328897476196 0.9676328897476196
0 0 0 0 0 0 0 0 0 0 0 0 0 0 0 0 0 0 0 0 0 0 0 0 0 0 0 0 0 0 0 0 0 0 0 0.44366753101348877 0.44366753101348877 0.45171594619750977 0.45171594619750977 0.45171594619750977 0.45171594619750977 0.45171594619750977 0.963219404220581 0.963219404220581 0.963219404220581 0.963219404220581 0.963219404220581 0.964606761932373 0.964606761932373 0.964606761932373 0.964606761932373 0.964606761932373 0.964606761932373 0.964606761932373 0.964606761932373 0.964606761932373 0.9676328897476196 0.9676328897476196 0.9676328897476196 0.9676328897476196 0.9676328897476196 0.9676328897476196 0.9676328897476196 0.9676328897476196 0.9676328897476196
0 0 0 0 0 0 0 0 0 0 0 0 0 0 0 0 0 0 0 0 0 0 0 0 0 0 0 0 0 0 0 0 0 0 0 0 0 0.4578571319580078 0.4578571319580078 0.4578571319580078 0.45862889289855957 0.45862889289855957 0.9684392213821411 0.9684392213821411 0.9684392213821411 0.9684392213821411 0.9684392213821411 0.899376630783081 0.899376630783081 0.899376630783081 0.899376630783081 0.899376630783081 0.899376630783081 0.899376630783081 0.899376630783081 0.899376630783081 0.9005557298660278 0.9005557298660278 0.9005557298660278 0.9005557298660278 0.9005557298660278 0.9005557298660278 0.9005557298660278 0.9005557298660278 0.9005557298660278
0 0 0 0 0 0 0 0 0 0 0 0 0 0 0 0 0 0 0 0 0 0 0 0 0 0 0 0 0 0 0 0 0 0 0 0 0 0.4578571319580078 0.4578571319580078 0.4578571319580078 0.45862889289855957 0.45862889289855957 0.9684392213821411 0.9684392213821411 0.9684392213821411 0.9684392213821411 0.9684392213821411 0.899376630783081 0.899376630783081 0.899376630783081 0.899376630783081 0.899376630783081 0.899376630783081 0.899376630783081 0.899376630783081 0.899376630783081 0.9005557298660278 0.9005557298660278 0.9005557298660278 0.9005557298660278 0.9005557298660278 0.9005557298660278 0.9005557298660278 0.9005557298660278 0.9005557298660278
0 0 0 0 0 0 0 0 0 0 0 0 0 0 0 0 0 0 0 0 0 0 0 0 0 0 0 0 0 0 0 0 0 0 0 0 0 0.45868587493896484 0.45868587493896484 0.45868587493896484 0.6688605546951294 0.6688605546951294 0.9684392213821411 0.9684392213821411 0.9684392213821411 0.9684392213821411 0.9684392213821411 0.899376630783081 0.899376630783081 0.899376630783081 0.899376630783081 0.899376630783081 0.899376630783081 0.899376630783081 0.899376630783081 0.899376630783081 0.9005557298660278 0.9005557298660278 0.9005557298660278 0.9005557298660278 0.9005557298660278 0.9005557298660278 0.9005557298660278 0.9005557298660278 0.9005557298660278
0 0 0 0 0 0 0 0 0 0 0 0 0 0 0 0 0 0 0 0 0 0 0 0 0 0 0 0 0 0 0 0 0 0 0 0 0 0 0 0 0.7792278528213501 0.7792278528213501 0.8794764280319214 0.8794764280319214 0.8794764280319214 0.8794764280319214 0.8794764280319214 0.899376630783081 0.899376630783081 0.899376630783081 0.899376630783081 0.899376630783081 0.899376630783081 0.899376630783081 0.899376630783081 0.899376630783081 0.9005557298660278 0.9005557298660278 0.9005557298660278 0.9005557298660278 0.9005557298660278 0.9005557298660278 0.9005557298660278 0.9005557298660278 0.9005557298660278
0 0 0 0 0 0 0 0 0 0 0 0 0 0 0 0 0 0 0 0 0 0 0 0 0 0 0 0 0 0 0 0 0 0 0 0 0 0 0 0 0.7792278528213501 0.7792278528213501 0.8794764280319214 0.8794764280319214 0.8794764280319214 0.8794764280319214 0.8794764280319214 0.899376630783081 0.899376630783081 0.899376630783081 0.899376630783081 0.899376630783081 0.899376630783081 0.899376630783081 0.899376630783081 0.899376630783081 0.9005557298660278 0.9005557298660278 0.9005557298660278 0.9005557298660278 0.9005557298660278 0.9005557298660278 0.9005557298660278 0.9005557298660278 0.9005557298660278
0 0 0 0 0 0 0 0 0 0 0 0 0 0 0 0 0 0 0 0 0 0 0 0 0 0 0 0 0 0 0 0 0 0 0 0 0 0 0 0 0.7994681596755981 0.7994681596755981 0.8794764280319214 0.8794764280319214 0.8794764280319214 0.8794764280319214 0.8794764280319214 0.899376630783081 0.899376630783081 0.899376630783081 0.899376630783081 0.899376630783081 0.899376630783081 0.899376630783081 0.899376630783081 0.899376630783081 0.9005557298660278 0.9005557298660278 0.9005557298660278 0.9005557298660278 0.9005557298660278 0.9005557298660278 0.9005557298660278 0.9005557298660278 0.9005557298660278
0 0 0 0 0 0 0 0 0 0 0 0 0 0 0 0 0 0 0 0 0 0 0 0 0 0 0 0 0 0 0 0 0 0 0 0 0 0 0 0 0.5897395610809326 0.5897395610809326 0.8804135322570801 0.8804135322570801 0.8804135322570801 0.8804135322570801 0.8804135322570801 0.9007011651992798 0.9007011651992798 0.9007011651992798 0.9007011651992798 0.9007735252380371 0.9007735252380371 0.9007735252380371 0.9007735252380371 0.9007735252380371 0.9009988307952881 0.9009988307952881 0.9009988307952881 0.9009988307952881 0.9036040306091309 0.9036040306091309 0.9036040306091309 0.9036040306091309 0.9036040306091309
0 0 0 0 0 0 0 0 0 0 0 0 0 0 0 0 0 0 0 0 0 0 0 0 0 0 0 0 0 0 0 0 0 0 0 0 0 0 0 0 0 0 0.8804135322570801 0.8804135322570801 0.8804135322570801 0.8804135322570801 0.8804135322570801 0.9007011651992798 0.9007011651992798 0.9007011651992798 0.9007011651992798 0.9007735252380371 0.9007735252380371 0.9007735252380371 0.9007735252380371 0.9007735252380371 0.9009988307952881 0.9009988307952881 0.9009988307952881 0.9009988307952881 0.9036040306091309 0.9036040306091309 0.9036040306091309 0.9036040306091309 0.9036040306091309
0 0 0 0 0 0 0 0 0 0 0 0 0 0 0 0 0 0 0 0 0 0 0 0 0 0 0 0 0 0 0 0 0 0 0 0 0 0 0 0 0 0 0.8804135322570801 0.8804135322570801 0.8804135322570801 0.8804135322570801 0.8804135322570801 0.9007011651992798 0.9007011651992798 0.9007011651992798 0.9007011651992798 0.9007735252380371 0.9007735252380371 0.9007735252380371 0.9007735252380371 0.9007735252380371 0.9009988307952881 0.9009988307952881 0.9009988307952881 0.9009988307952881 0.9036040306091309 0.9036040306091309 0.9036040306091309 0.9036040306091309 0.9036040306091309
