SimulationData/Scenarios/Waterwolf/Flooding/Uitdammerdijk/1260.asc
ncols        561
nrows        278
xllcorner    4.817258165162
yllcorner    52.370746892638
cellsize     0.000511251697
NODATA_value  -9999
[rows 198 to 219 of 278, columns 144 to 191 of 561]
-0.4700000286102295 -1.0099999904632568 -1.3900001049041748 -1.2799999713897705 -1.2799999713897705 0 -2.8700000643730164 -6.050000190734863 -5.620000123977661 -5.759999990463257 -1.1200000047683716 -0.7599998712539673 -0.7599998712539673 -1.1299999952316284 -0.8000000715255737 -0.19000005722045898 -0.2200000286102295 -0.2200000286102295 -0.3500000238418579 -0.3500000238418579 -1.8600000143051147 -0.8499999940395355 -1.560000017285347 0 -2.91999988257885 -5.6499998569488525 -3.010000228881836 -3.010000228881836 -4.140000209212303 -3.1500000059604645 -3.25 -1.5700001120567322 -1.1000001430511475 -0.9299999475479126 -0.8399999141693115 -0.8399999141693115 -0.5099999904632568 0 -0.6699999570846558 -0.17746996879577637 -1.259999930858612 -0.9699999690055847 -0.9699999690055847 -0.5800000429153442 -0.040000081062316895 -0.040000081062316895 -1.6800000220537186 -1.2900000214576721
-0.17999982833862305 -1.2000000476837158 -1.3700001239776611 -1.309999942779541 -1.309999942779541 0 -1.9500000476837158 -3.9000000953674316 -4.760000228881836 -4.680000066757202 -4.380000114440918 -4.549999952316284 -4.549999952316284 -4.430000066757202 -4.690000057220459 -2.0299999713897705 -1.7999999523162842 -2.1799999475479126 -2.0700000524520874 -2.0700000524520874 -1.9900000095367432 -2.090000033378601 -1.6400000602006912 -1.4400000125169754 -0.07000000774860382 -0.07000000774860382 -2.4700000286102295 -2.4700000286102295 -2.090000033378601 -1.4599999487400055 -1.4999999441206455 -0.7199999690055847 -0.3999999761581421 -0.7199999094009399 -1.1299999952316284 -1.1299999952316284 -0.8700000047683716 -0.9399999380111694 -0.5300000905990601 -0.15000009536743164 -2.6100000143051147 -2.0200000405311584 -2.0200000405311584 -0.4899998903274536 0 -0.6899999380111694 -0.12999999523162842 -1.3899999409914017
-0.3299999237060547 -1.4100000858306885 -1.0900001525878906 -2.3600000143051147 -2.3600000143051147 -4.680000066757202 -4.150000095367432 -4.6000001430511475 -4.5 -4.5299999713897705 -4.509999990463257 -3.7799999713897705 -3.7799999713897705 -3.5700000524520874 -3.4100000858306885 -2.0399999618530273 -1.8200000524520874 -2.1799999475479126 -1.9500000476837158 -1.9500000476837158 -0.4399999901652336 -2.509999990463257 -0.49000000953674316 -0.48000001907348633 -1.9899999648332596 -1.4500000029802322 -0.0599999874830246 -0.0599999874830246 -0.0599999874830246 -1.9800000190734863 -2.4700000286102295 -1.019999921321869 -0.5899999141693115 -0.46999990940093994 -0.4899998903274536 -0.4899998903274536 -0.38999998569488525 -0.3799999952316284 -0.15000009536743164 -0.15000009536743164 -0.7300000190734863 -1.7900000363588333 -1.7900000363588333 -3.0299999713897705 -1.459999941289425 -1.799999937415123 -1.3599999397993088 -1.459999941289425
-0.6999999284744263 -2.1600000858306885 -3.0000000596046448 -4.090000033378601 -4.090000033378601 -5.680000066757202 -4.520000219345093 -4.259999990463257 -4.370000123977661 -4.460000038146973 -5.700000047683716 -3.600000023841858 -3.600000023841858 -3.680000066757202 -3.5200001001358032 -1.840000033378601 -1.8700000047683716 -1.8600000143051147 -1.7899999618530273 -1.7899999618530273 -1.3600000143051147 -2.5 -0.630000114440918 -0.6800000667572021 -1.6400000602006912 -1.1700000315904617 -1.25 -1.25 -0.0599999874830246 -0.32999996840953827 -1.5699999332427979 -4.2799999713897705 0 -0.7799999713897705 -0.3700000047683716 -0.3700000047683716 -0.43999993801116943 -0.3700000047683716 -0.15000009536743164 -0.440000057220459 -0.31000006198883057 -0.9500000476837158 -0.9500000476837158 -1.9999999403953552 -2.459999918937683 -1.289999932050705 -0.12999999523162842 -1.6299999505281448
-1.4800001382827759 -1.1500000953674316 -3.9800000190734863 -4.520000100135803 -4.870000004768372 -5.370000004768372 -4.299999952316284 -4.259999990463257 -4.559999942779541 -4.420000076293945 -3.9200000762939453 -3.9200000762939453 -3.8200000524520874 -3.4200000762939453 -3.4700000286102295 -2.240000009536743 -1.8899999856948853 -1.909999966621399 0 0 -2.3300000429153442 -2.3300000429153442 -2.340000033378601 -2.3600000143051147 -0.5200000405311584 -0.4599999785423279 -1.469999998807907 -1.469999998807907 -1.1199999749660492 0 0 -1.2199999652802944 -3.9899998903274536 -0.38999998569488525 -0.38999998569488525 0 0 0 0 0 -0.039999961853027344 -0.12999999523162842 -0.12999999523162842 -1.4499999433755875 -1.579999953508377 -1.579999953508377 -4.549999952316284 -4.75
0 -5.090000033378601 -5.170000076293945 -5.180000066757202 -5.180000066757202 -5.450000047683716 -4.190000057220459 -4.110000014305115 -4.050000071525574 -4.090000033378601 -3.7700001001358032 -3.7700001001358032 -3.8100000619888306 -3.6100000143051147 -3.600000023841858 -1.8899999856948853 -2.2699999809265137 -1.840000033378601 0 0 -2.0800000429153442 -2.700000047683716 -2.5399999618530273 -2.200000047683716 -1.2500001192092896 -0.4099999666213989 -0.35999995470046997 -0.35999995470046997 -0.27000004053115845 -0.2799999937415123 -0.009999990463256836 0 -1.8000000268220901 -1.5899999421089888 -1.5899999421089888 -1.839999943971634 -0.809999942779541 -0.16999995708465576 -0.1099998950958252 -0.41999995708465576 -1.349999949336052 -1.339999943971634 -1.339999943971634 -1.3699999451637268 -1.309999942779541 -1.579999953508377 -3.7300000190734863 -4.659999847412109
-3.150000035762787 -4.350000023841858 -5.370000004768372 -5.200000047683716 -5.200000047683716 -5.170000076293945 -3.990000009536743 -3.9200000762939453 -3.9800000190734863 -3.8700000047683716 -4.159999966621399 -4.159999966621399 -3.640000104904175 -3.3200000524520874 -3.340000033378601 -2.0600000619888306 -1.6800000667572021 -1.4800000190734863 -1.7400000095367432 -1.7400000095367432 -2.259999990463257 -2.340000033378601 -2.820000171661377 -1.6100000143051147 -0.4700000286102295 -0.25999999046325684 -0.07999998331069946 -0.07999998331069946 -0.5300000309944153 -1.4999999552965164 -1.3000000268220901 0 0 -3.9700000286102295 -3.9700000286102295 -1.3299999386072159 -0.25999999046325684 -1.3799999356269836 -1.079999953508377 0 -1.4399999473243952 -1.2099999487400055 -1.2099999487400055 -0.699999988079071 -0.7599999979138374 -0.5999999940395355 -0.4099999964237213 -0.4300000071525574
-3.9600000381469727 -1.7499999813735485 -2.15000007674098 -0.22999989986419678 -0.22999989986419678 -0.029999971389770508 -2.0799999833106995 -2.2799999117851257 -2.10999995470047 -2.1299999356269836 -0.9700000286102295 -0.9700000286102295 -0.49000000953674316 -0.43999993801116943 -0.19000005722045898 -1.9800000190734863 -1.7899999618530273 -1.4600000381469727 -1.4399999976158142 -1.4399999976158142 -0.6299999952316284 -0.6799999475479126 -0.6799999475479126 -1.4800000190734863 -1.0700000524520874 -1.100000023841858 -0.7799999713897705 -0.7799999713897705 -0.8200000524520874 -1.400000050663948 -1.3599999696016312 0 0 -4.329999923706055 -4.329999923706055 0 -0.5199999809265137 -1.089999943971634 0 -1.2999999523162842 -1.1899999529123306 -1.569999948143959 -1.569999948143959 -0.7099999934434891 -0.5399999916553497 -0.7599999979138374 -1 -0.6899999976158142
-1.6699999570846558 -1.1100001335144043 -1.25 -1.25 -0.3799999952316284 -0.41999995708465576 0 -2.269999921321869 -2.0899999737739563 -1.89000004529953 -0.5600000619888306 -0.5600000619888306 -0.5 -0.11000001430511475 -0.1700000762939453 -1.600000023841858 -1.6800000667572021 -1.5700000524520874 -3.1100001335144043 -3.1100001335144043 -0.38999998569488525 -0.5799999237060547 -1.4800000190734863 -0.43999993801116943 -1.1200000047683716 -0.7900000810623169 -0.7900000810623169 -0.6800000667572021 -0.7400000095367432 -1.4999999552965164 -1.1800000220537186 0 0 -1.6499999463558197 -1.6499999463558197 -1.0999999344348907 -1.079999953508377 -0.9099999666213989 -1.2399999499320984 -1.2199999541044235 -1.349999949336052 -1.369999948889017 -1.369999948889017 -0.5999999940395355 -0.5499999821186066 -0.9800000041723251 -0.699999988079071 -0.75
-1.990000069141388 -0.28999996185302734 -0.2200000286102295 -0.2200000286102295 -0.7400000095367432 -0.1499999761581421 -2.2499999403953552 0 -1.6600000262260437 -1.64000004529953 -1.8399999737739563 -1.8399999737739563 -1.5400000214576721 -1.6199999451637268 -1.7099999785423279 -1.709999993443489 -1.410000041127205 0 -2.8800000697374344 -2.8800000697374344 -1.5099998712539673 -1.8899999856948853 -2.1100000143051147 -2.1399999856948853 -2.2300000190734863 -0.6999999284744263 -0.6999999284744263 -0.5200000405311584 -0.22999995946884155 -1.7800000458955765 0 -0.07999999821186066 -1.1400000154972076 -2.4799998998641968 -2.4799998998641968 -1.3299999460577965 0 -1.4999999552965164 -0.33000001311302185 -0.6200000196695328 -0.5100000128149986 -0.17000001668930054 -0.17000001668930054 -0.8799999952316284 -0.7799999937415123 -0.8799999952316284 -0.8399999961256981 -0.5799999833106995
-1.7000001072883606 -0.11000001430511475 -0.5400000810623169 -0.5400000810623169 -0.3999999761581421 -0.2799999713897705 -1.9100000262260437 -2.0899999737739563 0 0 -1.9300000071525574 -1.9300000071525574 -1.6700000166893005 -1.4300000071525574 -1.3399999737739563 -1.410000041127205 -1.2900000363588333 -1.959999993443489 -3.0599998980760574 -3.0599998980760574 -1.5500000715255737 -2.2599998712539673 -2.2299998998641968 -2.1999999284744263 -2.2200000286102295 -2.309999942779541 -2.309999942779541 -2.8899999260902405 -0.8699999451637268 -0.7199999839067459 0 -3.1299999058246613 -0.5 -1.569999948143959 -1.569999948143959 -0.2710798978805542 -1.2699999511241913 -1.3799999468028545 -0.5100000128149986 -0.3500000089406967 -0.09000000357627869 -0.3100000023841858 -0.3100000023841858 -1.0999999940395355 -0.7599999979138374 -0.989999994635582 -0.8699999954551458 -1.010000005364418
-1.2800000309944153 -0.41999995708465576 -0.7399998903274536 -0.7399998903274536 -0.3799999952316284 -0.20000004768371582 -0.13999998569488525 -0.1499999761581421 -1.9699999690055847 -1.35999995470047 -1.6899999976158142 -1.9699999690055847 -1.0299999713897705 -1.449999988079071 -1.4300000071525574 -1.6399999409914017 0 -2.9200000315904617 -3.0399999171495438 -3.0399999171495438 -2.3000000715255737 -2.2299998998641968 -2.3600000143051147 -2.3000000715255737 -3.369999885559082 -0.7400000095367432 -0.7400000095367432 -0.019999995827674866 -0.019999995827674866 -0.48000000417232513 -2.3900000602006912 -1.2699999511241913 0 -0.7399999499320984 -0.7399999499320984 -1.2399999499320984 -1.3599999472498894 -1.41999994777143 -0.3100000023841858 -0.17000001668930054 -0.2800000011920929 -0.39000000804662704 -0.39000000804662704 -0.6799999922513962 -0.9900000020861626 -0.6099999845027924 -0.5999999940395355 -0.5399999916553497
-0.3299999237060547 -1.0099999904632568 -0.13999998569488525 -0.13999998569488525 -1.090000033378601 -0.8600000143051147 -0.31999993324279785 -0.23000001907348633 -0.21999990940093994 -0.2999999523162842 -1.9999999403953552 -1.9999999403953552 -1.7399999499320984 0 -1.5899999737739563 -1.3399999737739563 -0.10999999940395355 -2.5300000309944153 -3.7000001072883606 -3.7000001072883606 -2.790000021457672 -2.7500000596046448 -4.08000011742115 -4.090000107884407 -1.2000000029802322 0 0 -0.439999982714653 -0.929999977350235 -3.069999933242798 -1.2599999457597733 -0.4299999475479126 0 -1.4899999499320984 -1.4899999499320984 -1.2199999541044235 -1.3999999463558197 -1.4099999479949474 -0.22999998927116394 -0.4699999839067459 -0.35999998450279236 -0.6599999889731407 -0.6599999889731407 -1.679999977350235 -1.9799999818205833 -1.799999974668026 -1.8199999779462814 -1.6199999749660492
-0.43999993801116943 -0.5 -0.9800000190734863 -0.9800000190734863 -1.2899999618530273 -1.149999976158142 -0.3500000238418579 -0.12999999523162842 -0.2799999713897705 -0.07999992370605469 -1.9399999976158142 -1.9399999976158142 -1.8499999642372131 -1.8399999737739563 -0.5900000035762787 -2.1700000166893005 -1.800000011920929 -1.8499999642372131 -1.8499999642372131 -1.3699999451637268 -2.5799999833106995 -2.659999907016754 -3.7899999171495438 -0.810000017285347 0 0 0 -3.03000009059906 -1.6699999570846558 -0.9499999582767487 -1.4599999468773603 -1.4299999475479126 -1.2999999523162842 -1.4099999479949474 -1.4099999479949474 -1.1499999463558197 -1.3099999502301216 -1.5099999532103539 -0.5099999830126762 -0.3999999761581421 -0.6599999889731407 -0.6599999889731407 -0.29999998211860657 -1.7199999690055847 -1.5599999725818634 -1.7099999785423279 -1.7399999797344208 -1.479999989271164
-0.25999999046325684 -0.9900000095367432 -0.8999999761581421 -0.8999999761581421 -0.7300000190734863 -0.8200000524520874 -0.36000001430511475 -0.11000001430511475 -0.46000003814697266 -0.13999998569488525 -0.23000001907348633 -0.23000001907348633 -0.3200000524520874 -0.21000003814697266 -0.5699999332427979 -2.2399999499320984 -1.7099999785423279 0 0 -2.3199999928474426 -1.3499999791383743 -0.9900000244379044 0 0 -3.0000000298023224 -0.12000000476837158 -0.12000000476837158 -0.2399998903274536 -1.4399999473243952 -1.5199999511241913 -1.3799999468028545 -0.06000000238418579 -0.6500000059604645 -1.6599999517202377 -1.6599999517202377 -1.579999953508377 -1.1899999529123306 -1.6399999409914017 -0.6599999889731407 -0.4099999815225601 -0.6299999877810478 -0.6299999877810478 -0.47999998182058334 -1.5899999737739563 -1.6199999749660492 -1.9499999806284904 -1.7899999767541885 -1.5399999618530273
-1.7000000029802322 -0.7099999189376831 -0.6000000238418579 -0.6000000238418579 -0.8999999761581421 -0.9599999189376831 -1.8499999791383743 -1.9799999743700027 -1.9400000125169754 -1.9799999743700027 -0.4099999666213989 -0.4099999666213989 -0.28999996185302734 0 -0.809999942779541 -0.05000007152557373 -0.440000057220459 -1.89000004529953 -1.89000004529953 -1.949999988079071 -0.9500000029802322 0 0 -2.0799999982118607 -1.9599999636411667 -1.3900000303983688 -1.3900000303983688 -0.47999995946884155 -1.489999946206808 -1.339999943971634 -1.4299999475479126 -2.4499999284744263 -1.2399999499320984 -1.089999943971634 -1.089999943971634 -1.6699999570846558 -1.6699999570846558 -1.9699999690055847 -2.549999952316284 -1.3099999502301216 -1.059999942779541 -1.059999942779541 -1.3599999472498894 -1.669999971985817 -1.9899999797344208 -1.6099999845027924 -1.3100000023841858 -1.8099999874830246
-1.5099999457597733 -1.8499999046325684 -1.8999998569488525 -1.8999998569488525 -0.9800000190734863 -0.8999999761581421 -1.9400000125169754 -1.1700000315904617 -9999 -1.869999960064888 -1.399999976158142 -1.399999976158142 -1.3600000143051147 -0.12999999523162842 -0.1799999475479126 -0.46000003814697266 -0.48000001907348633 -2.0899999886751175 -2.0899999886751175 -1.3000000268220901 0 0 -1.1800000369548798 -0.9600000083446503 -2.9300001114606857 -0.8499999493360519 -0.8499999493360519 -2.4299999475479126 -1.7599999606609344 0 0 -0.9299999475479126 0 0 0 -0.4999999403953552 0 -1.4099999479949474 -1.6199999451637268 -1.3999999482184649 -4.539999842643738 -4.539999842643738 -1.7399999499320984 -1.6199999749660492 -1.7099999785423279 -1.4599999785423279 -1.689999982714653 -1.4899999797344208
-1.660000041127205 -1.2599999904632568 -1.8899998664855957 -1.8899998664855957 -1.9800000190734863 -0.41999995708465576 -1.9200000315904617 -1.76999993622303 -9999 -9999 -9999 -1.2599999904632568 -1.6799999475479126 -0.12000000476837158 -0.3700000047683716 -0.5099999904632568 -0.5600000619888306 -1.3200000077486038 -1.3200000077486038 0 0 -1.369999960064888 -0.5800000131130219 -1.0199999511241913 -2.2700000256299973 -3.5499999970197678 -3.5499999970197678 -2.1999999284744263 -2.2299999594688416 -1.9999999403953552 0 -1.1599999368190765 -0.5999999642372131 0 0 0 -0.15999996662139893 0 -1.3099999502301216 -2.0899999737739563 -4.519999861717224 -4.519999861717224 -1.599999949336052 -1.9599999748170376 -3 -1.6599999815225601 -1.6599999815225601 -1.679999977350235
-1.8899999856948853 -1.9800000190734863 -2.2899999618530273 -2.2899999618530273 -1.899999976158142 -1.6399999856948853 -0.6799999475479126 -0.6799999475479126 -0.5099999904632568 -0.3700000047683716 -0.3700000047683716 -9999 -1.0800000131130219 -1.2399999499320984 -0.9599999785423279 -1.7400000244379044 -1.4900000244379044 -1.5999999791383743 -1.5999999791383743 0 0 -1.650000050663948 -1.0000000149011612 -1.3900000602006912 -0.13999998569488525 -0.06999999284744263 -0.06999999284744263 -0.3200000524520874 -0.30000001192092896 -3.0300000309944153 -0.7099999785423279 -2.5199999809265137 -2.0799999237060547 -2.0799999237060547 -0.7599999308586121 -1.2799999415874481 -1.959999918937683 -4.960000157356262 -4.7499998807907104 -3.2699999809265137 -1.369999948889017 -1.369999948889017 0 -0.7499999403953552 -1.5599999576807022 -1.2899999469518661 -1.1599999368190765 -1.5899999737739563
-1.5800000429153442 -1.4600000381469727 -1.7000000476837158 -1.7000000476837158 -1.9700000286102295 -1.9700000286102295 -0.31000006198883057 -0.3700000047683716 -0.6599999666213989 -0.6599999666213989 -0.6599999666213989 -0.5399999618530273 -0.5399999618530273 -9999 -9999 -1.7900000363588333 0 0 0 0 0 0 0 -1.0199999958276749 -0.24000000953674316 -0.3999999761581421 -0.3999999761581421 -0.38999998569488525 -0.18999993801116943 -0.1499999761581421 -0.17000001668930054 -2.89000004529953 -0.1300000548362732 -0.1300000548362732 -0.6899999789893627 -0.770000021904707 -0.7599999904632568 -3.2899999618530273 -4.959999918937683 -1.319999948143959 -1.60999995470047 -1.60999995470047 -1.569999948143959 -1.3999999482184649 -0.3799999952316284 -0.26999998092651367 -1.2199999541044235 -1.3299999833106995
-1.2699999809265137 -1.850000023841858 -1.6399999856948853 -1.6399999856948853 -1.9700000286102295 -1.6200000047683716 -0.4099999666213989 -0.3400000333786011 -0.6599999666213989 -0.6599999666213989 -0.6599999666213989 -0.5399999618530273 -0.5399999618530273 -1.0499999523162842 -0.4399999976158142 -9999 -9999 -9999 -9999 0 0 0 -1.310000017285347 -1.219999983906746 -0.18999993801116943 -0.3999999761581421 -0.3999999761581421 -0.38999998569488525 -0.38999998569488525 -0.5300000309944153 -0.5799999833106995 -0.4300000071525574 -1.2600000500679016 -1.2600000500679016 -0.8900000266730785 -0.9400000385940075 -0.7599999904632568 -3.299999952316284 -4.929999947547913 -1.9399999380111694 -2.1999999284744263 -2.1999999284744263 -2.3299999237060547 -2.1699999570846558 -1.6199999451637268 -2.799999952316284 -2.9199999570846558 -2.6399999856948853
-9999 -1.5099999904632568 -1.5099999904632568 -1.5700000524520874 -1.590000033378601 -1.1399999856948853 -0.019999980926513672 -0.2999999523162842 -0.5399999618530273 -0.49000000953674316 -0.49000000953674316 -1.829999953508377 -1.6400000154972076 -1.780000001192093 -1.839999943971634 -9999 -9999 -0.6300000101327896 -0.6300000101327896 -1.3399999886751175 -1.2000000029802322 -1.5700000077486038 -1.2599999457597733 -1.5799999982118607 -0.949999988079071 -0.9599999785423279 -0.9599999785423279 -0.5299999713897705 -0.4099999666213989 -0.26999998092651367 -0.6200000047683716 -0.3400000333786011 -0.6200000047683716 -0.6200000047683716 -0.2799999713897705 -1.809999942779541 -0.6399999558925629 -0.4400000274181366 -3.3999999463558197 -0.2199999988079071 -0.5200000405311584 -0.5200000405311584 -0.7399999499320984 -2.2100000381469727 -2.240000009536743 -0.679999977350235 -1.369999960064888 -1.4599999785423279
