SimulationData/Scenarios/Waterwolf/Flooding/Uitdammerdijk/1260.asc
ncols        561
nrows        278
xllcorner    4.817258165162
yllcorner    52.370746892638
cellsize     0.000511251697
NODATA_value  -9999
[rows 132 to 153 of 278, columns 384 to 431 of 561]
0.3452904224395752 0.3352903127670288 0.23529040813446045 1.1252903938293457 0.8897473812103271 0.3297473192214966 0.3297473192214966 0.2997473478317261 0.3797473907470703 0.3297473192214966 0.3297473192214966 -0.21025264263153076 0.47974729537963867 0.47974729537963867 0.36936330795288086 1.0093632936477661 1.0093632936477661 0.3893634080886841 0.3493633270263672 0.33936333656311035 0.1693633794784546 0.1693633794784546 0.4993633031845093 0.1850677728652954 0.5150676965713501 0.19506776332855225 0.1850677728652954 0.49662601947784424 0.49662601947784424 0.1366260051727295 0.2366260290145874 0.41662609577178955 0.31939518451690674 0.5493950843811035 0.3593951463699341 0.34939515590667725 0.34939515590667725 0.34686338901519775 0.5568633079528809 0.3510720729827881 0.2810720205307007 0.5225581526756287 2.5640679597854614 0.5039271116256714 0.5039271116256714 0.2738102078437805 0.43423938751220703 0.5141385793685913
0.8752903938293457 0.29529035091400146 0.26529037952423096 0.3952903747558594 0.43974733352661133 0.43974733352661133 0.399747371673584 0.25974738597869873 0.2797473669052124 0.3797473907470703 0.47974729537963867 0.23974740505218506 0.4297473430633545 0.4297473430633545 0.4293633699417114 1.0093632936477661 0.3993633985519409 0.359363317489624 0.14936339855194092 0.4993633031845093 0.15936338901519775 0.15936338901519775 0.30936336517333984 0.20657575130462646 0.12657570838928223 0.1465756893157959 0.13657569885253906 0.5440119504928589 0.5440119504928589 0.28401196002960205 0.2440119981765747 0.07401204109191895 0.3420405387878418 0.41204047203063965 0.3756622076034546 0.36566221714019775 0.36566221714019775 0.2500416040420532 0.36004161834716797 0.36194467544555664 0.5033147931098938 2.5641881823539734 2.56410813331604 2.5640711784362793 2.5640711784362793 2.5640711784362793 2.5641738772392273 2.5641738772392273
0.35529041290283203 0.36529040336608887 0.4252903461456299 0.4552903175354004 0.38974738121032715 0.38974738121032715 0.3297473192214966 0.44974732398986816 0.13974738121032715 -0.1602526307106018 0.25974738597869873 0.34974730014801025 0.44974732398986816 0.44974732398986816 0.359363317489624 0.4293633699417114 0.299363374710083 0.21936333179473877 0.24936330318450928 0.28936338424682617 0.1693633794784546 0.1693633794784546 0.12936341762542725 0.5265756845474243 0.11657571792602539 0.10657572746276855 0.29657578468322754 0.2940119504928589 0.2940119504928589 0.23401200771331787 0.20401203632354736 0.3440120220184326 0.3120405673980713 0.3420405387878418 0.42566215991973877 0.39566218852996826 0.39566218852996826 0.4000415802001953 0.3700416088104248 0.30270808935165405 2.5641281604766846 2.5640902519226074 2.5640514492988586 2.5640711784362793 2.5640711784362793 2.5640711784362793 2.5641738772392273 2.5641738772392273
0.4352903366088867 0.4652903079986572 0.4952903985977173 0.44529032707214355 0.3397473096847534 0.3397473096847534 0.35974740982055664 0.23974740505218506 -0.6102526485919952 0.3097473382949829 0.3097473382949829 0.35974740982055664 0.38974738121032715 0.38974738121032715 0.5093634128570557 0.28936338424682617 0.24936330318450928 0.28936338424682617 0.3893634080886841 0.359363317489624 0.3293633460998535 0.3293633460998535 0.4993633031845093 0.3765757083892822 0.0365757942199707 0.22657573223114014 0.3065757751464844 0.5440119504928589 0.5440119504928589 0.32401204109191895 0.28401196002960205 0.28401196002960205 0.23453903198242188 0.2745389938354492 0.3692491054534912 0.3692491054534912 0.3692491054534912 0.5023751258850098 0.5140158534049988 2.5640456080436707 2.5640475153923035 2.5640305876731873 2.5640305876731873 2.564019799232483 2.564019799232483 2.564019799232483 0.26376640796661377 0.4151286482810974
0.5266492366790771 0.6466492414474487 0.4766491651535034 0.5166492462158203 0.43581700325012207 0.43581700325012207 -0.40418297052383423 0.4658169746398926 0.2958170175552368 0.4958169460296631 0.07581698894500732 0.33581697940826416 0.2558170557022095 0.2558170557022095 0.42813289165496826 0.4081329107284546 0.3681328296661377 0.27813291549682617 0.38813281059265137 0.4081329107284546 0.3081328868865967 0.3081328868865967 0.288132905960083 0.28681302070617676 0.10681307315826416 0.15681302547454834 0.5368130207061768 0.27101051807403564 0.27101051807403564 0.24101054668426514 0.2310105562210083 0.30101048946380615 0.25772786140441895 0.35772788524627686 0.5606902837753296 0.35178858041763306 0.35178858041763306 0.5638983845710754 2.564031183719635 2.564042031764984 2.564042031764984 2.5640438199043274 2.5640438199043274 2.5640438199043274 2.564105987548828 2.563833475112915 0.35376662015914917 1.0164299011230469
0.5566492080688477 0.5166492462158203 0.40664923191070557 0.536649227142334 -0.32418298721313477 -0.32418298721313477 0.4958169460296631 0.42581701278686523 0.07581698894500732 -0.32418298721313477 0.1358170509338379 0.4158170223236084 0.6458170413970947 0.6458170413970947 0.4881328344345093 0.45813286304473877 0.5181328058242798 0.44813287258148193 0.4081329107284546 0.17813289165496826 0.25813281536102295 0.25813281536102295 0.3081328868865967 0.5068130493164062 0.3168131113052368 0.28681302070617676 0.29681313037872314 0.17101049423217773 0.17101049423217773 0.2810105085372925 0.27101051807403564 0.24101054668426514 0.3177279233932495 0.28772783279418945 0.31162989139556885 0.5439081788063049 0.5439081788063049 2.563969910144806 2.5639986991882324 2.564042031764984 2.564042031764984 2.5640438199043274 2.5640438199043274 2.5640438199043274 2.5639681816101074 0.4534740447998047 0.45577681064605713 0.47769272327423096
0.4366492033004761 0.5066492557525635 -0.013350725173950195 0.4766491651535034 0.4458169937133789 0.4458169937133789 0.4458169937133789 0.3958170413970947 0.4158170223236084 0.4658169746398926 0.36581695079803467 0.24581694602966309 0.23581695556640625 0.23581695556640625 0.3081328868865967 0.5181328058242798 0.3181328773498535 0.38813281059265137 0.17813289165496826 0.4181329011917114 0.4181329011917114 0.19813287258148193 0.288132905960083 0.17681312561035156 0.19681310653686523 0.29681313037872314 0.20681309700012207 0.2810105085372925 0.2810105085372925 0.22101056575775146 0.34101057052612305 0.3510105609893799 0.5602361559867859 0.5002362132072449 0.5139918923377991 2.563937723636627 2.563937723636627 2.5639626383781433 2.5639626383781433 2.5639843940734863 2.5640209317207336 0.5137601494789124 0.29420900344848633 0.29420900344848633 0.503587543964386 0.4469833970069885 0.40852952003479004 0.45852959156036377
0.45664918422698975 0.4766491651535034 0.4766491651535034 0.32664918899536133 0.43581700325012207 0.43581700325012207 0.36581695079803467 1.00581693649292 0.3958170413970947 0.3158169984817505 0.36581695079803467 0.23581695556640625 0.23581695556640625 0.23581695556640625 0.14813292026519775 0.4081329107284546 0.23813283443450928 0.5181328058242798 0.3681328296661377 0.27813291549682617 0.27813291549682617 0.3381328582763672 0.42813289165496826 0.26384031772613525 0.2838402986526489 0.18384039402008057 0.42384040355682373 0.40959668159484863 0.40959668159484863 0.3995966911315918 0.2571793794631958 0.33717942237854004 0.4099385738372803 0.5038561820983887 2.5639323592185974 2.563917398452759 2.563917398452759 2.5639225840568542 2.5639225840568542 2.5639474987983704 0.5037220120429993 0.4255232810974121 0.40552330017089844 0.40552330017089844 0.4180399775505066 0.3580400347709656 0.3743247985839844 0.5243247747421265
-0.5933507680892944 0.036649227142333984 0.346649169921875 0.2666492462158203 0.35581696033477783 0.35581696033477783 0.4458169937133789 1.00581693649292 0.5158170461654663 0.33581697940826416 0.2658170461654663 0.18581700325012207 0.27581703662872314 0.27581703662872314 0.22813284397125244 0.32813286781311035 0.27813291549682617 0.5181328058242798 0.2481328248977661 0.2681328058242798 0.2681328058242798 0.39813292026519775 0.29813289642333984 0.33384037017822266 0.26384031772613525 0.4438403844833374 0.4438403844833374 0.3643563985824585 0.3643563985824585 0.3443564176559448 0.5595260858535767 0.4195261001586914 0.2430853247642517 2.563883125782013 2.5638843178749084 2.5638843178749084 2.5638843178749084 2.563915193080902 2.563913941383362 0.23360449075698853 0.8250020146369934 0.5379477739334106 0.38794779777526855 0.38794779777526855 0.34118378162384033 0.40118372440338135 0.4043247699737549 0.49432480335235596
-0.05335080623626709 0.346649169921875 0.21664917469024658 0.9866491556167603 0.33581697940826416 0.33581697940826416 0.40581703186035156 0.4758169651031494 0.40581703186035156 0.2958170175552368 0.40581703186035156 0.22581696510314941 0.3158169984817505 0.3158169984817505 0.2481328248977661 0.2181328535079956 0.3081328868865967 0.4181329011917114 0.5181328058242798 0.5181328058242798 0.5181328058242798 0.5181328058242798 0.5181328058242798 0.2238403558731079 0.42384040355682373 0.38384032249450684 0.39384031295776367 0.334356427192688 0.334356427192688 0.4643564224243164 0.42952609062194824 0.3895261287689209 0.5638521909713745 2.5638388991355896 2.5638843178749084 2.5638843178749084 2.5638843178749084 2.563922166824341 0.5137426853179932 0.3141704201698303 0.28582996129989624 0.3679478168487549 0.3379478454589844 0.3379478454589844 0.40118372440338135 0.3911837339401245 0.5043247938156128 0.49432480335235596
0.41437828540802 0.12437832355499268 0.4343782663345337 0.41437828540802 0.5087906122207642 0.5087906122207642 0.5287907123565674 0.45879065990448 1.018790602684021 0.37879061698913574 0.5087906122207642 0.2787907123565674 0.34879064559936523 0.34879064559936523 0.38221216201782227 0.3422122001647949 0.3322122097015381 0.38221216201782227 0.35493290424346924 0.3749328851699829 0.3749328851699829 0.32493293285369873 0.5349328517913818 0.567138671875 0.5471385717391968 0.317138671875 0.3671386241912842 0.39626991748809814 0.39626991748809814 0.43626999855041504 0.44065141677856445 0.5637266039848328 2.563768744468689 2.563785672187805 2.5638267397880554 2.5638267397880554 2.5638267397880554 2.563798666000366 0.2932262420654297 0.4158632755279541 0.42586326599121094 0.4226289987564087 0.5026290416717529 0.5026290416717529 1.0226290225982666 0.5126290321350098 0.55788254737854 0.5278825759887695
0.5243782997131348 0.45437824726104736 0.41437828540802 0.47437822818756104 0.648790717124939 0.648790717124939 0.4387906789779663 0.47879064083099365 0.4287906885147095 0.4387906789779663 0.5087906122207642 0.548790693283081 0.2787907123565674 0.2787907123565674 0.5222121477127075 0.4122122526168823 0.4022122621536255 0.37221217155456543 0.35493290424346924 0.3149329423904419 0.3149329423904419 0.4349329471588135 0.5049328804016113 0.5471385717391968 0.2971385717391968 0.4671386480331421 0.377138614654541 0.40873682498931885 0.40873682498931885 0.4287368059158325 0.30269569158554077 2.5637224316596985 2.563741624355316 2.563741624355316 2.563787817955017 2.563787817955017 2.5637876987457275 2.5636236667633057 0.3528605103492737 0.427983820438385 0.6379838585853577 0.4626290798187256 0.6426290273666382 0.6426290273666382 0.6226290464401245 0.5226290225982666 0.5078825950622559 0.5278825759887695
0.42437827587127686 0.3843783140182495 0.3743783235549927 0.3843783140182495 0.4387906789779663 0.4387906789779663 0.44879066944122314 0.3687906265258789 0.39879071712493896 0.4687906503677368 0.32879066467285156 0.3387906551361084 0.3187906742095947 0.3187906742095947 0.5222121477127075 0.25221216678619385 0.32221221923828125 0.3422122001647949 0.26493287086486816 0.32493293285369873 0.32493293285369873 0.33493292331695557 0.5349328517913818 0.11713862419128418 0.23713862895965576 0.4471386671066284 0.317138671875 0.35873687267303467 0.35873687267303467 0.30873680114746094 2.563709020614624 2.5636825561523438 2.563741624355316 2.563741624355316 2.5638034343719482 2.5638034343719482 2.563803493976593 0.5032169222831726 0.5061749815940857 0.4879838824272156 0.7879838347434998 0.45262908935546875 0.5826290845870972 0.5826290845870972 0.6326290369033813 0.4626290798187256 0.4878826141357422 0.4678826332092285
0.29437828063964844 0.3443782329559326 0.48437821865081787 0.4643782377243042 0.5187907218933105 0.5187907218933105 0.4387906789779663 0.4287906885147095 0.4087907075881958 0.3087906837463379 0.22879064083099365 0.2787907123565674 0.2787907123565674 0.3087906837463379 0.5292211771011353 0.37922120094299316 0.3392212390899658 0.2392212152481079 0.17014026641845703 0.18014025688171387 0.18014025688171387 0.2501401901245117 0.26014018058776855 0.4317336082458496 0.37173354625701904 0.49413764476776123 0.44413769245147705 0.45034557580947876 0.45034557580947876 2.563592553138733 2.5635680556297302 2.5636066794395447 2.5637001395225525 2.5637001395225525 0.513143002986908 0.513143002986908 0.39457905292510986 0.5371948480606079 0.6471948623657227 0.6797891855239868 0.6297892332077026 0.5744468569755554 0.5744468569755554 0.5744468569755554 0.8744469285011292 0.5044469237327576 0.5721809267997742 0.5921810269355774
-0.3556217551231384 0.004378318786621094 1.0043781995773315 0.5443782806396484 0.47879064083099365 0.47879064083099365 0.5887906551361084 0.4887906312942505 0.41879069805145264 0.3087906837463379 0.5287907123565674 0.3087906837463379 0.3087906837463379 0.14879071712493896 0.31922125816345215 0.18922126293182373 0.44922125339508057 0.4292212724685669 0.3201402425765991 0.2501401901245117 0.2501401901245117 0.09014022350311279 0.2701401710510254 0.33204758167266846 0.48204755783081055 0.43549180030822754 0.4854917526245117 0.48251116275787354 0.48251116275787354 2.563382863998413 2.5634674429893494 2.56352299451828 2.5636733770370483 2.5634939074516296 0.34290385246276855 0.34290385246276855 0.5359305739402771 0.6084699630737305 0.5984699726104736 0.5910971760749817 0.6410971283912659 0.694446861743927 0.6444469094276428 0.6444469094276428 0.6444469094276428 0.5844469666481018 0.5021809935569763 0.5421809554100037
-0.2578527331352234 -0.5578527748584747 0.31214725971221924 0.5021471977233887 0.5257281064987183 0.5257281064987183 0.4857281446456909 1.035728096961975 0.5057281255722046 0.46572816371917725 0.385728120803833 0.2557281255722046 0.2557281255722046 0.3557281494140625 0.466015100479126 0.5060150623321533 0.28601503372192383 0.276015043258667 0.3657033443450928 0.38570332527160645 0.38570332527160645 0.3657033443450928 0.4657033681869507 0.16045010089874268 0.330450177192688 0.27551937103271484 0.49551939964294434 0.49059808254241943 0.49059808254241943 0.2125866413116455 0.5028435587882996 0.24306881427764893 0.45400935411453247 0.4640093445777893 0.4859335422515869 0.4859335422515869 0.42593348026275635 0.5107510685920715 0.540751039981842 0.6907510161399841 0.6807510256767273 0.616368293762207 0.6063683032989502 0.6063683032989502 0.676368236541748 0.6063683032989502 0.5053560733795166 0.8253560066223145
-0.1678527593612671 -0.30785274505615234 0.5521472692489624 0.5721472501754761 0.5057281255722046 0.5057281255722046 0.46572816371917725 0.5857281684875488 0.5457282066345215 0.5057281255722046 0.2657281160354614 0.4257282018661499 0.4257282018661499 0.33572816848754883 0.3960150480270386 0.4060150384902954 0.20601511001586914 0.3160151243209839 0.32570338249206543 0.35570335388183594 0.35570335388183594 0.41570329666137695 0.5457032918930054 0.3604501485824585 0.32045018672943115 0.27551937103271484 0.49551939964294434 2.5606160759925842 2.5606160759925842 0.24005991220474243 0.5013369917869568 0.32144540548324585 0.30400925874710083 0.43400925397872925 0.5059335231781006 0.5059335231781006 0.5059335231781006 0.5307510495185852 0.6907510161399841 0.9107510447502136 0.6307510733604431 0.616368293762207 1.026368260383606 1.026368260383606 0.6063683032989502 0.5163682699203491 0.5353560447692871 0.46535611152648926
0.21214723587036133 0.5021471977233887 0.5421472787857056 0.49214720726013184 0.34572815895080566 0.34572815895080566 0.22572815418243408 0.37572813034057617 0.5657281875610352 0.31572818756103516 0.49572813510894775 0.43572819232940674 0.43572819232940674 0.36572813987731934 0.4060150384902954 0.30601513385772705 0.42601513862609863 0.4160151481628418 0.32570338249206543 0.5457032918930054 0.5457032918930054 0.41570329666137695 0.2457033395767212 0.5398163795471191 0.42981648445129395 0.3945176601409912 0.4945176839828491 0.35829317569732666 0.35829317569732666 0.3682931661605835 0.3795822858810425 0.3895822763442993 0.5317273736000061 0.3717274069786072 0.3158416152000427 0.3158416152000427 0.46584171056747437 0.5307510495185852 0.49075108766555786 0.6707510352134705 0.6107510924339294 0.5963683128356934 0.49636828899383545 0.49636828899383545 0.5463682413101196 0.5463682413101196 0.5953561067581177 0.6053560972213745
0.25214719772338867 0.11214721202850342 0.31214725971221924 -0.18785274028778076 0.15572822093963623 0.15572822093963623 0.34572815895080566 0.28572821617126465 0.43572819232940674 0.46572816371917725 0.4557281732559204 1.035728096961975 1.035728096961975 0.5257281064987183 0.4027597904205322 0.3327598571777344 0.32275986671447754 0.28275978565216064 0.5483853816986084 0.5683854818344116 0.5683854818344116 0.6783854961395264 0.32838547229766846 0.8518661260604858 0.90186607837677 0.5518660545349121 0.3918660879135132 0.3918660879135132 0.5241967439651489 0.38419675827026367 0.28419673442840576 0.40419673919677734 0.3999159336090088 0.3099159002304077 0.38991594314575195 0.38991594314575195 0.48991596698760986 0.2782312035560608 0.5282312035560608 1.0216321349143982 0.9516322016716003 0.8502611517906189 0.6002611517906189 0.6002611517906189 0.5802610516548157 0.46026116609573364 0.797936201095581 0.4779362678527832
0.3021472692489624 0.26214730739593506 0.19214725494384766 -0.1678527593612671 -0.1678527593612671 0.015728116035461426 0.06572818756103516 0.37572813034057617 0.5657281875610352 0.5257281064987183 0.43572819232940674 0.4457281827926636 0.4457281827926636 0.31572818756103516 0.3927597999572754 0.4927598237991333 0.5427597761154175 0.4427598714828491 0.5183854103088379 0.6883854866027832 0.6883854866027832 0.6283854246139526 0.5583854913711548 0.8018660545349121 0.8918660879135132 0.8618661165237427 0.6318660974502563 0.6318660974502563 0.40419673919677734 0.36419677734375 0.4641968011856079 0.5541967153549194 0.2499159574508667 0.28991591930389404 0.35991597175598145 0.35991597175598145 0.32991600036621094 0.38823121786117554 0.3282312750816345 0.4616321921348572 0.471632182598114 0.46026116609573364 0.49026113748550415 0.49026113748550415 0.6502611041069031 0.5702610611915588 0.5079362392425537 0.5179362297058105
0.13214731216430664 0.5021471977233887 -0.007852792739868164 0.5021471977233887 0.5021471977233887 0.09572815895080566 0.12572813034057617 0.27572810649871826 0.3557281494140625 0.41572821140289307 0.4257282018661499 0.5357282161712646 0.5357282161712646 0.49572813510894775 0.3727598190307617 0.20275986194610596 0.5627598762512207 0.5927598476409912 0.6583853960037231 0.5883854627609253 0.5883854627609253 0.5883854627609253 0.608385443687439 0.6318660974502563 0.45186614990234375 0.6118661165237427 0.8518661260604858 0.8518661260604858 0.9841967821121216 0.4141967296600342 0.3941967487335205 0.424196720123291 0.539915919303894 0.28991591930389404 0.38991594314575195 0.38991594314575195 0.35991597175598145 0.23307764530181885 0.26307761669158936 0.23714590072631836 0.3771458864212036 0.49026113748550415 0.4002611041069031 0.4002611041069031 0.4702611565589905 0.45026105642318726 0.5579361915588379 0.44793617725372314
0.31651926040649414 0.326519250869751 0.4565192461013794 0.37651920318603516 0.37651920318603516 0.25115442276000977 0.4311544895172119 1.051154375076294 0.22115445137023926 0.03293108940124512 0.4429311752319336 0.3729311227798462 0.3729311227798462 0.30293118953704834 0.41754424571990967 0.4975442886352539 0.587544322013855 0.6075443029403687 0.5775443315505981 0.6375442743301392 0.6375442743301392 0.5075442790985107 0.6075443029403687 0.5513017177581787 0.6113017797470093 0.5513017177581787 0.41130173206329346 0.41130173206329346 0.8341333866119385 0.9741333723068237 0.5540553331375122 0.32405543327331543 0.3861004114151001 0.4561004638671875 0.5579289197921753 0.5579289197921753 0.33792901039123535 0.49949371814727783 0.4088287353515625 0.19766998291015625 0.49766993522644043 0.3487415909767151 0.29874151945114136 0.29874151945114136 0.26874154806137085 0.44874149560928345 0.27962052822113037 -0.03037947416305542
