SimulationData/Scenarios/Waterwolf/Flooding/Uitdammerdijk/1260.asc
ncols        561
nrows        278
xllcorner    4.817258165162
yllcorner    52.370746892638
cellsize     0.000511251697
NODATA_value  -9999
[rows 220 to 241 of 278, columns 336 to 383 of 561]
0.46485579013824463 0.46485579013824463 0.44485580921173096 0.44485580921173096 0.5048558712005615 0.41485583782196045 0.4548557996749878 0.40521371364593506 0.5852136611938477 0.5752136707305908 0.5752136707305908 0.6752136945724487 0.6771783828735352 0.6071784496307373 0.6695283651351929 0.8995283842086792 0.5507403612136841 0.4807403087615967 0.4807403087615967 0.40431296825408936 0.5543129444122314 0.5165801048278809 0.5465800762176514 0.707822322845459 0.5678223371505737 0.5092684030532837 0.5092684030532837 0.5292683839797974 0.5692683458328247 0.5292683839797974 0.6116014719009399 0.6016014814376831 0.6416015625 0.6416015625 1.0016014575958252 0.47428715229034424 0.5942871570587158 0.5742871761322021 0.5942871570587158 0.5593581199645996 0.5293581485748291 0.5293581485748291 0.49935805797576904 0.5493581295013428 0.5493580102920532 0.5893579721450806 0.5393580198287964 1.02935791015625
0.46545588970184326 0.4854559898376465 0.4854559898376465 0.5454559326171875 0.5254559516906738 0.46545588970184326 0.30545592308044434 0.47539210319519043 0.9853920936584473 0.4353921413421631 0.4353921413421631 0.6653921604156494 0.6178361177444458 0.7078360319137573 0.727836012840271 0.7678360939025879 0.5913140773773193 0.35131406784057617 0.35131406784057617 0.44131410121917725 0.47131407260894775 0.4366353750228882 0.39663541316986084 0.5166354179382324 0.5066354274749756 0.4998880624771118 0.4998880624771118 0.4998880624771118 0.5398880243301392 0.9998879432678223 0.6598880290985107 0.7598880529403687 0.8698880672454834 0.8698880672454834 0.6298880577087402 0.5759027004241943 0.595902681350708 0.6659027338027954 0.5759027004241943 0.5759027004241943 0.4659026861190796 0.4659026861190796 0.45590269565582275 0.7059026956558228 0.6347424983978271 0.454742431640625 0.6847424507141113 0.47474241256713867
0.5354559421539307 0.4954559803009033 0.4954559803009033 0.5854558944702148 0.5554559230804443 0.46545588970184326 0.6354559659957886 0.6653921604156494 0.9853920936584473 0.5753921270370483 0.5753921270370483 0.6753921508789062 0.6478360891342163 0.7078360319137573 0.8078360557556152 0.6478360891342163 0.4013141393661499 0.41131412982940674 0.41131412982940674 0.44131410121917725 0.4513140916824341 0.5166354179382324 0.42663538455963135 0.4666353464126587 0.48663532733917236 0.48663532733917236 0.549888014793396 0.5298880338668823 0.6598880290985107 0.549888014793396 0.9998879432678223 0.609887957572937 0.6298880577087402 0.6298880577087402 0.9998879432678223 0.8059027194976807 0.6059026718139648 0.6959027051925659 0.6259027719497681 0.5159027576446533 0.45590269565582275 0.45590269565582275 0.4159027338027954 0.5859026908874512 0.5747424364089966 0.6047424077987671 0.6647424697875977 0.454742431640625
0.5954560041427612 0.5554559230804443 0.5554559230804443 0.5354559421539307 0.4854559898376465 0.4454559087753296 0.9754558801651001 0.45539212226867676 0.6253921985626221 0.47539210319519043 0.47539210319519043 0.6553921699523926 0.7678360939025879 0.7778360843658447 0.477836012840271 0.6478360891342163 0.4313141107559204 0.4013141393661499 0.4013141393661499 0.47131407260894775 0.44131410121917725 0.5166354179382324 0.4666353464126587 0.5266354084014893 0.5266354084014893 0.5966739654541016 0.9998879432678223 0.5598880052566528 0.5798879861831665 0.5398880243301392 0.5398880243301392 0.9098880290985107 0.549888014793396 0.549888014793396 0.5398880243301392 0.595902681350708 0.5859026908874512 0.5759027004241943 0.7659027576446533 0.42590272426605225 0.45590269565582275 0.45590269565582275 0.4059027433395386 0.6359027624130249 0.5547424554824829 0.5547424554824829 0.5047423839569092 0.3247424364089966
0.46545588970184326 0.4454559087753296 0.4454559087753296 0.4854559898376465 0.6954559087753296 0.4454559087753296 0.4554558992385864 0.44406747817993164 0.41406750679016113 0.514067530632019 0.514067530632019 0.6240675449371338 0.7162137031555176 0.7162137031555176 0.7162137031555176 0.45621371269226074 0.48208069801330566 0.462080717086792 0.462080717086792 0.49208080768585205 0.4420807361602783 0.4866739511489868 0.43667399883270264 0.7966740131378174 0.72667396068573 0.72667396068573 0.5798879861831665 0.7798880338668823 0.6498880386352539 0.5598880052566528 0.549888014793396 0.5698879957199097 0.5798879861831665 0.5798879861831665 0.5698879957199097 0.6959027051925659 0.845902681350708 0.5559027194976807 0.6359027624130249 1.005902647972107 0.4159027338027954 0.4159027338027954 0.42590272426605225 0.48590266704559326 0.49474239349365234 0.22474241256713867 0.38474249839782715 0.37474238872528076
0.9754558801651001 0.9754558801651001 0.9754558801651001 0.7854559421539307 0.35545599460601807 0.3654559850692749 0.4154559373855591 0.39406752586364746 0.984067440032959 0.47406744956970215 0.47406744956970215 0.47406744956970215 0.7962137460708618 0.6862137317657471 0.6162137985229492 0.37621378898620605 0.17208075523376465 0.4420807361602783 0.4420807361602783 0.462080717086792 0.42208075523376465 0.4866739511489868 0.46667397022247314 0.5366740226745605 0.50667405128479 0.50667405128479 0.5698879957199097 0.4798879623413086 0.5698879957199097 0.549888014793396 0.5898879766464233 0.6498880386352539 0.5398880243301392 0.5398880243301392 0.43988800048828125 0.42590272426605225 0.5459027290344238 0.535902738571167 0.5559027194976807 0.42590272426605225 0.42590272426605225 0.42590272426605225 0.37590277194976807 0.45590269565582275 0.37474238872528076 0.5047423839569092 0.3347424268722534 0.5047423839569092
0.4753535985946655 0.3953535556793213 0.3953535556793213 0.4253535270690918 0.44535350799560547 0.6353535652160645 0.43535351753234863 0.323123574256897 0.3931236267089844 0.44312357902526855 0.44312357902526855 0.4931236505508423 0.513123631477356 0.5231236219406128 0.4031236171722412 0.29312360286712646 0.37308168411254883 0.3030816316604614 0.3030816316604614 0.3230816125869751 0.3030816316604614 -0.00691831111907959 0.053081631660461426 0.23308157920837402 0.34308159351348877 0.34308159351348877 0.47772932052612305 0.9977293014526367 -0.14227056503295898 0.34772932529449463 0.5677293539047241 0.6177294254302979 0.5277293920516968 0.5277293920516968 0.4377293586730957 0.4332926273345947 0.38329267501831055 0.3332926034927368 0.3032926321029663 0.49329257011413574 0.26329267024993896 0.26329267024993896 0.31329262256622314 0.49329257011413574 0.3513641357421875 0.33136415481567383 0.5013641119003296 0.33136415481567383
0.4253535270690918 0.5953536033630371 0.5953536033630371 0.5153535604476929 0.4753535985946655 0.48535358905792236 0.3753535747528076 0.3931236267089844 0.48312366008758545 0.47312355041503906 0.47312355041503906 0.3331235647201538 0.26312363147735596 0.1231236457824707 0.2031235694885254 0.47312355041503906 0.483081579208374 0.483081579208374 0.1430816650390625 0.033081650733947754 0.3930816650390625 0.31308162212371826 0.483081579208374 0.483081579208374 0.483081579208374 0.483081579208374 0.34772932529449463 0.34772932529449463 0.14772939682006836 0.4577293395996094 0.5477293729782104 0.5077294111251831 0.4877293109893799 0.4877293109893799 0.4077293872833252 0.3732926845550537 0.4232926368713379 0.05329263210296631 0.28329265117645264 0.3032926321029663 0.3332926034927368 0.3332926034927368 0.41329264640808105 0.49329257011413574 0.28136420249938965 0.40136420726776123 0.40136420726776123 0.4813641309738159
0.4553534984588623 0.2753535509109497 0.2753535509109497 0.605353593826294 0.3953535556793213 -0.09464645385742188 0.43535351753234863 0.17312359809875488 0.22312355041503906 0.323123574256897 0.323123574256897 0.29312360286712646 0.47312355041503906 0.11312365531921387 0.043123602867126465 0.47312355041503906 0.16308164596557617 0.16308164596557617 0.19308161735534668 0.2430816888809204 0.21308159828186035 0.2230815887451172 0.16308164596557617 0.37308168411254883 0.40308165550231934 0.40308165550231934 0.3777294158935547 0.41772937774658203 0.2577294111251831 0.29772937297821045 0.9977293014526367 0.4677293300628662 0.41772937774658203 0.41772937774658203 0.4377293586730957 0.41329264640808105 0.44329261779785156 0.4832925796508789 1.0032925605773926 0.2732926607131958 0.2732926607131958 0.25329267978668213 -0.02670741081237793 0.28329265117645264 0.5013641119003296 0.33136415481567383 0.43136417865753174 0.15136420726776123
-0.11464643478393555 -0.17464643716812134 -0.17464643716812134 0.3653535842895508 0.41535353660583496 -0.18464648723602295 -0.1646464467048645 0.22312355041503906 0.023123621940612793 0.1531236171722412 0.1531236171722412 -0.16687637567520142 -0.426876425743103 -0.006876349449157715 0.14312362670898438 0.1231236457824707 0.173081636428833 0.173081636428833 0.21308159828186035 0.25308167934417725 0.20308160781860352 0.15308165550231934 0.21308159828186035 0.31308162212371826 0.40308165550231934 0.40308165550231934 0.5977293252944946 0.4377293586730957 0.3077293634414673 0.39772939682006836 0.41772937774658203 0.49772942066192627 0.44772934913635254 0.44772934913635254 0.42772936820983887 0.3732926845550537 0.3032926321029663 0.4032926559448242 0.38329267501831055 0.3932926654815674 0.3932926654815674 -0.05670738220214844 0.3632925748825073 0.26329267024993896 0.3913642168045044 0.2913641929626465 0.11136412620544434 0.18136417865753174
0.10535359382629395 -0.09464645385742188 -0.09464645385742188 0.4053535461425781 0.4053535461425781 -0.004646420478820801 0.38535356521606445 0.09312355518341064 0.47312355041503906 -0.11687636375427246 -0.11687636375427246 -0.21687638759613037 0.17312359809875488 0.1231236457824707 0.2031235694885254 0.18312358856201172 0.18308162689208984 0.18308162689208984 0.23308157920837402 0.19308161735534668 0.19308161735534668 0.20308160781860352 0.173081636428833 0.3030816316604614 0.3930816650390625 0.3930816650390625 0.3877294063568115 0.47772932052612305 0.4377293586730957 0.5377293825149536 0.49772942066192627 0.727729320526123 0.42772936820983887 0.42772936820983887 0.3877294063568115 0.3032926321029663 0.3032926321029663 0.3532925844192505 0.3532925844192505 0.03329265117645264 0.03329265117645264 0.32329261302948 0.38329267501831055 0.24329257011413574 0.321364164352417 0.33136415481567383 0.24136412143707275 0.5013641119003296
0.4553534984588623 0.44535350799560547 0.44535350799560547 0.43535351753234863 0.35535359382629395 0.4553534984588623 0.41535353660583496 0.2531236410140991 0.17312359809875488 0.043123602867126465 0.043123602867126465 -0.16687637567520142 0.21312355995178223 0.21312355995178223 0.47312355041503906 0.18312358856201172 0.16308164596557617 0.16308164596557617 0.06308162212371826 0.19308161735534668 0.363081693649292 0.19308161735534668 0.173081636428833 0.31308162212371826 0.3230816125869751 0.3230816125869751 0.39772939682006836 0.4577293395996094 0.4577293395996094 0.4377293586730957 0.5077294111251831 0.44772934913635254 0.3177293539047241 0.3177293539047241 0.3777294158935547 0.3332926034927368 0.32329261302948 0.41329264640808105 0.31329262256622314 0.32329261302948 0.32329261302948 0.49329257011413574 0.49329257011413574 0.3532925844192505 0.22136414051055908 0.37136411666870117 0.5013641119003296 0.5013641119003296
0.3644295930862427 0.344429612159729 0.344429612159729 0.4544295072555542 0.3944295644760132 0.3944295644760132 0.3244295120239258 0.22335267066955566 0.043352723121643066 0.043352723121643066 0.3333526849746704 -0.14664727449417114 0.16335272789001465 0.47335267066955566 0.47335267066955566 0.47335267066955566 -0.07096409797668457 -0.07096409797668457 0.3490358591079712 0.37903594970703125 0.4790358543395996 0.4790358543395996 0.06903588771820068 0.2290358543395996 0.3190358877182007 0.3190358877182007 0.4350473880767822 0.4350473880767822 0.4250473976135254 0.44504737854003906 0.4950474500656128 0.5250474214553833 0.4350473880767822 0.4350473880767822 0.9950473308563232 0.33137691020965576 0.33137691020965576 0.33137691020965576 -0.06862306594848633 0.3813769817352295 0.3813769817352295 0.35137689113616943 0.37137699127197266 0.20137691497802734 0.24910247325897217 0.49910247325897217 0.49910247325897217 0.49910247325897217
0.4744296073913574 0.5544295310974121 0.5544295310974121 0.5044295787811279 0.5144295692443848 0.9744294881820679 0.9744294881820679 -0.21664726734161377 -0.026647210121154785 -0.026647210121154785 0.47335267066955566 -0.1366472840309143 0.19335269927978516 0.26335275173187256 0.4033527374267578 0.4033527374267578 0.37903594970703125 0.37903594970703125 0.37903594970703125 0.489035964012146 0.9190359115600586 0.5590358972549438 0.9190359115600586 0.3190358877182007 0.2890359163284302 0.2890359163284302 0.3750474452972412 0.2350473403930664 0.4850473403930664 0.4850473403930664 0.3250473737716675 0.5050474405288696 0.44504737854003906 0.44504737854003906 0.4250473976135254 0.3413769006729126 0.33137691020965576 -0.10862308740615845 0.30137693881988525 0.3813769817352295 0.3813769817352295 0.42137694358825684 0.471376895904541 0.2813769578933716 0.30910253524780273 0.24910247325897217 0.49910247325897217 0.49910247325897217
0.2744295597076416 0.4544295072555542 0.4544295072555542 0.48442959785461426 0.35442960262298584 0.13442957401275635 -0.035570502281188965 -0.7166472971439362 -1.5466472804546356 -1.5466472804546356 -0.7966472804546356 0.22335267066955566 0.29335272312164307 0.29335272312164307 0.38335275650024414 0.4233527183532715 0.4190359115600586 0.4190359115600586 0.3990359306335449 0.9190359115600586 0.40903592109680176 0.43903589248657227 0.4790358543395996 0.3990359306335449 0.3690359592437744 0.3690359592437744 0.9250473976135254 0.3650474548339844 0.3650474548339844 0.4350473880767822 0.3650474548339844 0.22504734992980957 0.22504734992980957 0.4850473403930664 0.4850473403930664 -0.06862306594848633 0.20137691497802734 0.3113769292831421 0.3113769292831421 0.4913768768310547 0.4913768768310547 0.33137691020965576 0.33137691020965576 0.2813769578933716 0.2991025447845459 0.49910247325897217 0.49910247325897217 0.49910247325897217
0.46442949771881104 0.46442949771881104 0.46442949771881104 0.46442949771881104 0.4744296073913574 0.90442955493927 0.16442954540252686 0.11335277557373047 -0.5366473197937012 -0.5366473197937012 0.10335278511047363 0.10335278511047363 0.11335277557373047 0.22335267066955566 0.3033527135848999 0.41335272789001465 0.3890359401702881 0.3890359401702881 0.42903590202331543 0.3490358591079712 0.43903589248657227 0.45903587341308594 0.4490358829498291 0.45903587341308594 0.6890358924865723 0.6890358924865723 0.4050474166870117 0.4950474500656128 0.41504740715026855 0.9250473976135254 0.34504735469818115 0.41504740715026855 0.41504740715026855 0.4850473403930664 0.3950474262237549 0.37137699127197266 0.3213769197463989 0.30137693881988525 0.4913768768310547 0.3213769197463989 0.3213769197463989 0.3413769006729126 0.3213769197463989 0.4913768768310547 0.49910247325897217 0.49910247325897217 0.49910247325897217 0.49910247325897217
0.2744295597076416 0.3744295835494995 0.3744295835494995 0.3944295644760132 0.44442951679229736 0.3644295930862427 0.2944295406341553 0.14335274696350098 0.21335268020629883 0.21335268020629883 0.47335267066955566 -0.06664729118347168 0.4333527088165283 0.28335273265838623 0.393352746963501 0.703352689743042 0.3890359401702881 0.3890359401702881 0.4790358543395996 0.5590358972549438 0.4190359115600586 0.9190359115600586 0.40903592109680176 0.5190359354019165 0.42903590202331543 0.42903590202331543 0.4950474500656128 0.5150474309921265 0.5150474309921265 0.41504740715026855 0.3750474452972412 0.3750474452972412 0.3750474452972412 0.4550473690032959 0.9250473976135254 0.17137694358825684 0.3113769292831421 0.40137696266174316 0.161376953125 0.22137689590454102 0.22137689590454102 0.3113769292831421 0.161376953125 0.30137693881988525 0.49910247325897217 0.49910247325897217 0.49910247325897217 0.49910247325897217
0.344429612159729 0.344429612159729 0.46442949771881104 0.3344295024871826 0.40442955493927 0.4544295072555542 0.2444295883178711 0.18335270881652832 0.19335269927978516 0.19335269927978516 0.23335278034210205 0.28335273265838623 0.1233527660369873 0.2733527421951294 0.09335267543792725 0.5133527517318726 0.40903592109680176 0.40903592109680176 0.20903587341308594 0.3190358877182007 0.3290358781814575 0.3190358877182007 0.25903594493865967 0.5290359258651733 0.3590359687805176 0.3590359687805176 0.3950474262237549 0.9250473976135254 0.3250473737716675 0.38504743576049805 0.38504743576049805 0.355047345161438 0.355047345161438 0.5650473833084106 0.3950474262237549 0.3113769292831421 0.36137688159942627 0.4913768768310547 0.2613769769668579 0.4913768768310547 0.4913768768310547 0.4913768768310547 0.23137688636779785 0.23137688636779785 0.2691025733947754 0.49910247325897217 0.4964708089828491 0.4964708089828491
0.23467063903808594 0.23467063903808594 0.17467057704925537 0.2246706485748291 0.3546706438064575 0.4046705961227417 0.2746706008911133 0.2605479955673218 0.2705479860305786 0.2705479860305786 0.1405479907989502 0.3205479383468628 -0.059452056884765625 0.4705479145050049 0.3205479383468628 0.15054798126220703 0.20377671718597412 0.20377671718597412 0.03377676010131836 0.5337767601013184 0.2237766981124878 0.37377679347991943 0.43377673625946045 0.043776750564575195 0.35377681255340576 0.35377681255340576 0.3610544204711914 0.40105438232421875 0.4110543727874756 0.3810544013977051 0.4210543632507324 0.45105433464050293 0.45105433464050293 0.4210543632507324 0.2610543966293335 0.23226523399353027 0.4922652244567871 0.20226526260375977 0.23226523399353027 0.3822653293609619 0.3822653293609619 0.4922652244567871 0.4922652244567871 0.4922652244567871 0.4964708089828491 0.4964708089828491 0.4964708089828491 0.4964708089828491
0.3746706247329712 0.3746706247329712 0.12467062473297119 0.09467065334320068 0.42467057704925537 0.384670615196228 0.3046705722808838 0.28054797649383545 0.15054798126220703 0.15054798126220703 0.2405480146408081 0.2905479669570923 0.05054795742034912 0.21054792404174805 0.40054798126220703 0.4205479621887207 0.493776798248291 0.493776798248291 0.38377678394317627 0.5637767314910889 0.9137767553329468 0.38377678394317627 0.38377678394317627 0.3637768030166626 0.3637768030166626 0.37377679347991943 0.6210544109344482 0.40105438232421875 0.3910543918609619 0.5210543870925903 0.37105441093444824 0.351054310798645 0.351054310798645 0.061054348945617676 0.25105440616607666 0.27226531505584717 0.17226529121398926 0.4922652244567871 0.2422652244567871 0.22226524353027344 0.22226524353027344 0.26226532459259033 0.4922652244567871 0.4922652244567871 0.4964708089828491 0.4964708089828491 0.4964708089828491 0.4964708089828491
0.4646705389022827 0.4646705389022827 0.23467063903808594 0.2546706199645996 0.3146705627441406 0.26467061042785645 -0.16532939672470093 0.2005479335784912 0.33054792881011963 0.33054792881011963 0.48054802417755127 0.40054798126220703 0.650547981262207 0.22054791450500488 0.33054792881011963 0.35054802894592285 0.493776798248291 0.493776798248291 0.35377681255340576 0.3937767744064331 0.4537767171859741 0.4837768077850342 0.6537767648696899 0.5237767696380615 0.5237767696380615 0.1737767457962036 0.46105432510375977 0.4910544157028198 0.9210543632507324 0.4410543441772461 0.37105441093444824 0.16105437278747559 0.16105437278747559 0.3410543203353882 0.2610543966293335 -0.13773471117019653 0.4922652244567871 0.4922652244567871 0.4922652244567871 0.4922652244567871 0.4922652244567871 0.4922652244567871 0.4922652244567871 0.4922652244567871 0.4964708089828491 0.4964708089828491 0.4964708089828491 0.4964708089828491
0.24467062950134277 0.24467062950134277 0.3546706438064575 0.44467055797576904 0.5246706008911133 0.2546706199645996 0.4646705389022827 0.16054797172546387 0.3005479574203491 0.3005479574203491 0.4705479145050049 0.48054802417755127 0.48054802417755127 0.2905479669570923 0.3205479383468628 0.4205479621887207 0.5237767696380615 0.5237767696380615 0.35377681255340576 0.3937767744064331 0.4537767171859741 0.30377674102783203 -0.18622326850891113 0.13377678394317627 0.13377678394317627 0.4737766981124878 0.3610544204711914 0.30105435848236084 0.45105433464050293 0.5110543966293335 0.5010544061660767 0.2610543966293335 0.2610543966293335 0.25105440616607666 0.48105430603027344 0.20226526260375977 0.3022652864456177 0.32226526737213135 0.32226526737213135 0.4922652244567871 0.4922652244567871 0.4922652244567871 0.4922652244567871 0.4922652244567871 0.4964708089828491 0.4964708089828491 0.4964708089828491 0.4964708089828491
