SimulationData/Scenarios/Waterwolf/Flooding/Uitdammerdijk/1320.asc
ncols        561
nrows        278
xllcorner    4.817258165162
yllcorner    52.370746892638
cellsize     0.000511251697
NODATA_value  -9999
[rows 132 to 153 of 278, columns 336 to 383 of 561]
2.222456455230713 1.6924567222595215 1.1410696506500244 -0.44893038272857666 0.5340993404388428 0.4640994071960449 0.5141417980194092 0.3941417932510376 0.3941417932510376 0.34414172172546387 0.38414180278778076 0.28470635414123535 0.36470627784729004 0.39470624923706055 0.36470627784729004 0.36470627784729004 0.45734941959381104 0.5273493528366089 0.4273494482040405 0.2873493432998657 0.4282364845275879 0.33823657035827637 0.3682365417480469 0.3682365417480469 0.41823649406433105 0.5461781024932861 0.4361780881881714 0.4561781883239746 0.34617817401885986 0.2561781406402588 0.27617812156677246 0.27617812156677246 0.3261781930923462 0.24617815017700195 0.3907049894332886 0.5607049465179443 0.4707050323486328 0.4607049226760864 0.4607049226760864 0.4607049226760864 0.4307049512863159 0.4307049512863159 0.29070496559143066 0.9517049789428711 0.5317050218582153 0.491705060005188 0.491705060005188 0.5017050504684448
2.2424564361572266 1.9124565124511719 1.5610697269439697 0.2510695457458496 0.3240993022918701 0.5640993118286133 0.5741417407989502 0.40414178371429443 0.40414178371429443 0.34414172172546387 0.31414175033569336 0.43470633029937744 0.6647063493728638 0.4447063207626343 0.4447063207626343 0.4447063207626343 0.38734936714172363 0.3473494052886963 0.3173494338989258 0.2973494529724121 0.28823649883270264 0.1782364845275879 0.2982364892959595 0.3603801727294922 0.370380163192749 0.4061781167984009 0.49617815017700195 0.336178183555603 0.3861781358718872 0.22617816925048828 0.2061781883239746 0.2061781883239746 0.2861781120300293 0.3561781644821167 1.120705008506775 1.120705008506775 0.4607049226760864 0.4707050323486328 0.4707050323486328 0.44070494174957275 0.35070502758026123 0.6107050180435181 0.7907049655914307 0.5417050123214722 0.551705002784729 0.4517049789428711 0.4517049789428711 0.46170496940612793
1.8527491092681885 1.7027490139007568 2.072674036026001 2.0626742839813232 1.0300061702728271 0.03000617027282715 0.5265395641326904 0.21653962135314941 0.21653962135314941 0.13512194156646729 0.43512189388275146 0.49528396129608154 1.065284013748169 0.38025009632110596 0.41025006771087646 0.41025006771087646 0.4414074420928955 0.4314073324203491 0.4214073419570923 0.33140742778778076 0.41038012504577637 0.31038010120391846 0.18038010597229004 0.18038010597229004 0.45038020610809326 0.3861781358718872 0.39617812633514404 0.4461780786514282 0.34617817401885986 0.24617815017700195 0.23617815971374512 0.23617815971374512 0.19617807865142822 0.4461780786514282 0.3707050085067749 0.5907050371170044 0.4207049608230591 0.5407049655914307 0.5407049655914307 -0.04929506778717041 0.44070494174957275 0.4907050132751465 0.520704984664917 0.38170504570007324 0.5717049837112427 0.6817049980163574 0.6817049980163574 0.8817050457000732
2.442749261856079 1.9327490329742432 2.02292799949646 1.9029276371002197 1.8427836894989014 1.1027839183807373 0.9527275562286377 0.9427275657653809 0.9427275657653809 0.1211392879486084 -0.7588608264923096 0.5063550472259521 0.4963550567626953 0.4490145444869995 1.0890145301818848 1.0890145301818848 0.5214073657989502 0.5214073657989502 0.38140738010406494 0.48140740394592285 0.35038018226623535 0.3903801441192627 0.2603801488876343 0.2603801488876343 0.2703801393508911 0.336178183555603 0.39617812633514404 0.37617814540863037 0.46617817878723145 0.39617812633514404 0.39617812633514404 0.36617815494537354 0.2861781120300293 0.08617818355560303 0.4307049512863159 1.120705008506775 -0.01929497718811035 -0.36929500102996826 -0.36929500102996826 -0.36929500102996826 0.4607049226760864 0.5307049751281738 0.44070494174957275 0.6117050647735596 0.5017050504684448 0.6317050457000732 0.6317050457000732 0.38170504570007324
2.2627151012420654 2.042715311050415 2.0928285121917725 2.0828287601470947 1.9728286266326904 2.422828435897827 1.742297649383545 1.872297763824463 1.872297763824463 1.5216624736785889 0.89166259765625 0.432689905166626 0.6026899814605713 0.5143262147903442 0.5443261861801147 0.5443261861801147 0.4614819288253784 0.5514818429946899 0.5514818429946899 0.391481876373291 0.3104976415634155 0.41049766540527344 0.3704977035522461 0.3704977035522461 0.1204977035522461 0.30562257766723633 0.37562263011932373 0.37562263011932373 0.4156225919723511 0.5556225776672363 0.5556225776672363 0.4256225824356079 0.35562264919281006 0.32562255859375 0.2302771806716919 0.09027719497680664 -0.10972273349761963 -0.03972280025482178 -0.03972280025482178 0.5502772331237793 0.5402772426605225 0.4902772903442383 0.510277271270752 0.5534827709197998 0.41348278522491455 0.3934828042984009 0.3934828042984009 0.5534827709197998
2.2027151584625244 1.9527151584625244 2.172828435897827 2.2028286457061768 1.9828288555145264 1.7028286457061768 1.7722978591918945 1.7722978591918945 1.7222976684570312 1.331662654876709 0.7516624927520752 0.432689905166626 0.5826900005340576 0.564326286315918 0.5143262147903442 0.5143262147903442 0.6214818954467773 0.2614818811416626 0.4414818286895752 0.4414818286895752 0.3504977226257324 0.20049762725830078 0.36049771308898926 0.36049771308898926 1.1104977130889893 0.4256225824356079 0.18562257289886475 0.40562260150909424 0.35562264919281006 0.3656226396560669 0.3656226396560669 0.25562262535095215 0.43562257289886475 1.1256226301193237 0.3002772331237793 0.09027719497680664 0.2802772521972656 0.5202772617340088 0.5202772617340088 0.5002772808074951 0.4902772903442383 0.4502772092819214 0.4802771806716919 0.4234827756881714 0.4534827470779419 0.4934828281402588 0.4934828281402588 0.5734827518463135
2.2127153873443604 2.8027150630950928 2.0928285121917725 1.8928287029266357 1.572828769683838 1.6428287029266357 0.8620173931121826 0.8620173931121826 -1.287982702255249 0.4878520965576172 0.6278520822525024 0.7967739105224609 0.5867739915847778 0.3361290693283081 0.43612897396087646 0.43612897396087646 0.47148191928863525 0.4614819288253784 0.5114818811416626 0.4814819097518921 0.46049773693084717 0.5404976606369019 0.3704977035522461 0.3704977035522461 0.4004976749420166 0.3656226396560669 0.4456225633621216 0.37562263011932373 0.5256226062774658 0.40562260150909424 0.40562260150909424 0.38562262058258057 0.2756226062774658 0.32562255859375 0.17027723789215088 0.26027727127075195 -0.06972277164459229 0.3702772855758667 0.3702772855758667 0.4202772378921509 0.4802771806716919 0.4802771806716919 0.31027722358703613 0.38348281383514404 0.4934828281402588 0.603482723236084 0.603482723236084 0.543482780456543
2.192643880844116 2.8026435375213623 1.9625887870788574 1.7525887489318848 1.5624032020568848 1.0024030208587646 0.4392582178115845 0.4392582178115845 0.6092582941055298 0.5797641277313232 0.5797641277313232 0.4715414047241211 0.4315413236618042 0.19154131412506104 0.36154139041900635 0.36154139041900635 0.4039219617843628 0.3439220190048218 0.5639219284057617 0.5339219570159912 0.519971489906311 0.5299714803695679 0.4799715280532837 0.4799715280532837 0.3499715328216553 0.35562264919281006 0.4156225919723511 0.515622615814209 0.3956226110458374 0.38562262058258057 0.38562262058258057 0.31562256813049316 0.1156226396560669 0.40562260150909424 0.2802772521972656 0.18027722835540771 -0.1997227668762207 0.36027729511260986 0.36027729511260986 0.5002772808074951 0.44027721881866455 0.3302772045135498 0.3302772045135498 1.1434828042984009 0.5634827613830566 0.5534827709197998 0.5534827709197998 0.4034827947616577
2.132643461227417 1.582643747329712 1.9125885963439941 1.732588768005371 2.802402973175049 -1.0075969696044922 0.6192582845687866 0.6192582845687866 0.599258303642273 0.499764084815979 0.5497640371322632 0.571541428565979 0.541541337966919 0.46154141426086426 0.39154136180877686 0.39154136180877686 0.32392191886901855 0.33392202854156494 0.48392200469970703 0.5139219760894775 0.6299715042114258 1.119971513748169 0.4399714469909668 0.4399714469909668 0.5099714994430542 0.5256226062774658 0.57562255859375 0.47562265396118164 0.35562264919281006 0.2456226348876953 0.2456226348876953 0.13562262058258057 0.30562257766723633 0.5556225776672363 0.5202772617340088 0.4902772903442383 0.1202772855758667 0.5502772331237793 0.5502772331237793 1.1402772665023804 0.4502772092819214 0.4902772903442383 0.5202772617340088 0.543482780456543 0.5334827899932861 0.5334827899932861 0.4234827756881714 0.2734827995300293
1.8126437664031982 1.9026434421539307 1.6826183795928955 1.3526184558868408 0.6023025512695312 -0.757697582244873 0.45030128955841064 0.45030128955841064 0.5203012228012085 0.5306490659713745 0.49064910411834717 0.48154139518737793 0.5115413665771484 0.4115413427352905 0.44154131412506104 0.44154131412506104 0.44392192363739014 0.4339219331741333 0.48392200469970703 0.49392199516296387 0.5699714422225952 0.67997145652771 0.67997145652771 0.5899715423583984 0.5099714994430542 0.5256226062774658 0.40562260150909424 0.5056226253509521 0.40562260150909424 0.31562256813049316 0.31562256813049316 0.3656226396560669 0.6356226205825806 0.7856225967407227 0.4902772903442383 0.5402772426605225 0.5402772426605225 0.4002772569656372 0.4002772569656372 0.4802771806716919 1.1402772665023804 0.5502772331237793 0.5402772426605225 1.1434828042984009 0.4034827947616577 0.4034827947616577 0.28348278999328613 -0.5365172028541565
1.602640151977539 1.7526402473449707 0.7426190376281738 0.36261916160583496 0.02210235595703125 -1.0578975677490234 0.8417015075683594 0.8417015075683594 0.4017014503479004 0.4017014503479004 0.3817014694213867 0.397167444229126 0.397167444229126 0.2471674680709839 0.44716739654541016 0.44716739654541016 0.4212620258331299 0.601262092590332 0.5312620401382446 0.5212620496749878 0.571262001991272 0.6412620544433594 0.6412620544433594 0.8012620210647583 0.5412620306015015 0.5224207639694214 0.452420711517334 0.5424207448959351 0.2324206829071045 0.6924207210540771 0.6924207210540771 0.5824207067489624 0.9024207592010498 0.5524207353591919 0.5777515172958374 0.5877515077590942 0.9977514743804932 0.6177515983581543 0.6177515983581543 0.6277515888214111 0.5077515840530396 0.3677515983581543 0.25775158405303955 0.4816620349884033 0.5116621255874634 0.5116621255874634 -0.47833794355392456 -0.05833792686462402
0.37465035915374756 0.1946502923965454 0.19639849662780762 0.006398558616638184 -0.49347782135009766 0.28652215003967285 0.3017014265060425 0.3017014265060425 0.39170145988464355 0.42170143127441406 0.4117014408111572 0.13716745376586914 0.16716742515563965 0.44716739654541016 0.38716745376586914 0.38716745376586914 0.4312620162963867 0.601262092590332 0.5312620401382446 0.5912619829177856 0.4012620449066162 0.22126197814941406 0.22126197814941406 0.3712620735168457 0.41126203536987305 0.5224207639694214 1.142420768737793 0.7124207019805908 0.8024207353591919 0.7524207830429077 0.7524207830429077 0.642420768737793 0.5124207735061646 0.6124207973480225 0.6477515697479248 0.5677515268325806 0.6677515506744385 0.5577515363693237 0.5577515363693237 0.5577515363693237 0.5877515077590942 0.5277515649795532 0.9877514839172363 -0.31833791732788086 0.501662015914917 0.501662015914917 0.43166208267211914 0.2716621160507202
0.314650297164917 0.40465033054351807 0.8863985538482666 0.03639853000640869 0.06652224063873291 -0.43347781896591187 0.44170141220092773 0.44170141220092773 0.271701455116272 0.5417014360427856 0.3017014265060425 0.2471674680709839 0.2471674680709839 0.18716740608215332 0.10716748237609863 0.10716748237609863 0.601262092590332 0.5612620115280151 0.5512620210647583 0.511262059211731 0.22126197814941406 0.35126209259033203 0.35126209259033203 0.3712620735168457 0.4312620162963867 0.7924207448959351 0.642420768737793 0.7424207925796509 1.1124207973480225 0.6924207210540771 0.6924207210540771 1.0624208450317383 0.6924207210540771 0.6324207782745361 0.9877514839172363 0.5077515840530396 0.6477515697479248 0.637751579284668 0.637751579284668 0.6177515983581543 0.5377515554428101 0.5277515649795532 -0.22224843502044678 0.501662015914917 0.4216620922088623 0.4216620922088623 0.36166203022003174 0.4716620445251465
0.16928637027740479 0.15928637981414795 0.17831218242645264 0.17831218242645264 -0.53168785572052 -0.0816878080368042 -0.12361347675323486 -0.28361350297927856 -0.10361349582672119 -0.043613433837890625 0.446386456489563 0.10470342636108398 0.27470338344573975 0.2547034025192261 0.2647033929824829 0.2647033929824829 0.14126205444335938 0.2012619972229004 0.3712620735168457 0.321262001991272 0.1212620735168457 0.6212620735168457 0.6212620735168457 1.1312620639801025 0.6912620067596436 1.142420768737793 0.7924207448959351 0.7524207830429077 0.8324207067489624 0.6224207878112793 0.6224207878112793 0.6324207782745361 0.6324207782745361 0.6324207782745361 0.6477515697479248 0.5577515363693237 0.5577515363693237 0.5677515268325806 0.5677515268325806 0.5977514982223511 -0.19224846363067627 0.48775148391723633 0.5777515172958374 0.5516620874404907 0.23166203498840332 0.23166203498840332 0.28166210651397705 1.0116620063781738
-0.12071359157562256 -0.08071362972259521 -0.011687874794006348 -0.12168776988983154 -1.4916878193616867 -1.681687831878662 -0.663613498210907 -0.663613498210907 -0.5136134624481201 -0.21361351013183594 0.18638646602630615 0.2947033643722534 0.18470335006713867 0.3647034168243408 0.2947033643722534 0.2947033643722534 0.22126197814941406 0.41126203536987305 0.41126203536987305 0.3012620210647583 0.6312620639801025 0.6312620639801025 0.6312620639801025 0.661262035369873 0.7112619876861572 0.8624207973480225 1.0424206256866455 0.8724207878112793 1.142420768737793 0.6224207878112793 0.6224207878112793 0.5924206972122192 0.6824207305908203 0.6124207973480225 0.5777515172958374 0.637751579284668 0.6177515983581543 0.6177515983581543 0.6077514886856079 -0.40224844217300415 0.48775148391723633 0.9977514743804932 0.6277515888214111 0.6416621208190918 0.5616620779037476 0.5616620779037476 0.41166210174560547 0.3216620683670044
0.25928640365600586 -0.0007135868072509766 -0.13168776035308838 -0.20168781280517578 -0.3616878390312195 -1.2216878235340118 -0.733613520860672 -0.733613520860672 -0.8036134839057922 0.1463865041732788 0.15638649463653564 0.09470343589782715 0.2647033929824829 0.3247033357620239 0.4847034215927124 0.4847034215927124 0.2712620496749878 -0.01873791217803955 0.571262001991272 0.7912620306015015 0.571262001991272 0.47126197814941406 0.47126197814941406 0.6512620449066162 0.7812620401382446 1.0424206256866455 0.7224206924438477 0.6924207210540771 1.142420768737793 0.6824207305908203 0.6824207305908203 0.6524207592010498 1.142420768737793 0.6324207782745361 0.6177515983581543 0.6077514886856079 0.33775150775909424 0.33775150775909424 -0.6322484612464905 0.48775148391723633 0.5377515554428101 0.5977514982223511 0.5977514982223511 0.6716620922088623 0.6797826290130615 0.6797826290130615 0.6297825574874878 0.5097825527191162
0.3870244026184082 0.29702436923980713 0.2449018955230713 -0.4150981307029724 -1.1150981485843658 -1.0950981378555298 -0.7115610539913177 -0.7115610539913177 0.4484388828277588 -0.19156098365783691 -0.07156109809875488 -0.3563312292098999 0.15366876125335693 -0.1363312005996704 -0.1363312005996704 -0.21633124351501465 -0.26843947172164917 -0.22843945026397705 0.5315605401992798 0.7215604782104492 0.831560492515564 0.7815605401992798 0.7815605401992798 1.0915606021881104 0.8815605640411377 1.110999345779419 0.760999321937561 0.6809992790222168 0.6309993267059326 0.67099928855896 0.67099928855896 1.1509993076324463 0.6309993267059326 -0.11900073289871216 -0.27906346321105957 0.5009365081787109 0.5509365797042847 0.5509365797042847 0.6009365320205688 0.5009365081787109 0.5009365081787109 0.5809365510940552 0.7109365463256836 0.7697826623916626 0.7597825527191162 0.7597825527191162 0.6797826290130615 0.6397826671600342
0.5070244073867798 0.057024359703063965 -0.2250981330871582 -0.2550981044769287 -0.5950981378555298 -1.1050981432199478 -0.6015610694885254 -0.6015610694885254 -0.4415610432624817 0.06843888759613037 -0.531561017036438 -0.09633123874664307 -0.49633121490478516 -0.21633124351501465 -0.21633124351501465 -0.2863312363624573 -0.39843952655792236 -0.44843947887420654 -0.2484394907951355 0.581560492515564 0.5415605306625366 0.6015604734420776 0.6015604734420776 0.7015604972839355 0.611560583114624 0.6609992980957031 1.1509993076324463 0.6109992265701294 0.6109992265701294 0.5609992742538452 0.5609992742538452 0.4909992218017578 -0.6090007126331329 0.4909992218017578 0.6109365224838257 0.5609365701675415 0.5609365701675415 0.5609365701675415 0.530936598777771 0.5809365510940552 0.530936598777771 0.7609366178512573 0.780936598777771 0.899782657623291 1.1597826480865479 1.1597826480865479 0.7397825717926025 0.649782657623291
0.21663439273834229 0.0666344165802002 0.015056371688842773 -0.2949436902999878 -0.864943653345108 -1.4749436527490616 0.4679640531539917 0.4679640531539917 -1.182035893201828 -0.8220358788967133 -0.9420358836650848 -0.4218040108680725 -0.2718040347099304 -0.531804084777832 -0.531804084777832 -0.3218040466308594 -0.12843948602676392 -0.2484394907951355 -0.3784394860267639 -0.5384394526481628 -0.6184394657611847 0.5915604829788208 0.5915604829788208 0.5715605020523071 0.5415605306625366 0.6609992980957031 0.27099931240081787 -0.3490006923675537 0.4909992218017578 0.1109992265701294 0.1109992265701294 0.7209992408752441 0.6409993171691895 0.6009992361068726 0.6009365320205688 0.6009365320205688 0.7109365463256836 0.7109365463256836 0.8109365701675415 0.6809365749359131 0.6209365129470825 0.590936541557312 0.7509365081787109 0.5297826528549194 0.9497826099395752 0.9497826099395752 0.3497825860977173 0.43978261947631836
0.17663443088531494 0.15663444995880127 0.3050563335418701 -0.0049436092376708984 -0.11494362354278564 -0.7549436688423157 -0.8020358979701996 -0.8020358979701996 -0.2720358967781067 0.4679640531539917 -0.4920358657836914 -1.1218040268868208 -0.03180408477783203 -0.0518040657043457 -0.0518040657043457 -0.15180402994155884 -0.6084394752979279 -0.6584394872188568 -0.6784394681453705 -0.6384395062923431 -0.6484394967556 -0.5784395039081573 -0.5784395039081573 0.6215605735778809 0.39156055450439453 -0.29900074005126953 -0.2790006995201111 0.4909992218017578 0.7009992599487305 0.6109992265701294 0.6109992265701294 0.6209993362426758 0.67099928855896 0.9709992408752441 0.6609365940093994 0.780936598777771 0.6609365940093994 0.6609365940093994 0.6709365844726562 0.5509365797042847 0.590936541557312 0.5609365701675415 0.8709365129470825 0.3497825860977173 0.4497826099395752 0.4497826099395752 0.33978259563446045 0.33978259563446045
0.17663443088531494 0.18663442134857178 0.16505634784698486 0.04505634307861328 0.21505630016326904 -0.5849436521530151 -0.8520358949899673 -0.8520358949899673 -0.5320358872413635 0.4679640531539917 0.4679640531539917 -0.5518040060997009 -1.0818040370941162 -0.5218040347099304 -0.5218040347099304 -0.3218040466308594 -0.5384395122528076 -0.42843949794769287 -0.07843947410583496 -0.29843950271606445 -0.26843947172164917 -0.828439474105835 -0.828439474105835 0.48156046867370605 0.9915604591369629 0.6209993362426758 0.5909992456436157 0.6909992694854736 0.6309993267059326 0.6309993267059326 0.6409993171691895 0.8809993267059326 0.7409992218017578 0.6509993076324463 1.0109364986419678 0.5209366083145142 0.5509365797042847 0.5509365797042847 0.9109365940093994 0.5109366178512573 0.4309365749359131 0.5509365797042847 0.30093657970428467 0.24978256225585938 0.36978256702423096 0.36978256702423096 0.3597825765609741 0.2597825527191162
0.19341230392456055 0.17341232299804688 0.10113632678985596 -0.12886369228363037 -0.3792247772216797 -0.2592248320579529 0.46566057205200195 0.46566057205200195 0.46566057205200195 0.46822452545166016 0.46822452545166016 -0.34101390838623047 -1.0410139113664627 0.16898608207702637 0.16898608207702637 -0.0710139274597168 0.08981692790985107 -0.07018303871154785 -0.790183037519455 -1.090183038264513 -0.42355167865753174 0.1164482831954956 0.1164482831954956 0.4864482879638672 0.5264483690261841 0.6306092739105225 0.6206091642379761 0.46060919761657715 0.6306092739105225 0.6306092739105225 0.6206091642379761 0.660609245300293 0.8006092309951782 0.7106091976165771 0.6805473566055298 0.5805473327636719 0.5405473709106445 0.5405473709106445 0.4105473756790161 0.4239966869354248 0.28399670124053955 0.1339966058731079 0.21399664878845215 0.32717299461364746 0.2371729612350464 0.2371729612350464 0.1871730089187622 0.25717294216156006
