SimulationData/Scenarios/Waterwolf/Flooding/Uitdammerdijk/1320.asc
ncols        561
nrows        278
xllcorner    4.817258165162
yllcorner    52.370746892638
cellsize     0.000511251697
NODATA_value  -9999
[rows 84 to 111 of 278, columns 384 to 447 of 561]
0.2729843854904175 0.2729843854904175 0.2727013826370239 0.2727013826370239 -9999 -9999 -9999 -9999 -9999 -9999 -9999 -9999 -9999 -9999 -9999 -9999 -9999 -9999 -9999 -9999 -9999 -9999 -9999 -9999 -9999 -9999 -9999 -9999 -9999 -9999 -9999 -9999 -9999 -9999 -9999 -9999 -9999 -9999 -9999 -9999 -9999 -9999 -9999 -9999 -9999 -9999 -9999 -9999 -9999 -9999 -9999 -9999 -9999 -9999 -9999 -9999 -9999 -9999 -9999 -9999 -9999 -9999 -9999 -9999
0.2729843854904175 0.2729843854904175 0.2727013826370239 0.2727013826370239 -9999 -9999 -9999 -9999 -9999 -9999 -9999 -9999 -9999 -9999 -9999 -9999 -9999 -9999 -9999 -9999 -9999 -9999 -9999 -9999 -9999 -9999 -9999 -9999 -9999 -9999 -9999 -9999 -9999 -9999 -9999 -9999 -9999 -9999 -9999 -9999 -9999 -9999 -9999 -9999 -9999 -9999 -9999 -9999 -9999 -9999 -9999 -9999 -9999 -9999 -9999 -9999 -9999 -9999 -9999 -9999 -9999 -9999 -9999 -9999
0.9529848098754883 0.9529848098754883 0.9528368711471558 0.9528368711471558 0 0 0 0 0 -9999 -9999 -9999 -9999 -9999 -9999 -9999 -9999 -9999 -9999 -9999 -9999 -9999 -9999 -9999 -9999 -9999 -9999 -9999 -9999 -9999 -9999 -9999 -9999 -9999 -9999 -9999 -9999 -9999 -9999 -9999 -9999 -9999 -9999 -9999 -9999 -9999 -9999 -9999 -9999 -9999 -9999 -9999 -9999 -9999 -9999 -9999 -9999 -9999 -9999 -9999 -9999 -9999 -9999 -9999
0.9528263807296753 0.9528263807296753 0.9527159929275513 0.9527159929275513 0.33247876167297363 0.33247876167297363 0.26200389862060547 0.26200389862060547 0.26200389862060547 -9999 -9999 -9999 -9999 -9999 -9999 -9999 -9999 -9999 -9999 -9999 -9999 -9999 -9999 -9999 -9999 -9999 -9999 -9999 -9999 -9999 -9999 -9999 -9999 -9999 -9999 -9999 -9999 -9999 -9999 -9999 -9999 -9999 -9999 -9999 -9999 -9999 -9999 -9999 -9999 -9999 -9999 -9999 -9999 -9999 -9999 -9999 -9999 -9999 -9999 -9999 -9999 -9999 -9999 -9999
0.9524866342544556 0.9524866342544556 0.9524866342544556 0.9524866342544556 0.9522485733032227 0.9522485733032227 0.9520583152770996 0.9520583152770996 0.9520583152770996 0.2620117664337158 0.2620117664337158 0 0 0 0 0 0 0 0 0 -9999 -9999 -9999 -9999 -9999 -9999 -9999 -9999 -9999 -9999 -9999 -9999 -9999 -9999 -9999 -9999 -9999 -9999 -9999 -9999 -9999 -9999 -9999 -9999 -9999 -9999 -9999 -9999 -9999 -9999 -9999 -9999 -9999 -9999 -9999 -9999 -9999 -9999 -9999 -9999 -9999 -9999 -9999 -9999
0.9524866342544556 0.9524866342544556 0.9524866342544556 0.9524866342544556 0.9522485733032227 0.9522485733032227 0.9520583152770996 0.9520583152770996 0.9520583152770996 0.2620117664337158 0.2620117664337158 0 0 0 0 0 0 0 0 0 -9999 -9999 -9999 -9999 -9999 -9999 -9999 -9999 -9999 -9999 -9999 -9999 -9999 -9999 -9999 -9999 -9999 -9999 -9999 -9999 -9999 -9999 -9999 -9999 -9999 -9999 -9999 -9999 -9999 -9999 -9999 -9999 -9999 -9999 -9999 -9999 -9999 -9999 -9999 -9999 -9999 -9999 -9999 -9999
0.9524866342544556 0.9524866342544556 0.9524866342544556 0.9524866342544556 0.9520435333251953 0.9520435333251953 0.9519202709197998 0.9519202709197998 0.9519202709197998 0.9510339498519897 0.9510339498519897 0.9509191513061523 0.9509191513061523 0.9506204128265381 0.9506204128265381 0.9506204128265381 0.950563907623291 0.950563907623291 0.9704833030700684 0.9704833030700684 0.9504468441009521 0.9504468441009521 0.0975029468536377 0.0975029468536377 0.0975029468536377 0.042322397232055664 0.042322397232055664 -9999 -9999 -9999 -9999 -9999 -9999 -9999 -9999 -9999 -9999 -9999 -9999 -9999 -9999 -9999 -9999 -9999 -9999 -9999 -9999 -9999 -9999 -9999 -9999 -9999 -9999 -9999 -9999 -9999 -9999 -9999 -9999 -9999 -9999 -9999 -9999 -9999
0.9524092674255371 0.9524092674255371 0.9524092674255371 0.9524092674255371 0.9517173767089844 0.9517173767089844 0.9517173767089844 0.9517173767089844 0.9517173767089844 0.9508888721466064 0.9508888721466064 0.9508888721466064 0.9508888721466064 0.9505912065505981 0.9505912065505981 0.9505912065505981 0.9505912065505981 0.9505912065505981 1.0104812383651733 1.0104812383651733 0.9504128694534302 0.9504128694534302 0.950360894203186 0.950360894203186 0.950360894203186 0.9503511190414429 0.9503511190414429 0.26032936573028564 0.26032936573028564 0 0 0 0 0 0 0 -9999 -9999 -9999 -9999 -9999 0 0 0 0 0 0 0 0 0 -9999 -9999 -9999 -9999 -9999 -9999 -9999 -9999 -9999 -9999 -9999 -9999 -9999 -9999
0.9524092674255371 0.9524092674255371 0.9524092674255371 0.9524092674255371 0.9517173767089844 0.9517173767089844 0.9517173767089844 0.9517173767089844 0.9517173767089844 0.9508888721466064 0.9508888721466064 0.9508888721466064 0.9508888721466064 0.9505912065505981 0.9505912065505981 0.9505912065505981 0.9505912065505981 0.9505912065505981 1.0104812383651733 1.0104812383651733 0.9504128694534302 0.9504128694534302 0.950360894203186 0.950360894203186 0.950360894203186 0.9503511190414429 0.9503511190414429 0.26032936573028564 0.26032936573028564 0 0 0 0 0 0 0 -9999 -9999 -9999 -9999 -9999 0 0 0 0 0 0 0 0 0 -9999 -9999 -9999 -9999 -9999 -9999 -9999 -9999 -9999 -9999 -9999 -9999 -9999 -9999
0.9524092674255371 0.9524092674255371 0.9524092674255371 0.9524092674255371 0.9517173767089844 0.9517173767089844 0.9517173767089844 0.9517173767089844 0.9517173767089844 0.9508888721466064 0.9508888721466064 0.9508888721466064 0.9508888721466064 0.9505912065505981 0.9505912065505981 0.9505912065505981 0.9505912065505981 0.9505912065505981 0.9504553079605103 0.9504553079605103 0.9503755569458008 0.9503755569458008 0.9503504037857056 0.9503504037857056 0.9503504037857056 0.950356125831604 0.950356125831604 0.9503687620162964 0.9503687620162964 0.8598886728286743 0.8598886728286743 0.8598886728286743 0 0 0 0 -9999 -9999 -9999 -9999 -9999 0 0 0 0 0 0 0 0 0 -9999 -9999 -9999 -9999 -9999 -9999 -9999 -9999 -9999 -9999 -9999 -9999 -9999 -9999
0.9524092674255371 0.9524092674255371 0.9524092674255371 0.9524092674255371 0.9614388942718506 0.9614388942718506 0.9614388942718506 0.9614388942718506 0.9614388942718506 0.9506800174713135 0.9506800174713135 0.9506800174713135 0.9506800174713135 0.9504151344299316 0.9504151344299316 0.9504151344299316 0.9504151344299316 0.9504151344299316 0.9503209590911865 0.9503209590911865 0.9503209590911865 0.9503209590911865 0.9503315687179565 0.9503315687179565 0.9503315687179565 0.9503592252731323 0.9503592252731323 0.9504270553588867 0.9504270553588867 0.9506593942642212 0.9506593942642212 0.9506593942642212 0.2608470916748047 0.2608470916748047 0.2608470916748047 0.2608470916748047 0.24351119995117188 0.24351119995117188 0.24351119995117188 0.24351119995117188 0.24351119995117188 0 0 0 0 0 0 0 0 0 -9999 -9999 -9999 -9999 -9999 -9999 -9999 -9999 -9999 -9999 -9999 -9999 -9999 -9999
0.9524092674255371 0.9524092674255371 0.9524092674255371 0.9524092674255371 0.9614388942718506 0.9614388942718506 0.9614388942718506 0.9614388942718506 0.9614388942718506 0.9506800174713135 0.9506800174713135 0.9506800174713135 0.9506800174713135 0.9504151344299316 0.9504151344299316 0.9504151344299316 0.9504151344299316 0.9504151344299316 0.9503209590911865 0.9503209590911865 0.9503209590911865 0.9503209590911865 0.9502662420272827 0.9502662420272827 0.9502662420272827 0.40032362937927246 0.40032362937927246 0.2907755374908447 0.2907755374908447 0.28080570697784424 0.28080570697784424 0.28080570697784424 0.2608470916748047 0.2608470916748047 0.2608470916748047 0.2608470916748047 0.24351119995117188 0.24351119995117188 0.24351119995117188 0.24351119995117188 0.24351119995117188 0 0 0 0 0 0 0 0 0 -9999 -9999 -9999 -9999 -9999 -9999 -9999 -9999 -9999 -9999 -9999 -9999 -9999 -9999
0.9524092674255371 0.9524092674255371 0.9524092674255371 0.9524092674255371 0.9614388942718506 0.9614388942718506 0.9614388942718506 0.9614388942718506 0.9614388942718506 0.9506800174713135 0.9506800174713135 0.9506800174713135 0.9506800174713135 0.9504151344299316 0.9504151344299316 0.9504151344299316 0.9504151344299316 0.9504151344299316 0.9503209590911865 0.9503209590911865 0.9503209590911865 0.9503209590911865 0.9502662420272827 0.9502662420272827 0.9502662420272827 0.40032362937927246 0.40032362937927246 0.2907755374908447 0.2907755374908447 0.28080570697784424 0.28080570697784424 0.28080570697784424 0.2608470916748047 0.2608470916748047 0.2608470916748047 0.2608470916748047 0.24351119995117188 0.24351119995117188 0.24351119995117188 0.24351119995117188 0.24351119995117188 0 0 0 0 0 0 0 0 0 -9999 -9999 -9999 -9999 -9999 -9999 -9999 -9999 -9999 -9999 -9999 -9999 -9999 -9999
0.951714038848877 0.951714038848877 0.951714038848877 0.951714038848877 0.9504009485244751 0.9504009485244751 0.9504009485244751 0.9504009485244751 0.9504009485244751 0.9899463653564453 0.9899463653564453 0.9899463653564453 0.9899463653564453 0.9498728513717651 0.9498728513717651 0.9498728513717651 0.9498728513717651 0.9498728513717651 1.0000218152999878 1.0000218152999878 1.0000218152999878 1.0000218152999878 0.9501395225524902 0.9501395225524902 0.9501395225524902 0.05012929439544678 0.05012929439544678 0.26076948642730713 0.26076948642730713 0.2608879804611206 0.2608879804611206 0.2608879804611206 0.26086223125457764 0.26086223125457764 0.2723236083984375 0.2723236083984375 0.27352237701416016 0.27352237701416016 0.27352237701416016 0.27352237701416016 0.27352237701416016 0 0 0 0 0 0 0 0 0 0 0 0 0 0 0 0 0 0 0 0 0 0 0
0.951714038848877 0.951714038848877 0.951714038848877 0.951714038848877 0.9504009485244751 0.9504009485244751 0.9504009485244751 0.9504009485244751 0.9504009485244751 0.9899463653564453 0.9899463653564453 0.9899463653564453 0.9899463653564453 0.9498728513717651 0.9498728513717651 0.9498728513717651 0.9498728513717651 0.9498728513717651 1.0000218152999878 1.0000218152999878 1.0000218152999878 1.0000218152999878 0.9501605033874512 0.9501605033874512 0.9501605033874512 0.29033052921295166 0.29033052921295166 0.2607830762863159 0.2607830762863159 0.31100189685821533 0.31100189685821533 0.31100189685821533 0.29157841205596924 0.29157841205596924 0.2917836904525757 0.2917836904525757 0.27352237701416016 0.27352237701416016 0.27352237701416016 0.27352237701416016 0.27352237701416016 0 0 0 0 0 0 0 0 0 0 0 0 0 0 0 0 0 0 0 0 0 0 0
0.951714038848877 0.951714038848877 0.951714038848877 0.951714038848877 0.9504009485244751 0.9504009485244751 0.9504009485244751 0.9504009485244751 0.9504009485244751 0.9899463653564453 0.9899463653564453 0.9899463653564453 0.9899463653564453 0.9498728513717651 0.9498728513717651 0.9498728513717651 0.9498728513717651 0.9498728513717651 1.0000218152999878 1.0000218152999878 1.0000218152999878 1.0000218152999878 0.9501605033874512 0.9501605033874512 0.9501605033874512 0.29033052921295166 0.29033052921295166 0.2607830762863159 0.2607830762863159 0.31100189685821533 0.31100189685821533 0.31100189685821533 0.29157841205596924 0.29157841205596924 0.2917836904525757 0.2917836904525757 0.27352237701416016 0.27352237701416016 0.27352237701416016 0.27352237701416016 0.27352237701416016 0 0 0 0 0 0 0 0 0 0 0 0 0 0 0 0 0 0 0 0 0 0 0
0.950019359588623 0.950019359588623 0.950019359588623 0.950019359588623 0.9489994049072266 0.9489994049072266 0.9489994049072266 0.9489994049072266 0.9489994049072266 0.9488070011138916 0.9488070011138916 0.9488070011138916 0.9488070011138916 0.9591214656829834 0.9591214656829834 0.9591214656829834 0.9591214656829834 0.9591214656829834 0.9497863054275513 0.9497863054275513 0.9497863054275513 0.9497863054275513 0.9505035877227783 0.9505035877227783 0.9505035877227783 0.9505035877227783 0.9505035877227783 0.9510259628295898 0.9510259628295898 0.9510259628295898 0.9510259628295898 0.9510259628295898 0.9516417980194092 0.9516417980194092 0.3236360549926758 0.3236360549926758 0.45278429985046387 0.45278429985046387 0.45278429985046387 0.45278429985046387 0.45278429985046387 0 0 0 0 0 0 0 0 0 0 0 0 0 0 0 0 0 0 0 0 0 0 0
0.950019359588623 0.950019359588623 0.950019359588623 0.950019359588623 0.9489994049072266 0.9489994049072266 0.9489994049072266 0.9489994049072266 0.9489994049072266 0.9488070011138916 0.9488070011138916 0.9488070011138916 0.9488070011138916 0.9591214656829834 0.9591214656829834 0.9591214656829834 0.9591214656829834 0.9591214656829834 0.9497863054275513 0.9497863054275513 0.9497863054275513 0.9497863054275513 0.9497863054275513 0.9505035877227783 0.9505035877227783 0.9505035877227783 0.9505035877227783 0.9510259628295898 0.9510259628295898 0.9510259628295898 0.9510259628295898 0.9510259628295898 0.9991707801818848 0.9991707801818848 0.31412410736083984 0.31412410736083984 0.45278429985046387 0.45278429985046387 0.45278429985046387 0.45278429985046387 0.45278429985046387 0 0 0 0 0 0 0 0 0 0 0 0 0 0 0 0 0 0 0 0 0 0 0
0.9486662149429321 0.9486662149429321 1.0879368782043457 1.0879368782043457 0.9885438680648804 0.9885438680648804 0.9076263904571533 0.9076263904571533 0.9076263904571533 0.9474705457687378 0.9474705457687378 0.9474481344223022 0.9474481344223022 0.6576169729232788 0.6576169729232788 0.6576169729232788 0.968677282333374 0.968677282333374 0.9888252019882202 0.9888252019882202 0.5804561376571655 0.5804561376571655 0.5804561376571655 0.9509655237197876 0.9509655237197876 0.951124906539917 0.951124906539917 0.9514435529708862 0.9514435529708862 0.9514435529708862 0.9514435529708862 0.9514435529708862 0.9998911619186401 0.9998911619186401 0.315349817276001 0.315349817276001 0.4530287981033325 0.4530287981033325 0.4530287981033325 0.4530287981033325 0.4530287981033325 0.5117180347442627 0.5117180347442627 0.5117180347442627 0.5117180347442627 0.5117180347442627 0.5117180347442627 0.5117180347442627 0.5117180347442627 0.5117180347442627 0 0 0 0 0 0 0 0 0 0 0 0 0 0
0.9486662149429321 0.9486662149429321 1.0879368782043457 1.0879368782043457 0.9885438680648804 0.9885438680648804 0.9076263904571533 0.9076263904571533 0.9076263904571533 0.9474705457687378 0.9474705457687378 0.9474481344223022 0.9474481344223022 0.6576169729232788 0.6576169729232788 0.6576169729232788 0.968677282333374 0.968677282333374 0.9888252019882202 0.9888252019882202 0.5804561376571655 0.5804561376571655 0.5804561376571655 0.9509655237197876 0.9509655237197876 0.951124906539917 0.951124906539917 0.9514435529708862 0.9514435529708862 0.9514435529708862 0.9514435529708862 0.9514435529708862 0.9998911619186401 0.9998911619186401 0.315349817276001 0.315349817276001 0.4530287981033325 0.4530287981033325 0.4530287981033325 0.4530287981033325 0.4530287981033325 0.5117180347442627 0.5117180347442627 0.5117180347442627 0.5117180347442627 0.5117180347442627 0.5117180347442627 0.5117180347442627 0.5117180347442627 0.5117180347442627 0 0 0 0 0 0 0 0 0 0 0 0 0 0
1.0777637958526611 1.0777637958526611 1.2153902053833008 1.2153902053833008 1.489013433456421 1.489013433456421 1.006788969039917 1.006788969039917 1.006788969039917 1.167572259902954 1.167572259902954 1.5375950336456299 1.5375950336456299 1.5775494575500488 1.5775494575500488 1.5775494575500488 1.5774257183074951 1.5774257183074951 1.377591609954834 1.377591609954834 0.9507731199264526 0.9507731199264526 0.9507731199264526 0.951167106628418 0.951167106628418 0.5814367532730103 0.5814367532730103 0.9514435529708862 0.9514435529708862 0.9514435529708862 0.9514435529708862 0.9514435529708862 0.3160591125488281 0.3160591125488281 0.36974191665649414 0.36974191665649414 0.4530287981033325 0.4530287981033325 0.4530287981033325 0.4530287981033325 0.4530287981033325 0.5117180347442627 0.5117180347442627 0.5117180347442627 0.5117180347442627 0.5117180347442627 0.5117180347442627 0.5117180347442627 0.5117180347442627 0.5117180347442627 0 0 0 0 0 0 0 0 0 0 0 0 0 0
1.2547715902328491 1.2547715902328491 1.4769971370697021 1.4769971370697021 2.3074848651885986 2.3074848651885986 2.3074848651885986 2.3074848651885986 2.3074848651885986 2.3075084686279297 2.3075084686279297 2.3075084686279297 2.3075084686279297 2.307425022125244 2.307425022125244 2.307425022125244 2.307425022125244 2.307425022125244 1.4773993492126465 1.4773993492126465 2.050788402557373 2.050788402557373 2.050788402557373 0.9513406753540039 0.9513406753540039 0.9515635967254639 0.9515635967254639 0.9516769647598267 0.9516769647598267 0.9517154693603516 0.9517154693603516 0.9517154693603516 0.9513812065124512 0.9513812065124512 0.3978980779647827 0.3978980779647827 0.45332765579223633 0.45332765579223633 0.45332765579223633 0.45332765579223633 0.45332765579223633 0.5117180347442627 0.5117180347442627 0.5117180347442627 0.5117180347442627 0.5117180347442627 0.5117180347442627 0.5117180347442627 0.5117180347442627 0.5117180347442627 0 0 0 0 0 0 0 0 0 0 0 0 0 0
1.2547715902328491 1.2547715902328491 1.4769971370697021 1.4769971370697021 2.3074848651885986 2.3074848651885986 2.3074848651885986 2.3074848651885986 2.3074848651885986 2.3075084686279297 2.3075084686279297 2.3075084686279297 2.3075084686279297 2.307425022125244 2.307425022125244 2.307425022125244 2.307425022125244 2.307425022125244 1.4773993492126465 1.4773993492126465 2.050788402557373 2.050788402557373 2.050788402557373 0.9513406753540039 0.9513406753540039 0.9515635967254639 0.9515635967254639 0.9516769647598267 0.9516769647598267 0.9517154693603516 0.9517154693603516 0.9517154693603516 0.9513812065124512 0.9513812065124512 0.3978980779647827 0.3978980779647827 0.45332765579223633 0.45332765579223633 0.45332765579223633 0.45332765579223633 0.45332765579223633 0.5117180347442627 0.5117180347442627 0.5117180347442627 0.5117180347442627 0.5117180347442627 0.5117180347442627 0.5117180347442627 0.5117180347442627 0.5117180347442627 0 0 0 0 0 0 0 0 0 0 0 0 0 0
1.5274317264556885 1.5274317264556885 2.307450532913208 2.307450532913208 2.3074848651885986 2.3074848651885986 2.3074848651885986 2.3074848651885986 2.3074848651885986 2.3075084686279297 2.3075084686279297 2.3075084686279297 2.3075084686279297 2.307425022125244 2.307425022125244 2.307425022125244 2.307425022125244 2.307425022125244 1.5373706817626953 1.5373706817626953 2.3073067665100098 2.3073067665100098 2.3073067665100098 1.3672966957092285 1.3672966957092285 2.307288885116577 2.307288885116577 1.627270221710205 1.627270221710205 1.6272685527801514 1.6272685527801514 1.6272685527801514 0.8543756008148193 0.8543756008148193 0.4279240369796753 0.4279240369796753 0.45332765579223633 0.45332765579223633 0.45332765579223633 0.45332765579223633 0.45332765579223633 0.5117180347442627 0.5117180347442627 0.5117180347442627 0.5117180347442627 0.5117180347442627 0.5117180347442627 0.5117180347442627 0.5117180347442627 0.5117180347442627 0 0 0 0 0 0 0 0 0 0 0 0 0 0
2.307500123977661 2.307500123977661 2.307500123977661 2.307500123977661 2.327446460723877 2.327446460723877 2.327446460723877 2.327446460723877 2.327446460723877 2.327446460723877 2.327446460723877 2.327446460723877 2.327446460723877 2.3073904514312744 2.3073904514312744 2.3073904514312744 2.3073904514312744 2.3073904514312744 2.3073318004608154 2.3073318004608154 2.3073318004608154 2.3073318004608154 2.3073318004608154 2.307295322418213 2.307295322418213 2.307295322418213 2.307295322418213 2.307274341583252 2.307274341583252 2.307274341583252 2.307274341583252 2.307274341583252 1.007232427597046 1.007232427597046 0.4392275810241699 0.4392275810241699 0.4874873161315918 0.4874873161315918 0.4874873161315918 0.4874873161315918 0.4874873161315918 1.391752004623413 1.391752004623413 1.391752004623413 1.391752004623413 1.391752004623413 1.391752004623413 1.391752004623413 1.391752004623413 1.391752004623413 0.5117716789245605 0.5117716789245605 0.5117716789245605 0.5117716789245605 0.5117716789245605 0.5117716789245605 0.5117716789245605 0.5117716789245605 0.5117716789245605 0.5397202968597412 0.5397202968597412 0.5397202968597412 0.5397202968597412 0.5397202968597412
2.307500123977661 2.307500123977661 2.307500123977661 2.307500123977661 2.327446460723877 2.327446460723877 2.327446460723877 2.327446460723877 2.327446460723877 2.327446460723877 2.327446460723877 2.327446460723877 2.327446460723877 2.3073904514312744 2.3073904514312744 2.3073904514312744 2.3073904514312744 2.3073904514312744 2.3073318004608154 2.3073318004608154 2.3073318004608154 2.3073318004608154 2.3073318004608154 2.307295322418213 2.307295322418213 2.307295322418213 2.307295322418213 2.307274341583252 2.307274341583252 2.307274341583252 2.307274341583252 2.307274341583252 2.7157825231552124 2.7157825231552124 0.4504910707473755 0.4504910707473755 0.4874873161315918 0.4874873161315918 0.4874873161315918 0.4874873161315918 0.4874873161315918 1.391752004623413 1.391752004623413 1.391752004623413 1.391752004623413 1.391752004623413 1.391752004623413 1.391752004623413 1.391752004623413 1.391752004623413 0.5117716789245605 0.5117716789245605 0.5117716789245605 0.5117716789245605 0.5117716789245605 0.5117716789245605 0.5117716789245605 0.5117716789245605 0.5117716789245605 0.5397202968597412 0.5397202968597412 0.5397202968597412 0.5397202968597412 0.5397202968597412
2.307500123977661 2.307500123977661 2.307500123977661 2.307500123977661 2.327446460723877 2.327446460723877 2.327446460723877 2.327446460723877 2.327446460723877 2.327446460723877 2.327446460723877 2.327446460723877 2.327446460723877 2.3073904514312744 2.3073904514312744 2.3073904514312744 2.3073904514312744 2.3073904514312744 2.3073318004608154 2.3073318004608154 2.3073318004608154 2.3073318004608154 2.3073318004608154 2.307295322418213 2.307295322418213 2.307295322418213 2.307295322418213 2.307274341583252 2.307274341583252 2.307274341583252 2.307274341583252 2.307274341583252 2.7157825231552124 2.7157825231552124 0.4504910707473755 0.4504910707473755 0.4874873161315918 0.4874873161315918 0.4874873161315918 0.4874873161315918 0.4874873161315918 1.391752004623413 1.391752004623413 1.391752004623413 1.391752004623413 1.391752004623413 1.391752004623413 1.391752004623413 1.391752004623413 1.391752004623413 0.5117716789245605 0.5117716789245605 0.5117716789245605 0.5117716789245605 0.5117716789245605 0.5117716789245605 0.5117716789245605 0.5117716789245605 0.5117716789245605 0.5397202968597412 0.5397202968597412 0.5397202968597412 0.5397202968597412 0.5397202968597412
2.317471742630005 2.317471742630005 2.317471742630005 2.317471742630005 2.327446460723877 2.327446460723877 2.327446460723877 2.327446460723877 2.327446460723877 2.327446460723877 2.327446460723877 2.327446460723877 2.327446460723877 2.307373523712158 2.307373523712158 2.307373523712158 2.307373523712158 2.307373523712158 2.3073227405548096 2.3073227405548096 2.3073227405548096 2.3073227405548096 2.3073227405548096 2.307293176651001 2.307293176651001 2.307293176651001 2.307293176651001 2.3072853088378906 2.3072853088378906 1.8072795867919922 1.8072795867919922 1.8072795867919922 2.369886875152588 2.369886875152588 0.2797689437866211 0.2797689437866211 0.49577391147613525 0.49577391147613525 0.49577391147613525 0.49577391147613525 0.49577391147613525 1.391752004623413 1.391752004623413 1.391752004623413 1.391752004623413 1.391752004623413 1.391752004623413 1.391752004623413 1.391752004623413 1.391752004623413 0.5117716789245605 0.5117716789245605 0.5117716789245605 0.5117716789245605 0.5117716789245605 0.5117716789245605 0.5117716789245605 0.5117716789245605 0.5117716789245605 0.5397202968597412 0.5397202968597412 0.5397202968597412 0.5397202968597412 0.5397202968597412
