SimulationData/Scenarios/Waterwolf/Flooding/Uitdammerdijk/1320.asc
ncols        561
nrows        278
xllcorner    4.817258165162
yllcorner    52.370746892638
cellsize     0.000511251697
NODATA_value  -9999
[rows 154 to 175 of 278, columns 192 to 239 of 561]
-1.550000011920929 -1.4900000095367432 -1.1800000667572021 -0.12999999523162842 -0.43999993801116943 -0.43999993801116943 -0.7699999213218689 -0.1099998950958252 -0.08999991416931152 -0.309999942779541 -0.15999996662139893 -0.2399998903274536 -0.48000001907348633 -0.48000001907348633 -0.49000000953674316 -0.1499999761581421 -0.21000003814697266 -0.0700000524520874 -0.0700000524520874 -0.0700000524520874 -0.0700000524520874 -0.0700000524520874 -0.03000009059906006 -0.03000009059906006 -0.03000009059906006 -0.25999999046325684 -0.25 -0.26999998092651367 -0.26999998092651367 -0.03000009059906006 -0.03000009059906006 -0.040000081062316895 -0.1700000762939453 -0.12000000476837158 -0.21000003814697266 -0.19000005722045898 -0.19000005722045898 -0.2200000286102295 -0.18000006675720215 -0.040000081062316895 -0.4100000858306885 -0.5800000429153442 -0.5900000333786011 -0.5900000333786011 -0.5099999904632568 -0.2700001001358032 -0.2700001001358032 -0.5400000810623169
-1.5699999928474426 -1.5199999809265137 -1.600000023841858 -0.9199999570846558 -0.7899999618530273 -0.7899999618530273 -0.7899999618530273 -0.7999999523162842 -0.85999995470047 -0.8999999165534973 -1.0399999618530273 -0.7999999523162842 -0.8799999952316284 -0.8799999952316284 -0.8500000238418579 -0.9699999690055847 -0.9699999690055847 -0.9699999690055847 -1.179999977350235 -1.1100000143051147 -1.1100000143051147 -0.38999998569488525 -0.31000006198883057 -0.23000001907348633 -0.03000009059906006 -0.2900000810623169 -0.23000001907348633 -0.0700000524520874 -0.0700000524520874 -0.03000009059906006 -0.03000009059906006 -0.040000081062316895 -0.040000081062316895 -0.1499999761581421 -0.13999998569488525 -0.19000005722045898 -0.19000005722045898 -0.23000001907348633 -0.20000004768371582 -0.18000006675720215 -0.38999998569488525 -0.4200000762939453 -0.690000057220459 -0.690000057220459 -0.3400000333786011 -0.3799999952316284 -0.2700001001358032 -0.46000003814697266
-1.5600000023841858 -1.1699999570846558 -1.7500000298023224 -1.059999942779541 -1.1999999582767487 -1.1999999582767487 -1.0299999713897705 -1 -0.9799998998641968 -1.0199999809265137 -0.9299999475479126 -0.8899999260902405 -1.0699999928474426 -1.0699999928474426 -1.1599999964237213 -0.9300000071525574 -1 -0.7599999904632568 -0.7300000190734863 -1.2999999821186066 -1.2999999821186066 -0.25999999046325684 -0.26999998092651367 -0.20000004768371582 -0.03000009059906006 -0.26999998092651367 -0.28000009059906006 -0.03000009059906006 -0.03000009059906006 -0.03000009059906006 -0.03000009059906006 -0.040000081062316895 -0.2900000810623169 -0.25999999046325684 -0.3400000333786011 -0.040000081062316895 -0.040000081062316895 -0.25 -0.25 -0.25 -0.2700001001358032 -0.38999998569488525 -0.5600000619888306 -0.5600000619888306 -0.43000006675720215 -0.4700000286102295 -0.2700001001358032 -0.2700001001358032
-1.1399999856948853 -1.1299999952316284 -1.1100000143051147 -0.34999990463256836 -1.4999999552965164 -1.4999999552965164 -1.2699999511241913 -0.6599999666213989 -0.5999999642372131 -0.5699999332427979 -0.9699999094009399 -0.7699999213218689 -0.9800000190734863 -0.9800000190734863 -0.949999988079071 -0.9399999976158142 -0.9200000166893005 -0.9699999690055847 -0.7599999904632568 -0.8899999856948853 -0.8899999856948853 -0.0700000524520874 -0.03000009059906006 -0.23000001907348633 -0.26999998092651367 -0.09000003337860107 -0.25 -0.2200000286102295 -0.2200000286102295 -0.03000009059906006 -0.03000009059906006 -0.15999996662139893 -0.20000004768371582 -0.18000006675720215 -0.26999998092651367 -0.24000000953674316 -0.24000000953674316 -0.2799999713897705 -0.23000001907348633 -0.23000001907348633 -0.2700001001358032 -0.3799999952316284 -0.4100000858306885 -0.4100000858306885 -0.36000001430511475 -0.2700001001358032 -0.2700001001358032 -0.2700001001358032
-1.3100000023841858 -1.2900000214576721 -1.3100000023841858 -0.60999995470047 -0.5799999237060547 -0.5799999237060547 -0.7299999594688416 -0.7399999499320984 -0.6699999570846558 -0.7299999594688416 -0.5799999237060547 -0.6599999666213989 -1.1200000047683716 -1.1200000047683716 -0.75 -0.9299999475479126 -0.75 -0.6599999666213989 -0.8500000238418579 -0.6899999976158142 -0.6899999976158142 -0.3500000238418579 -0.03000009059906006 -0.16000008583068848 -0.1700000762939453 -0.19000005722045898 -0.12000000476837158 -0.21000003814697266 -0.21000003814697266 -0.03000009059906006 -0.03000009059906006 -0.040000081062316895 -0.040000081062316895 -0.19000005722045898 -0.15999996662139893 -0.15999996662139893 -0.040000081062316895 -0.040000081062316895 -0.2200000286102295 -0.25999999046325684 -0.2700001001358032 -0.49000000953674316 -0.36000001430511475 -0.36000001430511475 -0.2700001001358032 -0.3799999952316284 -0.40000009536743164 -0.2700001001358032
-1.1899999380111694 -0.9299999475479126 -0.8500000238418579 -0.48000001907348633 -0.4700000286102295 -0.4700000286102295 -0.010000109672546387 -0.7300000786781311 -0.7600000500679016 -0.7700000405311584 -0.7100000381469727 -0.4500000476837158 -0.4500000476837158 -0.5600000619888306 -0.6299999952316284 -0.6100000143051147 -0.7400000095367432 -0.6500000357627869 -0.2900000810623169 -0.13999998569488525 -0.13999998569488525 -0.040000081062316895 -0.19000005722045898 -0.16999995708465576 -0.12999999523162842 -0.16999995708465576 -0.12000000476837158 -0.1499999761581421 -0.1499999761581421 -0.12999999523162842 -0.19000005722045898 -0.040000081062316895 -0.11000001430511475 -0.12999999523162842 -0.19000005722045898 -0.19000005722045898 -0.15999996662139893 -0.19000005722045898 -0.08000004291534424 -0.26999998092651367 -0.40000009536743164 -0.6100000143051147 -0.4500000476837158 -0.4500000476837158 -0.43000006675720215 -0.5 -0.5099999904632568 -0.5099999904632568
-0.9699999690055847 -1.0799999237060547 -1.2799999713897705 -1 -0.6200000643730164 -0.6200000643730164 -0.940000057220459 -0.9500000476837158 -1.0100001096725464 -0.7500000596046448 -0.6500000357627869 -0.9700000286102295 -0.9700000286102295 -1.0299999713897705 -1.0299999713897705 -0.9300000071525574 -0.7900000214576721 -1.3900000303983688 -0.040000081062316895 -0.040000081062316895 -0.040000081062316895 -0.440000057220459 -0.060000061988830566 -0.060000061988830566 -0.060000061988830566 -0.11000001430511475 -0.1499999761581421 -0.24000000953674316 -0.24000000953674316 -0.1499999761581421 -0.21000003814697266 -0.1700000762939453 -0.21000003814697266 -0.18000006675720215 -0.23000001907348633 -0.23000001907348633 -0.31000006198883057 -0.040000081062316895 -0.09000003337860107 -0.23000001907348633 -0.40000009536743164 -0.6399999856948853 -0.440000057220459 -0.440000057220459 -0.4700000286102295 -0.4700000286102295 -0.40000009536743164 -0.48000001907348633
-1.0699999928474426 -0.9599999785423279 -1.350000023841858 -1 -0.9700000286102295 -0.9700000286102295 -0.9000000357627869 -1.040000081062317 -0.8700000643730164 -0.8500000238418579 -0.6700000762939453 -0.7200000286102295 -0.7200000286102295 -0.9300000667572021 -0.7600000500679016 -0.9600000381469727 -0.7300000190734863 -0.4200000762939453 -0.38999998569488525 -0.040000081062316895 -0.040000081062316895 -0.1499999761581421 -0.24000000953674316 -0.28999996185302734 -0.2999999523162842 -0.2799999713897705 -0.2200000286102295 -0.25 -0.25 -0.25999999046325684 -0.25999999046325684 -0.2900000810623169 -0.23000001907348633 -0.1499999761581421 -0.23000001907348633 -0.23000001907348633 -0.13999998569488525 -0.1499999761581421 -0.19000005722045898 -0.19000005722045898 -0.40000009536743164 -0.6600000858306885 -0.43000006675720215 -0.43000006675720215 -0.5099999904632568 -0.4500000476837158 -0.5099999904632568 -0.440000057220459
-1.4000000059604645 -0.9399999976158142 -0.8499999046325684 -0.3500000238418579 -0.4500000476837158 -0.4500000476837158 -0.7900000810623169 -0.5900000333786011 -0.6200000047683716 -0.3400000333786011 -0.5400000810623169 -1.0100001096725464 -1.0100001096725464 -0.7700000405311584 -0.7599999904632568 -0.5800000429153442 -0.6899999976158142 -0.040000081062316895 -0.33000004291534424 -0.3500000238418579 -0.3500000238418579 -0.31000006198883057 -0.3200000524520874 -0.440000057220459 -0.25999999046325684 -1.1699999868869781 -0.060000061988830566 -0.28999996185302734 -0.28999996185302734 -0.12999999523162842 -0.2999999523162842 -0.2900000810623169 -0.36000001430511475 -0.3200000524520874 -0.12999999523162842 -0.12999999523162842 -0.25999999046325684 -0.25 -0.24000000953674316 -0.12000000476837158 -0.40000009536743164 -0.40000009536743164 -0.40000009536743164 -0.40000009536743164 -0.5099999904632568 -0.5600000619888306 -0.5199999809265137 -0.5099999904632568
-1.5699999928474426 -0.9399999976158142 -0.949999988079071 -0.48000001907348633 -0.3400000333786011 -0.3400000333786011 -0.5 -0.4200000762939453 -0.5200001001358032 -0.6500000357627869 -0.6600000262260437 -0.5100001096725464 -0.5100001096725464 -0.7300000190734863 -0.6200000047683716 -0.9100000858306885 -0.040000081062316895 -0.6299999952316284 -0.48000001907348633 -0.36000001430511475 -0.36000001430511475 -0.3799999952316284 -0.440000057220459 -0.3500000238418579 -0.2799999713897705 -0.9800000190734863 -0.060000061988830566 -0.28999996185302734 -0.28999996185302734 -0.2799999713897705 -0.060000061988830566 -0.040000081062316895 -0.12999999523162842 -0.25999999046325684 -0.30000007152557373 -0.30000007152557373 -0.26999998092651367 -0.440000057220459 -0.6699999570846558 -0.31000006198883057 -0.40000009536743164 -0.8600000143051147 -0.40000009536743164 -0.40000009536743164 -0.5600000619888306 -0.5600000619888306 -0.6100000143051147 -0.6200000047683716
-1.5999999940395355 -1.4199999868869781 -1.4699999690055847 -1.0800000429153442 -1.0800000429153442 -1.1000000536441803 -0.9100000262260437 -0.9000000357627869 -0.9100000262260437 -0.7900000810623169 -0.8300000429153442 -0.7800000309944153 -0.7800000309944153 -0.64000004529953 -0.040000081062316895 -0.15999996662139893 -0.24000000953674316 -0.6800000071525574 -0.040000081062316895 -0.040000081062316895 -0.040000081062316895 -0.040000081062316895 -0.2999999523162842 -0.3400000333786011 -0.559999942779541 -0.6799999475479126 -0.9800000190734863 -0.9800000190734863 -0.6700000166893005 -0.23000001907348633 -0.4099999666213989 -0.46000003814697266 -0.31000006198883057 -0.040000081062316895 -0.23000001907348633 -0.23000001907348633 -0.31000006198883057 -0.940000057220459 -0.8000000715255737 -0.7599999904632568 -0.40000009536743164 -0.6700000762939453 -0.6200000047683716 -0.6200000047683716 -0.6200000047683716 -0.6500000953674316 -0.6600000858306885 -0.6299999952316284
-1.10999995470047 -0.8999999165534973 -0.8399999141693115 -1.0732532739639282 -1.0732532739639282 -1.023253321647644 -1.1232532858848572 -1.2032533288002014 -1.2532532811164856 -1.183253288269043 -1.503253310918808 -1.3432533144950867 -1.3432533144950867 -0.23274874687194824 -0.39274871349334717 -0.38274872303009033 -0.23274874687194824 -1.0227487087249756 -1.152748703956604 -1.202748715877533 -1.202748715877533 -0.7027486562728882 -0.22784101963043213 -0.3278409242630005 -0.3378409147262573 -0.22784101963043213 -0.22784101963043213 -0.22784101963043213 -0.22784101963043213 -0.22784101963043213 -0.22784101963043213 -0.22208654880523682 -0.22208654880523682 -0.6220865249633789 -0.7820864915847778 -0.7820864915847778 -0.7520865201950073 -0.8320865035057068 -0.16208648681640625 -0.9220864772796631 -0.20749139785766602 -0.20749139785766602 -0.3874913454055786 -0.3874913454055786 -0.39749133586883545 -0.44749128818511963 -0.4874913692474365 -0.20749139785766602
-1.059999942779541 -1.079999953508377 -1.1999999582767487 -1.2432532906532288 -1.2432532906532288 -1.2832533121109009 -1.1932532787322998 -1.5332533121109009 -1.483253300189972 -1.1532533168792725 -0.2332533597946167 -0.3232532739639282 -0.3232532739639282 -0.2527487277984619 -0.14274871349334717 -0.16274869441986084 0.8072512149810791 0.8072512149810791 0.8072512149810791 -0.06274867057800293 -0.06274867057800293 0.05725133419036865 -0.037840962409973145 -0.037840962409973145 -0.04784095287322998 0.0021589994430541992 -0.017840981483459473 -0.017840981483459473 -0.057840943336486816 -0.7878409624099731 -0.8678409457206726 -0.9520864486694336 -0.7220865488052368 -0.07208645343780518 -0.22208654880523682 -0.22208654880523682 -0.2520865201950073 -0.2420865297317505 -0.26208651065826416 -0.2420865297317505 -0.27749133110046387 -0.39749133586883545 -0.20749139785766602 -0.20749139785766602 -0.3774913549423218 -0.2274913787841797 -0.46749138832092285 -0.44749128818511963
-1.1999999284744263 -0.9699999690055847 -1.079999953508377 -1.1732532978057861 -1.1732532978057861 -1.3332532942295074 -1.1732532978057861 -1.3232533037662506 -1.3432533144950867 -0.8232532739639282 -0.2332533597946167 -0.40325331687927246 -0.40325331687927246 -0.2727487087249756 -0.3027486801147461 -0.17274868488311768 -0.03274869918823242 -0.002748727798461914 -0.13274872303009033 -0.1227487325668335 -0.1227487325668335 -0.19274866580963135 -0.057840943336486816 -0.02784097194671631 0.09215903282165527 -0.08784091472625732 -0.037840962409973145 -0.037840962409973145 -0.037840962409973145 -0.3378409147262573 -0.08784091472625732 0.8179134130477905 0.027913451194763184 0.06791353225708008 -0.06208646297454834 -0.06208646297454834 -0.04208648204803467 0.007913470268249512 -0.022086501121520996 -0.16208648681640625 -0.20749139785766602 -0.4174913167953491 -0.12749135494232178 -0.12749135494232178 0.022508621215820312 -0.17749130725860596 -0.8274913430213928 -0.20749139785766602
-1.1999999582767487 -0.9899999499320984 -1.1899999380111694 -1.2432532906532288 -1.2432532906532288 -1.0632532835006714 -1.4032533168792725 -1.1632533073425293 -1.4632533192634583 -0.2332533597946167 -0.33325326442718506 -0.1932532787322998 -0.1932532787322998 0.8072512149810791 -0.13274872303009033 -0.17274868488311768 0.06725132465362549 -0.09274864196777344 -0.13274872303009033 -0.01274871826171875 -0.01274871826171875 -0.11274874210357666 0.08215904235839844 -0.017840981483459473 0.15215909481048584 -0.04784095287322998 -0.037840962409973145 -0.037840962409973145 -0.057840943336486816 -0.02784097194671631 -0.04784095287322998 -0.07208645343780518 0.3379133939743042 0.017913460731506348 -0.03208649158477783 -0.03208649158477783 0.027913451194763184 -0.022086501121520996 -0.10208654403686523 -0.31208646297454834 -0.20749139785766602 0.7525086402893066 0.7525086402893066 -0.06749129295349121 -0.0374913215637207 -0.01749134063720703 -0.01749134063720703 0.06250870227813721
-1.1399999558925629 -1.0499999523162842 -1.1299999356269836 -1.2932533025741577 -1.2932533025741577 -1.2532532811164856 -1.3232533037662506 -0.2332533597946167 -0.2332533597946167 0.8067466020584106 -0.2632533311843872 -0.24325335025787354 -0.24325335025787354 -0.17274868488311768 -0.19274866580963135 -0.14274871349334717 0.027251362800598145 -0.14274871349334717 -0.01274871826171875 -0.01274871826171875 -0.1227487325668335 0.24725127220153809 -0.10784101486206055 0.042159080505371094 0.09215903282165527 0.08215904235839844 0.0721590518951416 0.0721590518951416 0.14215898513793945 0.10215902328491211 0.0021589994430541992 -0.03208649158477783 0.05791354179382324 -0.04208648204803467 0.23791348934173584 0.23791348934173584 0.03791356086730957 -0.04208648204803467 -0.11208653450012207 -0.29208648204803467 -0.20749139785766602 -0.027491331100463867 -0.027491331100463867 -0.01749134063720703 0.7525086402893066 0.0025086402893066406 -0.0374913215637207 0.7525086402893066
-0.9999999403953552 -1.1799999475479126 -0.9699999690055847 -1.5432533025741577 -1.5432533025741577 -1.2632533311843872 -0.2332533597946167 -0.3832533359527588 -0.40325331687927246 -0.37325334548950195 -0.30325329303741455 -0.2832533121109009 -0.2832533121109009 0.8072512149810791 -0.1827486753463745 -0.13274872303009033 -0.1227487325668335 -0.002748727798461914 -0.11274874210357666 -0.11274874210357666 -0.07274866104125977 -0.09274864196777344 0.042159080505371094 0.042159080505371094 0.13215899467468262 0.18215906620025635 0.0721590518951416 0.0721590518951416 0.03215909004211426 0.02215898036956787 0.6821590662002563 0.227913498878479 0.10791349411010742 0.8179134130477905 0.03791356086730957 0.03791356086730957 0.017913460731506348 0.007913470268249512 -0.0020865201950073242 0.8179134130477905 -0.20749139785766602 -0.05671727657318115 -0.05671727657318115 0.7532826662063599 0.053282737731933594 0.053282737731933594 0.20328271389007568 0.09328269958496094
-1.64000004529953 -1.3100000619888306 -1.5600000321865082 -1.5161480605602264 -1.5161480605602264 -0.23614811897277832 -0.23614811897277832 -0.3461480140686035 -0.3761481046676636 -0.36614811420440674 -0.23614811897277832 -0.39614808559417725 -0.39614808559417725 -0.27683818340301514 -0.04683816432952881 -0.43683815002441406 -0.20683813095092773 -0.1668381690979004 0.023161888122558594 0.023161888122558594 -0.07683813571929932 -0.026838183403015137 0.10534989833831787 0.19534993171691895 0.25534987449645996 0.10534989833831787 0.10534989833831787 0.10534989833831787 0.07534992694854736 0.12534987926483154 0.005349874496459961 0.015329837799072266 -0.024670124053955078 0.03532981872558594 0.25532984733581543 0.25532984733581543 0.03532981872558594 -0.024670124053955078 -0.06467008590698242 -0.13467013835906982 -0.34671735763549805 0.023282647132873535 0.023282647132873535 0.03328263759613037 0.06328272819519043 0.1632826328277588 0.07328271865844727 0.09328269958496094
-0.5300000905990601 -0.40000009536743164 -1.3700000643730164 -1.2661480903625488 -1.2661480903625488 -0.24614810943603516 -0.316148042678833 -0.16614806652069092 0.0338519811630249 -0.22614800930023193 -0.24614810943603516 -0.2861480712890625 -0.2861480712890625 -0.3968381881713867 -0.2368382215499878 -0.2368382215499878 -0.2368382215499878 -0.2368382215499878 -0.33683812618255615 -0.33683812618255615 -0.026838183403015137 -0.006838202476501465 0.11534988880157471 0.045349955558776855 0.025349855422973633 0.05534994602203369 0.10534989833831787 0.10534989833831787 0.14534986019134521 0.3453500270843506 0.005349874496459961 0.2453298568725586 0.00532984733581543 0.00532984733581543 0.19532990455627441 0.19532990455627441 -0.04467010498046875 0.125329852104187 -0.0846700668334961 -0.16467010974884033 -0.1967172622680664 0.03328263759613037 0.03328263759613037 0.04328262805938721 0.11328268051147461 0.17328274250030518 0.12328267097473145 -0.03671729564666748
-0.33000004291534424 -0.5 -0.38999998569488525 -0.23614811897277832 -0.23614811897277832 -0.30614805221557617 -0.22614800930023193 -0.16614806652069092 0.6038520336151123 -0.046148061752319336 -0.07614803314208984 -0.07614803314208984 -0.07614803314208984 0.023161888122558594 0.08316183090209961 0.023161888122558594 -0.06683814525604248 0.35316193103790283 0.2931617498397827 0.2931617498397827 -0.11683821678161621 -0.2668381929397583 -0.22465014457702637 -0.22465014457702637 -0.40465009212493896 -0.4346500635147095 -0.22465014457702637 -0.22465014457702637 -0.40465009212493896 0.30534982681274414 -0.06465005874633789 -0.06467008590698242 0.07532989978790283 0.0253298282623291 0.0253298282623291 0.08532989025115967 -0.054670095443725586 -0.10467016696929932 0.015329837799072266 -0.2746701240539551 -0.40671730041503906 0.07328271865844727 0.07328271865844727 0.13328266143798828 0.1632826328277588 0.11328268051147461 0.04328262805938721 -0.006717324256896973
-0.40000009536743164 -0.5400000810623169 -0.5 -0.32614803314208984 -0.32614803314208984 -0.20614802837371826 -0.046148061752319336 -0.15614807605743408 -0.16614806652069092 -0.07614803314208984 -0.08614802360534668 -0.08614802360534668 0.6038520336151123 0.003161787986755371 -0.07683813571929932 -0.09683811664581299 -0.0168381929397583 0.11316180229187012 -0.06683814525604248 -0.06683814525604248 -0.1968381404876709 -0.09683811664581299 0.12534987926483154 -0.22465014457702637 -0.27465009689331055 -0.33465003967285156 -0.22465014457702637 -0.22465014457702637 -0.42465007305145264 -0.22465014457702637 -0.2946500778198242 -0.184670090675354 -0.054670095443725586 0.15532982349395752 0.15532982349395752 -0.024670124053955078 -0.04467010498046875 -0.10467016696929932 -0.004670143127441406 -0.21467018127441406 -0.2667173147201538 0.7532826662063599 0.7532826662063599 -0.08671736717224121 0.25328266620635986 0.09328269958496094 0.09328269958496094 0.7532826662063599
-0.5199999809265137 -0.5300000905990601 -0.40000009536743164 -0.07614803314208984 -0.07614803314208984 -0.15614807605743408 -0.11614811420440674 -0.11614811420440674 -0.05614805221557617 0.6038520336151123 -0.0361480712890625 -0.0361480712890625 -0.046148061752319336 -0.03683817386627197 0.013161778450012207 0.6031619310379028 0.013161778450012207 -0.11683821678161621 -0.09683811664581299 -0.09683811664581299 -0.006838202476501465 -0.21683812141418457 -0.22465014457702637 -0.22465014457702637 -0.08465003967285156 -0.0946500301361084 -0.07465004920959473 -0.07465004920959473 -0.08465003967285156 -0.004650115966796875 0.5153498649597168 -0.2746701240539551 -0.21467018127441406 -0.2546701431274414 -0.2546701431274414 -0.21467018127441406 -0.29467010498046875 -0.42467010021209717 -0.44467008113861084 -0.11467015743255615 -0.1967172622680664 0.2332826852798462 0.2332826852798462 0.20328271389007568 0.21328270435333252 0.1632826328277588 0.7532826662063599 0.04328262805938721
