SimulationData/Scenarios/Waterwolf/Flooding/Uitdammerdijk/1320.asc
ncols        561
nrows        278
xllcorner    4.817258165162
yllcorner    52.370746892638
cellsize     0.000511251697
NODATA_value  -9999
[rows 198 to 219 of 278, columns 336 to 383 of 561]
0.7249302864074707 0.8549302816390991 0.7949303388595581 0.704930305480957 0.704930305480957 1.1349303722381592 0.8649303913116455 0.6737855672836304 1.1437855958938599 0.6137855052947998 0.6437855958938599 0.7737855911254883 0.7737855911254883 0.6437855958938599 1.1437855958938599 0.693785548210144 0.6092257499694824 0.7992258071899414 1.1492258310317993 1.1492258310317993 0.6292258501052856 0.5592257976531982 0.5292258262634277 0.48922574520111084 0.15922582149505615 -0.09271633625030518 0.4272836446762085 0.4272836446762085 0.4772835969924927 0.4872835874557495 0.6000405550003052 0.3500405550003052 0.2300405502319336 0.31004059314727783 0.32784295082092285 0.32784295082092285 0.4178429841995239 0.38784289360046387 0.37784290313720703 0.3996562957763672 0.5496562719345093 0.3696563243865967 0.3696563243865967 0.4796563386917114 0.3489205837249756 0.4389204978942871 0.5689057111740112 0.36890578269958496
0.6249303817749023 0.6649303436279297 0.6749303340911865 1.1349303722381592 1.1349303722381592 0.704930305480957 0.6949303150177002 0.6837855577468872 0.693785548210144 0.7137855291366577 0.693785548210144 0.693785548210144 0.6437855958938599 0.42378556728363037 0.633785605430603 1.1437855958938599 0.5992257595062256 1.1492258310317993 0.6092257499694824 0.6092257499694824 0.6292258501052856 0.5792257785797119 0.4992257356643677 0.36922574043273926 0.25922584533691406 0.34728360176086426 0.6672836542129517 0.6672836542129517 0.7572835683822632 0.6772836446762085 0.5100405216217041 0.5100405216217041 0.29004061222076416 0.32004058361053467 0.32004058361053467 0.2178429365158081 0.45784294605255127 0.4178429841995239 0.317842960357666 0.5496562719345093 0.35965633392333984 0.2796562910079956 0.2796562910079956 0.45965635776519775 0.5689204931259155 0.4389204978942871 0.5689057111740112 0.36890578269958496
0.7349302768707275 0.7249302864074707 0.6249303817749023 0.9149303436279297 0.9149303436279297 0.6549303531646729 0.6949303150177002 0.693785548210144 0.7437855005264282 0.693785548210144 0.7137855291366577 0.7137855291366577 1.1437855958938599 1.1437855958938599 0.6537855863571167 0.6237856149673462 0.5592257976531982 1.1492258310317993 0.5992257595062256 0.5992257595062256 0.5092258453369141 0.8892258405685425 0.27922582626342773 0.3892258405685425 0.20922577381134033 0.5272836685180664 0.7872836589813232 0.7872836589813232 0.8572835922241211 0.8072836399078369 0.6900405883789062 0.5400406122207642 0.4600405693054199 0.3800405263900757 0.3800405263900757 0.37784290313720703 0.29784297943115234 0.38784289360046387 0.25784289836883545 0.18965637683868408 0.1496562957763672 0.2996562719345093 0.2996562719345093 0.33965635299682617 0.31838858127593994 0.3583885431289673 0.3426837921142578 0.332683801651001
1.1349303722381592 0.8049303293228149 0.9249303340911865 0.7349302768707275 0.7349302768707275 0.954930305480957 0.8749303817749023 0.7437855005264282 0.7537856101989746 1.1437855958938599 0.6137855052947998 0.6137855052947998 0.6537855863571167 0.6837855577468872 1.1437855958938599 0.7137855291366577 0.7592258453369141 0.6292258501052856 1.1492258310317993 1.1492258310317993 0.8892258405685425 0.17922580242156982 -0.08077418804168701 0.15922582149505615 0.3192257881164551 0.6645342111587524 0.8045341968536377 0.8045341968536377 0.8045341968536377 0.7245341539382935 0.7358778715133667 0.7658779621124268 0.5464719533920288 0.1664719581604004 0.1664719581604004 0.4405858516693115 0.35058581829071045 0.2558518648147583 0.3258519172668457 0.2533377408981323 0.1633378267288208 0.2938065528869629 0.2938065528869629 0.3338066339492798 0.32259559631347656 0.5225955247879028 0.34259557723999023 0.5525954961776733
0.9649302959442139 0.9249303340911865 0.6249303817749023 0.9449303150177002 0.9449303150177002 0.8049303293228149 0.8849303722381592 0.9837855100631714 0.6837855577468872 0.6537855863571167 0.693785548210144 0.693785548210144 0.883785605430603 0.9037855863571167 1.1437855958938599 0.7137855291366577 0.6992257833480835 0.6292258501052856 -0.01077425479888916 -0.01077425479888916 0.4492257833480835 0.8792258501052856 0.3892258405685425 0.07922577857971191 0.37922585010528564 0.694534182548523 0.754534125328064 0.754534125328064 0.754534125328064 0.7345341444015503 0.8746956586837769 0.6046956777572632 0.40482842922210693 0.21482837200164795 0.21482837200164795 0.286210298538208 0.5051242113113403 2.502493739128113 0.29047298431396484 0.3210564851760864 0.2910565137863159 0.11403989791870117 0.11403989791870117 0.314039945602417 0.35259556770324707 0.30259549617767334 0.3925955295562744 0.34259557723999023
0.9349303245544434 0.8549302816390991 0.9649302959442139 0.9949302673339844 0.9949302673339844 0.8349303007125854 0.7549303770065308 0.7237855195999146 0.6837855577468872 0.793785572052002 0.6837855577468872 0.6837855577468872 0.8137855529785156 0.8437855243682861 0.693785548210144 0.5637855529785156 0.7492257356643677 0.5892257690429688 0.4292258024215698 0.4292258024215698 0.4292258024215698 0.5292258262634277 0.6092257499694824 0.5792257785797119 0.729225754737854 0.504534125328064 0.6445342302322388 0.6445342302322388 0.7445341348648071 0.8545341491699219 0.6046956777572632 0.4846956729888916 0.41482841968536377 0.19482839107513428 0.19482839107513428 0.35353052616119385 2.503405451774597 2.503437042236328 0.5011471509933472 0.3410564661026001 0.5210564136505127 0.5340398550033569 0.5340398550033569 0.28403985500335693 0.44259560108184814 0.35259556770324707 0.5525954961776733 0.34259557723999023
0.8722244501113892 1.0222243070602417 0.9622243642807007 0.9622243642807007 1.132224440574646 0.942224383354187 0.9022244215011597 0.7424412965774536 0.9124413728713989 0.7824413776397705 0.7324413061141968 0.7324413061141968 0.7024413347244263 0.6624413728713989 1.1424413919448853 0.6624413728713989 0.9167971611022949 0.8367971181869507 0.5867971181869507 0.5867971181869507 0.5167971849441528 0.49941563606262207 0.6594157218933105 0.7394156455993652 0.8094156980514526 0.6823360919952393 0.6823360919952393 0.7323360443115234 0.6823360919952393 0.7523360252380371 0.47347497940063477 0.44347500801086426 0.2832181453704834 2.5031226873397827 2.5031226873397827 2.5031630992889404 2.503218650817871 2.5032453536987305 0.17235839366912842 0.2823284864425659 0.34232842922210693 0.2684684991836548 0.2684684991836548 0.2684684991836548 0.34448254108428955 0.3044825792312622 0.40448248386383057 0.3544825315475464
1.1122244596481323 1.1822243928909302 0.9322243928909302 0.9322243928909302 0.9722243547439575 0.9022244215011597 0.7622244358062744 0.8624413013458252 0.75244140625 0.5724413394927979 0.6224414110183716 0.6224414110183716 0.6324414014816284 0.4624413251876831 0.47244131565093994 0.6924413442611694 0.756797194480896 0.8767971992492676 0.8967971801757812 0.8967971801757812 0.8067971467971802 0.49941563606262207 0.4794156551361084 0.40941572189331055 0.5494157075881958 0.6823360919952393 0.6823360919952393 0.7323360443115234 0.7223360538482666 0.4923360347747803 0.4428410530090332 0.392841100692749 0.4529850482940674 2.503061890602112 2.503061890602112 2.503105401992798 2.503105401992798 2.5030912160873413 0.18272244930267334 0.2593424320220947 0.33934247493743896 0.19562005996704102 0.19562005996704102 0.2956200838088989 0.2944824695587158 0.1644824743270874 0.31448256969451904 0.3544825315475464
1.132224440574646 1.002224326133728 0.882224440574646 0.882224440574646 0.9122244119644165 0.882224440574646 0.8122243881225586 1.0024412870407104 0.6724413633346558 1.1424413919448853 0.6624413728713989 0.6624413728713989 0.6824413537979126 0.1524413824081421 -0.1475585699081421 0.4924412965774536 0.7867971658706665 0.7867971658706665 0.9767971038818359 0.9767971038818359 0.4967970848083496 0.8094156980514526 0.5894156694412231 0.34941565990448 0.48941564559936523 0.5923360586166382 0.5923360586166382 0.5923360586166382 0.5023360252380371 0.40233612060546875 0.4628410339355469 0.36284101009368896 2.502975583076477 2.503025531768799 2.503025531768799 2.503105401992798 2.503105401992798 2.503128409385681 0.22228574752807617 0.2993425130844116 0.2993425130844116 0.26561999320983887 0.26561999320983887 0.18562006950378418 0.5044825077056885 0.39448249340057373 0.3644825220108032 0.2944824695587158
1.0622245073318481 0.9322243928909302 0.8922244310379028 0.8922244310379028 0.8222243785858154 0.7222243547439575 0.6622244119644165 0.49244141578674316 0.09244132041931152 0.5224413871765137 1.1424413919448853 1.1424413919448853 0.8224413394927979 0.8924413919448853 0.9124413728713989 0.8324413299560547 1.496968388557434 0.786968469619751 0.9069684743881226 0.9069684743881226 0.8269684314727783 0.9083867073059082 0.8483866453170776 0.6791073083877563 0.4691072702407837 0.3213895559310913 0.3213895559310913 0.3913896083831787 0.40177619457244873 0.291776180267334 0.44235897064208984 2.5026367902755737 2.5027910470962524 2.5028570890426636 2.5028570890426636 2.5028687715530396 2.502846121788025 2.5025689601898193 0.2534058094024658 0.31762707233428955 0.257627010345459 0.38343966007232666 0.38343966007232666 0.2134397029876709 0.30657923221588135 0.326579213142395 0.2965792417526245 0.2965792417526245
1.2122243642807007 0.9222244024276733 0.8922244310379028 0.8922244310379028 0.7322243452072144 0.3122243881225586 0.6622244119644165 0.5924413204193115 0.42244136333465576 0.5524413585662842 0.6824413537979126 0.6824413537979126 0.7224413156509399 0.8324413299560547 0.9324413537979126 0.8224413394927979 0.8369684219360352 0.4969683885574341 0.8369684219360352 0.8369684219360352 0.8369684219360352 0.8185501098632812 1.6285501718521118 0.8490772247314453 0.7890772819519043 0.3713585138320923 0.3713585138320923 0.36135852336883545 0.4416334629058838 0.3415985107421875 0.45247507095336914 2.5025651454925537 2.502682089805603 2.502682089805603 2.502682089805603 2.5027084350585938 2.5027084350585938 2.502641439437866 0.45278704166412354 0.2018747329711914 0.22761714458465576 0.2691437005996704 0.2691437005996704 0.2391437292098999 0.23657917976379395 0.2965792417526245 0.38657915592193604 0.38657915592193604
0.9522243738174438 0.8122243881225586 0.7422244548797607 0.7422244548797607 0.5108822584152222 0.7108821868896484 0.4808821678161621 0.6189756393432617 0.5989755392074585 0.5789755582809448 0.6789755821228027 0.6789755821228027 0.49521708488464355 0.49521708488464355 0.8552170991897583 0.8652170896530151 0.8668652772903442 0.8368653059005737 0.9178903102874756 0.9178903102874756 0.8678902387619019 0.8783947229385376 0.6883946657180786 0.6991244554519653 0.44968104362487793 0.3216935396194458 0.3216935396194458 2.5019458532333374 2.501866579055786 2.5019609928131104 2.5022759437561035 2.5022759437561035 2.502547860145569 2.502547860145569 2.502547860145569 2.502664804458618 2.502664804458618 2.50266432762146 2.50266432762146 2.502788782119751 0.44414007663726807 0.22333669662475586 0.22333669662475586 0.3333367109298706 0.35900306701660156 0.3990030288696289 0.3990030288696289 0.37900304794311523
1.1308822631835938 0.6108822822570801 0.5908821821212769 0.5908821821212769 0.5308822393417358 0.5608822107315063 0.6408822536468506 0.7689756155014038 0.7089755535125732 0.758975625038147 0.7189755439758301 0.7189755439758301 0.715217113494873 0.7752171754837036 0.8652170896530151 0.8452171087265015 0.8968653678894043 0.8468652963638306 0.8468652963638306 0.4978902339935303 0.4978902339935303 0.5983946323394775 0.5183947086334229 0.4391828775405884 2.5016565322875977 2.5016974210739136 2.5016974210739136 2.501830220222473 2.501892924308777 2.5019965171813965 2.5022759437561035 2.5022759437561035 2.502547860145569 2.502547860145569 2.502547860145569 2.502664804458618 2.502664804458618 2.50266432762146 2.50266432762146 2.5024367570877075 0.4434843063354492 0.2033367156982422 0.2033367156982422 0.21333670616149902 0.32900309562683105 0.2690030336380005 0.2790030241012573 0.32900309562683105
0.6608822345733643 0.5308822393417358 0.4808821678161621 0.4808821678161621 0.5108822584152222 0.5908821821212769 0.6408822536468506 0.6889755725860596 0.8489755392074585 0.7889755964279175 0.8989756107330322 0.8989756107330322 0.7452170848846436 0.6252171993255615 0.7852171659469604 0.8552170991897583 0.7874273061752319 0.9574272632598877 0.9574272632598877 0.7782160043716431 0.438215970993042 0.6483056545257568 0.3989523649215698 0.4417465925216675 2.501657247543335 2.5016891956329346 2.5016891956329346 2.5016891956329346 2.501876473426819 2.501876473426819 2.502160668373108 2.502160668373108 2.5024503469467163 2.5024503469467163 2.5024503469467163 2.502593517303467 2.5026779174804688 2.502823233604431 2.502711057662964 0.4422413110733032 0.45752596855163574 0.45752596855163574 0.399908185005188 0.2799081802368164 0.3390030860900879 0.41900312900543213 0.5190030336380005 0.35900306701660156
0.5508822202682495 0.5108822584152222 0.520882248878479 0.520882248878479 0.520882248878479 0.5508822202682495 0.6008821725845337 0.6983792781829834 0.658379316329956 0.658379316329956 0.7483793497085571 0.7483793497085571 0.7933727502822876 0.8833727836608887 0.6857573986053467 0.5957573652267456 0.4396042823791504 0.6396043300628662 0.6396043300628662 0.43838071823120117 0.44109678268432617 2.5011425018310547 2.5013164281845093 2.5014564990997314 2.5014564990997314 2.5015735626220703 2.5015735626220703 2.5015735626220703 2.5016932487487793 2.5017049312591553 2.5019900798797607 2.502259612083435 2.5023351907730103 2.502148747444153 2.502148747444153 0.31248557567596436 0.36343884468078613 0.505103588104248 0.5151036977767944 0.4276409149169922 0.3576408624649048 0.3576408624649048 0.35078001022338867 0.24077999591827393 0.39551055431365967 0.4955105781555176 0.46551060676574707 0.43551063537597656
0.6108822822570801 0.5708822011947632 0.6508822441101074 0.6508822441101074 0.58088219165802 0.5908821821212769 0.6508822441101074 1.1383793354034424 0.7083792686462402 0.568379282951355 0.6083792448043823 0.6083792448043823 0.6433727741241455 0.7233726978302002 0.5857573747634888 0.5757573843002319 0.4396042823791504 0.4396042823791504 0.4396042823791504 2.5011502504348755 2.501104235649109 2.5011972188949585 2.5012813806533813 2.5014564990997314 2.5014564990997314 2.5015735626220703 2.5015735626220703 2.5015735626220703 2.501638889312744 0.45142877101898193 0.28148984909057617 0.34224724769592285 0.402521014213562 0.3625810146331787 0.3625810146331787 0.413570761680603 0.44484150409698486 0.45510363578796387 0.695103645324707 0.4276409149169922 0.47764086723327637 0.47764086723327637 0.37077999114990234 0.22078001499176025 0.5955106019973755 0.4955105781555176 0.6055105924606323 0.5855106115341187
0.5408822298049927 0.6608822345733643 0.58088219165802 0.58088219165802 0.5508822202682495 0.5308822393417358 0.5308822393417358 0.508379340171814 0.5383793115615845 0.46837925910949707 0.45837926864624023 0.45837926864624023 0.5617245435714722 0.4517245292663574 0.5010040998458862 2.501101016998291 2.501098155975342 2.501025080680847 2.501025080680847 2.5011085271835327 2.5011085271835327 2.501240611076355 2.501240611076355 2.5013738870620728 2.5013738870620728 2.5013985633850098 2.5013985633850098 0.20133447647094727 0.35150909423828125 0.2420722246170044 0.3430105447769165 0.4330105781555176 0.4035665988922119 0.3535665273666382 0.3535665273666382 0.39535439014434814 0.7653543949127197 0.4567216634750366 0.5167217254638672 0.44877493381500244 0.4987748861312866 0.4987748861312866 0.41202449798583984 0.5120244026184082 0.38551056385040283 0.8855105638504028 0.6155105829238892 0.6755106449127197
0.49908876419067383 0.45908868312835693 0.5090887546539307 0.5090887546539307 0.549088716506958 0.43908870220184326 0.489088773727417 0.4270089864730835 0.44700896739959717 0.457008957862854 0.457008957862854 0.3670090436935425 0.36204755306243896 0.43204760551452637 0.4512181282043457 2.501181483268738 2.5011411905288696 2.5011411905288696 2.5011411905288696 2.5011186599731445 2.5011186599731445 2.501197099685669 2.5012367963790894 2.5012861490249634 2.501338481903076 0.3912980556488037 0.3912980556488037 0.5014716386795044 0.28247857093811035 0.2624785900115967 0.3946305513381958 0.4246305227279663 0.40463054180145264 0.40463054180145264 0.40463054180145264 0.4369618892669678 0.4469618797302246 0.6069618463516235 0.39696192741394043 0.39117467403411865 0.4811745882034302 0.4811745882034302 0.4611746072769165 0.5111745595932007 0.43104755878448486 0.4910475015640259 0.5610475540161133 0.641047477722168
0.5290887355804443 0.4290887117385864 0.4790886640548706 0.4790886640548706 0.4490886926651001 0.4190887212753296 0.3490886688232422 0.3570089340209961 0.3370089530944824 0.31700897216796875 0.31700897216796875 0.4870089292526245 0.17204761505126953 0.2620476484298706 0.25938987731933594 2.501224160194397 2.501106023788452 2.5011751651763916 2.5011751651763916 2.5010920763015747 0.31107616424560547 0.2910386323928833 0.3511943817138672 0.36137163639068604 0.37137162685394287 0.3215956687927246 0.3215956687927246 0.2915956974029541 0.2831231355667114 0.3331230878829956 0.69463050365448 0.38463056087493896 0.4146305322647095 0.4146305322647095 0.6546305418014526 0.5369619131088257 0.5969618558883667 0.516961932182312 0.48696184158325195 0.4011746644973755 0.3111746311187744 0.3111746311187744 0.42117464542388916 0.3611745834350586 0.5210474729537964 0.581047534942627 0.5410475730895996 0.5210474729537964
0.30908870697021484 0.3990887403488159 0.40908873081207275 0.40908873081207275 0.4790886640548706 0.4490886926651001 0.299088716506958 0.3570089340209961 0.44700896739959717 0.44700896739959717 0.44700896739959717 0.4870089292526245 0.3016718626022339 0.3016718626022339 0.18126201629638672 0.36852288246154785 0.4296455383300781 0.11973440647125244 0.11973440647125244 0.4209045171737671 0.3005950450897217 0.35084640979766846 0.39108240604400635 0.41137170791625977 0.3313716650009155 0.2915956974029541 0.2915956974029541 0.3115956783294678 0.44312310218811035 0.34312307834625244 0.40463054180145264 0.5446305274963379 0.69463050365448 0.69463050365448 0.4746304750442505 0.5269619226455688 0.5969618558883667 0.5369619131088257 0.5369619131088257 0.5311746597290039 0.4011746644973755 0.4011746644973755 0.4011746644973755 0.38117456436157227 0.48104751110076904 1.04104745388031 0.5310475826263428 0.5010474920272827
0.18908870220184326 0.3990887403488159 0.549088716506958 0.549088716506958 0.6890887022018433 0.3490886688232422 0.40908873081207275 0.3191720247268677 0.4291720390319824 0.9991719722747803 0.9991719722747803 0.45917201042175293 0.5216140747070312 0.5216140747070312 0.4535025358200073 0.5235025882720947 0.4864010810852051 0.5164011716842651 0.5164011716842651 0.29873156547546387 0.31873154640197754 0.2706258296966553 0.37062573432922363 0.35140490531921387 0.42140495777130127 0.40243983268737793 0.40243983268737793 0.34243977069854736 0.4524397850036621 0.7324397563934326 0.5746636390686035 0.45466363430023193 0.43466365337371826 0.43466365337371826 0.5346636772155762 0.5971773862838745 0.9171774387359619 0.4971773624420166 0.5971773862838745 0.38186752796173096 0.48186755180358887 0.48186755180358887 0.3618675470352173 0.42186760902404785 0.4910475015640259 0.5410475730895996 0.6310474872589111 0.5110474824905396
0.3890887498855591 0.6090887784957886 0.4290887117385864 0.4290887117385864 0.43908870220184326 0.9890886545181274 0.33908867835998535 0.25917208194732666 0.5891720056533813 0.549172043800354 0.549172043800354 0.6791720390319824 0.671139121055603 0.6511391401290894 1.003294825553894 0.7132948637008667 0.5844310522079468 0.47443103790283203 0.47443103790283203 0.3477928638458252 0.37779295444488525 0.339907169342041 0.41990721225738525 0.36106276512145996 0.5310628414154053 0.5624397993087769 0.5624397993087769 0.49243974685668945 0.55243980884552 0.5024397373199463 0.46466362476348877 0.6346637010574341 0.6346637010574341 0.6346637010574341 0.544663667678833 0.6571774482727051 0.5571774244308472 0.6371774673461914 0.7071774005889893 0.6718676090240479 1.0218675136566162 1.0218675136566162 0.4618675708770752 0.7418675422668457 0.641047477722168 0.6510475873947144 0.5710475444793701 0.641047477722168
