SimulationData/Scenarios/Waterwolf/Flooding/Uitdammerdijk/1380.asc
ncols        561
nrows        278
xllcorner    4.817258165162
yllcorner    52.370746892638
cellsize     0.000511251697
NODATA_value  -9999
[rows 110 to 131 of 278, columns 384 to 431 of 561]
2.1444826126098633 2.1244826316833496 2.104482650756836 2.164482593536377 2.2144362926483154 2.0944364070892334 1.9444363117218018 1.9444363117218018 2.174436330795288 2.2144362926483154 2.2244365215301514 2.244436502456665 2.0944364070892334 2.334386110305786 2.334386110305786 2.1043860912323 1.9543864727020264 1.8243863582611084 1.8143341541290283 1.7643344402313232 2.5443341732025146 1.7943341732025146 1.7943341732025146 2.2643027305603027 2.544302463531494 1.7343025207519531 1.6343026161193848 1.4642860889434814 1.3542861938476562 1.2242860794067383 1.2242860794067383 0.2042860984802246 -1.009117990732193 0.46088194847106934 0.45557689666748047 0.45557689666748047 -1.2067252546548843 -1.2067252546548843 0.4932746887207031 -1.7867252826690674 -1.6767252683639526 0.5179423093795776 0.5179423093795776 -0.3320576548576355 -0.7920576333999634 -0.7920576333999634 -1.1720576286315918 -0.7820576429367065
2.114459753036499 2.1544597148895264 2.17445969581604 1.9044597148895264 1.8544361591339111 1.4144363403320312 1.6944363117218018 1.6944363117218018 2.54443621635437 2.54443621635437 1.934436559677124 2.1444361209869385 2.0344364643096924 2.08437180519104 2.08437180519104 2.1043717861175537 2.0143721103668213 2.3043720722198486 2.0643272399902344 1.964327335357666 1.964327335357666 1.8743271827697754 1.8743271827697754 1.8143022060394287 1.8443024158477783 1.7843024730682373 1.734302282333374 1.6542961597442627 1.44429612159729 1.134291648864746 1.134291648864746 -1.8657084107398987 -0.5346803069114685 0.47531962394714355 -0.6498749256134033 -0.7898748815059662 -0.33829450607299805 -0.33829450607299805 -0.21829456090927124 -0.0482945442199707 0.5017054080963135 -0.002057671546936035 -0.4220576286315918 -0.2320576310157776 0.0079423189163208 0.0079423189163208 -0.22205764055252075 -1.0120576322078705
2.304459810256958 2.2644598484039307 2.2244598865509033 2.104459524154663 2.0144364833831787 1.2744362354278564 1.4444363117218018 1.4444363117218018 2.164436101913452 2.2044365406036377 2.2544362545013428 2.234436273574829 2.564436197280884 2.2543718814849854 2.2543718814849854 2.1843721866607666 2.1643717288970947 2.08437180519104 2.1143274307250977 1.974327564239502 1.9343276023864746 1.8143272399902344 1.8143272399902344 1.9643023014068604 1.864302396774292 1.8343021869659424 1.8743021488189697 2.074300765991211 1.76430082321167 0.4953564405441284 0.4953564405441284 0.8253563642501831 0.48140084743499756 0.0914008617401123 -0.09033668041229248 -0.8003367483615875 -0.3282945156097412 -0.3282945156097412 -0.28829455375671387 -0.45829451084136963 -0.17829453945159912 0.09794235229492188 0.16794240474700928 -0.4220576286315918 -0.19205760955810547 -0.19205760955810547 -0.012057662010192871 -0.28205764293670654
2.3344595432281494 2.244459867477417 2.17445969581604 1.92445969581604 1.614436388015747 0.8244361877441406 1.424436330795288 1.424436330795288 2.0344364643096924 2.314436197280884 2.29443621635437 2.2744362354278564 2.54443621635437 2.394371747970581 2.394371747970581 2.214371919631958 2.08437180519104 2.024371862411499 2.224327564239502 2.0643272399902344 1.9143271446228027 1.9543275833129883 1.9543275833129883 1.914302110671997 1.934302568435669 1.9043023586273193 1.934302568435669 1.884300708770752 -1.145699381828308 -1.145699381828308 -0.6746436059474945 -1.024643611162901 0.0914008617401123 0.021400928497314453 -0.49033671617507935 -0.310336709022522 -0.02829456329345703 -0.02829456329345703 -0.39829450845718384 -0.3182945251464844 -0.6382945477962494 -0.5520576536655426 -0.13205760717391968 0.19794237613677979 0.18794238567352295 0.18794238567352295 0.36794233322143555 -0.7620576322078705
2.3344547748565674 2.2644550800323486 2.234454870223999 2.2244551181793213 2.0744364261627197 2.184436559677124 2.104436159133911 2.104436159133911 1.9644362926483154 2.1544363498687744 2.184436559677124 1.9644362926483154 1.8844363689422607 2.544369697570801 2.544369697570801 1.474370002746582 1.2443697452545166 0.9643697738647461 2.214308261871338 2.5443081855773926 1.9543085098266602 1.7543082237243652 1.7543082237243652 2.024296760559082 1.904296875 1.8742966651916504 1.844296932220459 1.6342995166778564 -2.3357005268335342 -2.3357005268335342 0.18645107746124268 0.48645102977752686 0.19537675380706787 -0.2246232032775879 -0.4846232533454895 -0.3246232271194458 -0.08257168531417847 -0.08257168531417847 -0.4625716209411621 -0.32257163524627686 -0.6925716698169708 -0.4482259750366211 -0.25822603702545166 -0.4982260465621948 0.27177393436431885 0.27177393436431885 0.6917740106582642 0.5217739343643188
1.3944549560546875 1.1544549465179443 1.4544551372528076 2.54445481300354 2.434436559677124 1.8344361782073975 1.8344361782073975 2.054436445236206 2.0944364070892334 2.124436140060425 2.1344363689422607 2.0844361782073975 2.1444361209869385 2.144369602203369 2.144369602203369 2.094369888305664 1.7943696975708008 1.8943696022033691 1.6043081283569336 2.0643081665039062 2.3743081092834473 2.08430814743042 2.08430814743042 2.034296989440918 1.9342970848083496 1.834296703338623 1.7342967987060547 1.424299716949463 -2.2357002794742584 -2.2357002794742584 -0.22199344635009766 0.48800647258758545 -0.14462316036224365 -0.14462321996688843 0.22537672519683838 0.4853767156600952 -0.33257168531417847 -0.33257168531417847 -0.6725716888904572 -0.3725716471672058 -0.4025716781616211 -0.19822603464126587 -0.03822600841522217 -0.1082260012626648 0.3217740058898926 0.3217740058898926 0.5217739343643188 0.5217739343643188
2.1944549083709717 2.184455156326294 2.114454984664917 2.234454870223999 2.2544362545013428 2.484436273574829 2.484436273574829 2.234436273574829 2.184436559677124 2.2144362926483154 2.2044365406036377 2.2044365406036377 2.2244365215301514 2.1943697929382324 2.1943697929382324 2.0643696784973145 2.2643768787384033 2.274376630783081 2.0342800617218018 2.064279794692993 2.1842801570892334 2.394279718399048 2.394279718399048 2.044281482696533 1.8942813873291016 1.7942824363708496 1.6142826080322266 1.05161452293396 -0.1983853578567505 -0.1983853578567505 0.49026167392730713 -0.58973827958107 -0.5150859355926514 -0.6550859212875366 -0.4550859332084656 -0.41508591175079346 0.5182828903198242 0.5182828903198242 0.3382829427719116 -0.08171707391738892 0.5182828903198242 0.39177393913269043 0.3317739963531494 0.4217740297317505 0.3617739677429199 0.3617739677429199 0.5217739343643188 0.5217739343643188
2.224475622177124 2.1844756603240967 2.2644755840301514 2.1944754123687744 2.2544362545013428 2.304436445236206 2.304436445236206 2.2844364643096924 2.354436159133911 2.354436159133911 2.234436273574829 2.54443621635437 2.304436445236206 2.2443768978118896 2.2443768978118896 2.3043768405914307 2.4343769550323486 2.1843769550323486 2.454280138015747 2.0942800045013428 2.274279832839966 2.144279718399048 2.144279718399048 1.9842815399169922 1.9142813682556152 1.7242827415466309 1.6842827796936035 -0.14838534593582153 0.49161458015441895 0.49161458015441895 -0.5197382569313049 -0.5197382569313049 -0.535085916519165 -0.5750859081745148 -0.35508590936660767 0.5149140357971191 0.5182828903198242 0.5182828903198242 0.5182828903198242 0.5182828903198242 0.5182828903198242 0.5217739343643188 0.29177403450012207 0.5217739343643188 0.5217739343643188 0.5217739343643188 0.5217739343643188 0.031774044036865234
2.104475259780884 2.1344754695892334 2.1144754886627197 2.144475221633911 2.2144362926483154 2.304436445236206 2.304436445236206 2.3344361782073975 2.4044363498687744 2.314436197280884 2.354436159133911 2.4044363498687744 2.3944361209869385 2.4143764972686768 2.4143764972686768 2.3643767833709717 2.2043769359588623 1.9443767070770264 2.204280138015747 2.064279794692993 2.074280023574829 2.13427996635437 2.13427996635437 1.9442603588104248 1.7542603015899658 1.5842678546905518 1.2142679691314697 -0.38819319009780884 0.4918067455291748 0.4918067455291748 -0.5699999928474426 -0.47999998927116394 -0.6350859105587006 -0.4250859022140503 0.5149140357971191 -0.765085905790329 -0.8717170655727386 -0.8717170655727386 -0.9217170476913452 -0.21171706914901733 0.5182828903198242 0.5217739343643188 0.5217739343643188 0.5217739343643188 0.5217739343643188 0.5217739343643188 0.5217739343643188 -0.17822599411010742
1.7545199394226074 1.9145197868347168 1.96451997756958 2.154520034790039 2.544496536254883 2.3044967651367188 2.3044967651367188 2.284496784210205 2.1344966888427734 2.2844653129577637 2.2744650840759277 2.2244653701782227 2.26446533203125 2.254436492919922 2.254436492919922 2.2244367599487305 2.194436550140381 2.114436626434326 2.1242244243621826 2.0142247676849365 1.9442245960235596 1.91422438621521 1.91422438621521 1.6342039108276367 1.184203863143921 0.9842348098754883 -1.7257651090621948 0.019346237182617188 0.05934619903564453 0.05934619903564453 -0.7706538140773773 -0.4906538128852844 -0.2603558897972107 -0.25035589933395386 -0.7803559005260468 -0.7803559005260468 -0.6103559136390686 -0.6103559136390686 -0.6903558969497681 -0.9203559160232544 -0.7103559076786041 -0.3288730978965759 0.5411268472671509 0.18112695217132568 0.18112695217132568 0.16112685203552246 0.26112687587738037 0.10112690925598145
1.6145200729370117 2.0545201301574707 2.024519920349121 2.094520092010498 2.0544967651367188 2.214496612548828 2.214496612548828 2.094496726989746 2.3044967651367188 2.5444650650024414 2.5444650650024414 2.124464988708496 2.1144652366638184 1.9344367980957031 1.9344367980957031 1.7944364547729492 1.9144363403320312 1.9444365501403809 1.9442245960235596 2.544224500656128 1.7642247676849365 1.7642247676849365 1.6242244243621826 1.5242037773132324 0.9742038249969482 0.6842348575592041 -1.465765118598938 -0.25065380334854126 -0.6806538105010986 -0.6806538105010986 0.49934613704681396 0.49934613704681396 0.5096440315246582 -0.8603559136390686 -0.720355898141861 -0.6503559052944183 -0.6003559231758118 -0.6003559231758118 -0.490355908870697 -0.6303559243679047 -0.44035589694976807 -0.3188731074333191 0.5411268472671509 -0.08887308835983276 -0.08887308835983276 -0.278873085975647 -0.6888731122016907 -0.45887309312820435
1.96451997756958 2.0645198822021484 2.0645198822021484 2.3045201301574707 2.1144967079162598 2.344496726989746 2.344496726989746 2.224496841430664 2.1244964599609375 2.4344654083251953 2.1044650077819824 2.3044652938842773 1.76446533203125 1.5244364738464355 1.5244364738464355 1.5044364929199219 2.544436454772949 1.8644366264343262 1.8942244052886963 2.544224500656128 1.544224500656128 1.544224500656128 1.3842246532440186 1.1040551662445068 0.714055061340332 -0.5108237862586975 0.1091761589050293 -0.5206537842750549 -0.4206538200378418 -0.4206538200378418 -0.610653817653656 -0.6406538188457489 -0.7503558993339539 -0.8503559231758118 -0.6803559064865112 -0.6203559041023254 -0.9003559052944183 -0.9003559052944183 -0.6803559064865112 -0.8503559231758118 -0.37035590410232544 -0.3188731074333191 -0.30887311697006226 -0.478873074054718 -0.478873074054718 -0.478873074054718 -0.6988731026649475 -0.5388731062412262
1.8345842361450195 1.9145841598510742 2.0245842933654785 2.1445841789245605 2.054558515548706 2.174558401107788 2.174558401107788 2.2545583248138428 2.1445581912994385 2.2944767475128174 2.5444767475128174 2.124476671218872 1.824476957321167 1.5844907760620117 1.5844907760620117 1.6444907188415527 1.9843816757202148 1.7143816947937012 1.724534273147583 2.094534158706665 1.4539639949798584 1.4539639949798584 1.3739638328552246 0.7936060428619385 -0.03639388084411621 0.4991488456726074 -0.8008511066436768 -0.8649005591869354 -0.414900541305542 -0.414900541305542 -0.5049005746841431 -0.49490052461624146 -0.9203559160232544 -0.740355908870697 -0.6903558969497681 -0.8403559029102325 -0.8103559166193008 -0.8103559166193008 -0.5703559219837189 -0.540355920791626 -0.9303559064865112 -0.3788731098175049 -0.6088730990886688 -0.7588731050491333 -0.7588731050491333 -0.8588730990886688 -0.5888730883598328 -0.35887306928634644
1.7745842933654785 1.8545842170715332 2.004584312438965 1.8445844650268555 1.9645583629608154 2.04455828666687 2.04455828666687 2.0945584774017334 2.2245585918426514 2.1744768619537354 2.2844769954681396 2.0544769763946533 1.954477071762085 1.9044909477233887 1.9044909477233887 1.574491024017334 1.7543816566467285 1.3743817806243896 1.094534158706665 1.6745340824127197 1.8839638233184814 1.8839638233184814 1.6139638423919678 0.6236062049865723 -2.8363938331604004 0.4991488456726074 -0.6512938439846039 -0.5149005651473999 -0.6149005591869354 -0.6149005591869354 -0.3949005603790283 -0.42490053176879883 -0.490355908870697 -0.4003559350967407 -0.7603559195995331 -0.6203559041023254 -0.2703559398651123 -0.2703559398651123 -0.43035590648651123 -0.490355908870697 -0.7703559100627899 0.5411268472671509 -0.8088730871677399 -0.33887308835983276 -0.33887308835983276 -0.3488730788230896 -0.48887312412261963 -0.3888731002807617
1.1645843982696533 1.3445844650268555 1.4045844078063965 1.5045843124389648 1.5245583057403564 1.374558448791504 1.374558448791504 1.5345585346221924 1.554558515548706 1.694476842880249 1.50447678565979 1.3144769668579102 1.25447678565979 0.72444748878479 0.72444748878479 1.0944476127624512 -0.3459014892578125 -0.5759015083312988 -1.0772716999053955 -1.2872717380523682 0.463370680809021 0.463370680809021 0.23337078094482422 -1.5601573884487152 -0.5801573991775513 0.4987061023712158 -0.9212938547134399 -0.8049005568027496 -0.5949005484580994 -0.5949005484580994 -0.7749005556106567 -0.4549005627632141 -0.7703559100627899 -0.5003558993339539 -0.4503558874130249 -0.41035592555999756 -0.41035592555999756 -0.5803559124469757 -0.6003559231758118 -0.4603559374809265 -0.7303559184074402 0.26112687587738037 -0.798873096704483 -0.29887306690216064 -0.29887306690216064 -0.5088731050491333 -0.7188731133937836 -0.7088730931282043
0.7146296501159668 0.8046298027038574 1.0247514247894287 1.004751443862915 1.0147364139556885 1.044736385345459 1.044736385345459 1.0947773456573486 1.0147771835327148 1.194565773010254 1.1445658206939697 0.5942044258117676 0.3242044448852539 1.0767518281936646 1.0767518281936646 0.30675172805786133 0.2582806348800659 0.49828052520751953 0.19073307514190674 0.35073304176330566 0.3807331323623657 0.3807331323623657 -0.5492669343948364 0.5144201517105103 0.05442023277282715 0.2844202518463135 0.3444201946258545 0.5451185703277588 0.5751185417175293 0.5751185417175293 -0.25488150119781494 -0.6048814654350281 -0.6176271438598633 -0.4976271390914917 -0.5976271331310272 -0.4276271462440491 -0.4276271462440491 -0.028670012950897217 -0.41867005825042725 -0.6986700296401978 -0.31867003440856934 0.5603528022766113 -0.35964715480804443 -0.4096471667289734 -0.4096471667289734 -0.23964715003967285 -0.3099833130836487 -0.739983320236206
0.2996450662612915 0.46964502334594727 0.46899986267089844 0.46899986267089844 0.47040581703186035 0.47040581703186035 0.47040581703186035 0.47268497943878174 0.47268497943878174 0.47763097286224365 0.47763097286224365 0.2876133918762207 0.23761332035064697 0.477154016494751 0.477154016494751 0.36715400218963623 0.42841219902038574 0.9084122180938721 0.37073302268981934 0.01073312759399414 0.5007330179214478 0.5007330179214478 0.270733118057251 0.35442018508911133 0.06442022323608398 0.3244202136993408 0.3944202661514282 0.4551185369491577 0.28511857986450195 0.28511857986450195 0.2251185178756714 0.20511853694915771 0.5523728132247925 0.4123728275299072 0.19237291812896729 0.2223728895187378 0.2223728895187378 0.0713300108909607 0.0313299298286438 0.42132991552352905 0.4713299870491028 0.5603528022766113 0.020352840423583984 -0.21964716911315918 -0.21964716911315918 -0.729647159576416 -0.5099833011627197 -0.3699833154678345
0.5496450662612915 0.5296450853347778 0.5089999437332153 0.5589998960494995 0.4504058361053467 1.1304059028625488 1.1304059028625488 0.5326850414276123 0.47268497943878174 0.47763097286224365 0.3076310157775879 0.3076133728027344 0.32761335372924805 0.32761335372924805 0.24715399742126465 0.477154016494751 0.42841219902038574 0.33841216564178467 0.5007330179214478 0.5007330179214478 0.29073309898376465 0.29073309898376465 0.3007330894470215 0.45442020893096924 0.43442022800445557 0.18442022800445557 0.40442025661468506 0.3251185417175293 0.2551184892654419 0.2551184892654419 0.3051185607910156 0.31511855125427246 0.2823728322982788 0.36237287521362305 0.3523728847503662 0.5523728132247925 0.5523728132247925 0.29132992029190063 0.4313299059867859 0.4013299345970154 0.33133000135421753 0.5603528022766113 -0.5496471524238586 -0.7196471393108368 -0.7196471393108368 -0.29964715242385864 -0.5799832940101624 -0.6099832952022552
0.5002338886260986 0.46023380756378174 1.130233883857727 0.48023390769958496 0.3756580352783203 0.8856580257415771 0.8856580257415771 0.38565802574157715 0.38565802574157715 0.367181658744812 0.24718165397644043 0.8971816301345825 0.367181658744812 0.367181658744812 0.3508254289627075 0.2908254861831665 0.2208254337310791 -0.3691745400428772 0.5388489961624146 0.5088489055633545 0.728848934173584 0.728848934173584 0.5188490152359009 0.405470609664917 0.3154705762863159 0.6054705381393433 0.14547061920166016 0.15750598907470703 0.16750609874725342 0.16750609874725342 0.5375059843063354 0.3375060558319092 0.235609769821167 0.17560970783233643 0.31560981273651123 0.1856098175048828 0.1856098175048828 0.38450801372528076 0.3345080614089966 0.25450801849365234 0.3045079708099365 0.5685201287269592 -0.6514798104763031 -0.3714798092842102 -0.3714798092842102 -0.7714798152446747 -0.40169602632522583 -0.2316960096359253
0.4502338171005249 0.3902338743209839 0.4502338171005249 0.35023391246795654 0.2756580114364624 0.3756580352783203 0.3756580352783203 0.3256579637527466 0.35565805435180664 0.33718156814575195 0.3471815586090088 0.3171815872192383 0.27718162536621094 0.27718162536621094 0.33082544803619385 0.24082541465759277 -0.44917452335357666 0.2208254337310791 0.4588489532470703 0.6188489198684692 0.5588489770889282 0.5588489770889282 0.4488489627838135 1.025470495223999 0.25547051429748535 0.05547058582305908 0.20547056198120117 0.2175060510635376 0.38750600814819336 0.38750600814819336 0.3175060749053955 0.22750604152679443 0.2656097412109375 0.27560973167419434 0.21560978889465332 0.3656097650527954 0.3656097650527954 0.3445080518722534 0.20450806617736816 0.32450807094573975 0.31450796127319336 0.5685201287269592 -0.7814798057079315 -0.6914798319339752 -0.6914798319339752 0.5685201287269592 0.5683039426803589 -0.37169599533081055
0.48023390769958496 0.4002338647842407 0.38023388385772705 0.31023383140563965 0.38565802574157715 0.2956579923629761 0.2956579923629761 0.31565797328948975 0.3756580352783203 0.27718162536621094 0.2971816062927246 0.3471815586090088 0.27718162536621094 0.27718162536621094 0.260825514793396 -0.38917452096939087 0.16082549095153809 0.5308254957199097 0.5388489961624146 0.5888489484786987 0.7788490056991577 0.7788490056991577 1.0188488960266113 0.2854706048965454 0.5154705047607422 0.16547060012817383 0.24547052383422852 0.2775059938430786 0.25750601291656494 0.25750601291656494 0.25750601291656494 0.1875060796737671 0.3956097364425659 0.2656097412109375 0.32560980319976807 0.5056097507476807 0.5056097507476807 0.2862575650215149 0.2862575650215149 0.35101616382598877 0.16101610660552979 0.5728726983070374 0.29287272691726685 0.44443291425704956 0.44443291425704956 0.574432909488678 -0.5135980546474457 -0.5635980665683746
0.42691612243652344 0.3569161891937256 0.3569161891937256 0.8869161605834961 0.2917555570602417 0.3417555093765259 0.3417555093765259 0.3517554998397827 0.3817555904388428 0.36175549030303955 0.3417555093765259 0.2617555856704712 -0.31824445724487305 -0.31824445724487305 0.5117900371551514 0.42179012298583984 0.42179012298583984 0.3417900800704956 0.39179015159606934 0.3417900800704956 0.38179004192352295 0.38179004192352295 0.17179012298583984 0.0975189208984375 0.21751892566680908 0.32751893997192383 0.15751898288726807 0.24878740310668945 0.24878740310668945 0.0387873649597168 0.3287874460220337 0.36878740787506104 0.34153157472610474 0.3315315842628479 0.28153151273727417 0.291531503200531 0.291531503200531 0.24625760316848755 0.3562576174736023 0.28101611137390137 0.47101616859436035 0.32287269830703735 0.3428727984428406 0.3444330096244812 0.3444330096244812 0.35443300008773804 0.3364019989967346 0.4764019846916199
