SimulationData/Scenarios/Waterwolf/Flooding/Uitdammerdijk/1380.asc
ncols        561
nrows        278
xllcorner    4.817258165162
yllcorner    52.370746892638
cellsize     0.000511251697
NODATA_value  -9999
[rows 154 to 175 of 278, columns 384 to 431 of 561]
0.5305296182632446 0.4405297040939331 0.4705296754837036 0.48052966594696045 0.48052966594696045 0.18519973754882812 0.22519969940185547 0.5351996421813965 0.5851997137069702 0.5570306777954102 0.5770307779312134 0.6270307302474976 0.6270307302474976 0.7270307540893555 0.5716769695281982 0.3716769218444824 0.38167691230773926 0.5616768598556519 0.5616768598556519 -0.07832306623458862 -0.07832306623458862 0.35167694091796875 0.5416768789291382 0.8651747107505798 0.5751747488975525 0.6451746821403503 0.8251747488975525 0.8251747488975525 0.6672494411468506 0.737249493598938 0.5676994323730469 0.40769946575164795 0.5693356990814209 0.5005914568901062 0.5003568530082703 0.5003568530082703 2.570876181125641 2.5710333585739136 2.5706690549850464 -0.2708807587623596 0.5091192126274109 0.3099830746650696 0.379983127117157 0.379983127117157 0.16998308897018433 0.3899831175804138 0.6103402376174927 0.2903403043746948
0.5505295991897583 0.5505295991897583 0.5905296802520752 0.5705296993255615 0.5705296993255615 0.1651996374130249 0.08519971370697021 0.1651996374130249 0.6551996469497681 0.9670307636260986 0.6670306921005249 0.7470307350158691 0.7470307350158691 0.7370307445526123 1.0716768503189087 0.5216768980026245 0.6116769313812256 0.5716769695281982 0.7816768884658813 0.491676926612854 0.491676926612854 0.40167689323425293 0.6216769218444824 0.24517470598220825 -0.1548253297805786 0.5651746392250061 0.5751747488975525 0.5751747488975525 0.5872495174407959 0.5672494173049927 0.7576994895935059 0.40769946575164795 0.4891067147254944 2.5707667469978333 2.5706894993782043 2.5706894993782043 2.570734977722168 2.570725202560425 2.5703538060188293 0.5691191554069519 -0.010880768299102783 -0.060016930103302 -0.060016930103302 0.4099830985069275 0.49998313188552856 1.0499830842018127 0.48034024238586426 0.40034031867980957
0.5657000541687012 0.4457000494003296 0.4757000207901001 0.5256999731063843 0.5256999731063843 0.3187140226364136 0.14871394634246826 0.48871397972106934 0.39871394634246826 0.539980411529541 0.6199804544448853 1.0699803829193115 1.0699803829193115 0.7499804496765137 0.9716769456863403 0.741676926612854 0.6516768932342529 1.1416770219802856 0.6616768836975098 0.5416768789291382 0.5416768789291382 0.8916769027709961 0.7816768884658813 0.3343096375465393 0.664309561252594 0.8743095993995667 0.604309618473053 0.604309618473053 0.2365824580192566 0.5665823817253113 0.047576963901519775 0.38757699728012085 0.38928788900375366 0.5106706619262695 2.570738136768341 2.570738136768341 2.5706281065940857 2.5704962015151978 0.24891364574432373 -0.45645779371261597 0.1835421919822693 0.32719576358795166 0.32719576358795166 1.057195782661438 0.4671957492828369 0.8571957349777222 0.6161015629768372 0.5261016488075256
0.6256999969482422 0.7457000017166138 1.0656999349594116 1.0656999349594116 1.0656999349594116 0.6487139463424683 0.3787139654159546 0.5887140035629272 0.6087139844894409 1.0699803829193115 0.7799804210662842 0.8799804449081421 0.8799804449081421 0.97998046875 0.9316768646240234 0.9016768932342529 0.8616769313812256 1.0016769170761108 0.6816768646240234 0.6816768646240234 0.6616768836975098 0.5216768980026245 1.4216769933700562 0.5243095755577087 0.4843096137046814 0.3143095374107361 0.6843095421791077 0.6843095421791077 0.5664226412773132 0.4764227271080017 0.46740812063217163 0.42826712131500244 2.568429112434387 2.568427264690399 2.5684444904327393 2.5684444904327393 2.568424105644226 -0.14194238185882568 -0.5606645345687866 -0.0908241868019104 0.5891757607460022 0.2871958017349243 0.2871958017349243 0.2571958303451538 0.39719581604003906 0.41719579696655273 0.4161016345024109 0.4761015772819519
0.8157000541687012 0.6157000064849854 0.6857000589370728 0.7457000017166138 0.7457000017166138 0.8887139558792114 1.008713960647583 0.9787139892578125 0.9987139701843262 0.9099804162979126 0.9999804496765137 0.8899804353713989 0.8899804353713989 0.9199804067611694 0.9016768932342529 0.7616769075393677 0.7316769361495972 0.7316769361495972 1.0616768598556519 1.0616768598556519 0.7116769552230835 0.551676869392395 0.8816769123077393 0.854309618473053 0.604309618473053 0.5643095374107361 0.5643095374107361 0.5643095374107361 0.48642271757125854 0.36642271280288696 0.3179084062576294 2.568375289440155 2.5683894753456116 2.5684033036231995 2.568408727645874 2.568408727645874 2.568461060523987 0.5078232884407043 -0.09079575538635254 0.02917581796646118 -0.5708241760730743 -0.0928041934967041 -0.0928041934967041 0.24719583988189697 0.307195782661438 0.307195782661438 0.33610159158706665 0.4261016249656677
1.0670957565307617 0.8570958375930786 0.8077988624572754 0.8777989149093628 0.8777989149093628 0.8087680339813232 0.8487681150436401 0.7894964218139648 0.8794964551925659 0.7705464363098145 0.8505464792251587 0.9405465126037598 0.9405465126037598 0.8105463981628418 0.9117913246154785 0.8517913818359375 0.9017913341522217 0.9317913055419922 0.8231251239776611 0.8231251239776611 0.8531250953674316 1.0031250715255737 1.0331250429153442 0.8933464884757996 0.48334652185440063 0.37520307302474976 0.3552030920982361 0.3552030920982361 0.5677765607833862 2.5682727694511414 2.5682672262191772 2.5683350563049316 2.5683820843696594 2.5683820843696594 2.5681877732276917 2.5681877732276917 0.3480265736579895 0.3094956874847412 0.10999643802642822 0.24535155296325684 0.06535148620605469 0.6068760752677917 0.6068760752677917 -0.19312387704849243 -0.11312389373779297 -0.3031238913536072 0.30201470851898193 0.40201473236083984
0.6175830364227295 0.737723708152771 0.758362889289856 0.7383629083633423 0.7383629083633423 0.7091045379638672 0.7891044616699219 0.7198159694671631 0.7998158931732178 0.8205465078353882 0.7805464267730713 0.8205465078353882 0.8205465078353882 0.8705464601516724 1.221791386604309 0.8517913818359375 1.0517913103103638 0.9017913341522217 0.9331250190734863 0.9331250190734863 0.9731251001358032 0.8431251049041748 0.643125057220459 0.573835551738739 0.4338354468345642 0.31478631496429443 0.5077993273735046 0.5077993273735046 2.5681657791137695 2.568188965320587 2.5682356357574463 2.5682356357574463 2.5683475732803345 2.568258821964264 0.28730273246765137 0.28730273246765137 0.2706751823425293 0.3318765163421631 0.011876583099365234 0.440443754196167 0.20044374465942383 0.17687612771987915 0.17687612771987915 0.2568761706352234 -0.39312392473220825 0.14687615633010864 0.2220146656036377 0.2720147371292114
0.8380686044692993 0.7080858945846558 0.6783628463745117 0.6283628940582275 0.6283628940582275 0.5491044521331787 0.6591044664382935 0.7098159790039062 0.6998159885406494 0.7705464363098145 0.8605464696884155 0.7705464363098145 0.7705464363098145 0.8605464696884155 0.8317914009094238 0.9717913866043091 0.9317913055419922 0.9422141909599304 0.6831653714179993 0.6831653714179993 0.6831653714179993 0.6342197060585022 0.5742197632789612 0.45368677377700806 0.5174787640571594 2.5677860379219055 2.56786048412323 2.56786048412323 2.567983090877533 2.567983090877533 2.568154215812683 2.568154215812683 2.568175792694092 0.5173883438110352 0.4130062460899353 0.4130062460899353 0.46300631761550903 0.43172013759613037 0.5417201519012451 0.6217201948165894 0.6717201471328735 0.6099151372909546 0.6099151372909546 0.6499152183532715 0.4999152421951294 0.5599151849746704 -0.17409050464630127 -0.3640904426574707
2.5585827827453613 2.5589895248413086 2.5593634843826294 2.5596803426742554 2.5596803426742554 2.5598440170288086 0.4998457431793213 0.45996248722076416 0.6603397130966187 0.500709056854248 1.1407091617584229 0.7912748456001282 0.7912748456001282 0.8512749075889587 0.8618408441543579 0.7818408012390137 0.7922140955924988 0.9522141814231873 0.7431654334068298 0.7431654334068298 0.8031653761863708 0.894219696521759 0.554219663143158 0.5072816014289856 2.5676461458206177 2.56772780418396 2.5678008794784546 2.5678008794784546 2.567983090877533 2.567983090877533 2.568154215812683 2.568154215812683 2.5680463910102844 0.5069175958633423 0.5069175958633423 0.3330063223838806 0.21300631761550903 0.15172016620635986 0.5417201519012451 0.5817201137542725 0.5617201328277588 0.5799151659011841 0.5799151659011841 0.4999152421951294 0.5299152135848999 0.5599151849746704 0.3859095573425293 0.6159094572067261
0.6987799406051636 0.5592375993728638 0.5094822645187378 2.5595251321792603 2.5595251321792603 2.5597951412200928 2.560023546218872 2.560051679611206 0.5604855418205261 0.5009275078773499 0.8409275412559509 0.8409275412559509 0.7612934112548828 0.8012933731079102 0.8321565985679626 0.7521565556526184 0.7124768495559692 0.9324767589569092 0.7532963156700134 0.7532963156700134 0.6135550737380981 0.5440865159034729 2.5671549439430237 2.5673829317092896 2.5675405263900757 2.5676894783973694 2.5676894783973694 2.5676894783973694 2.5678799152374268 2.5678799152374268 2.5681234002113342 2.5680853128433228 0.4072166085243225 0.3707476854324341 0.3707476854324341 0.5122422575950623 0.36224228143692017 0.2317202091217041 0.5417201519012451 0.3617202043533325 0.30172014236450195 0.429915189743042 0.429915189743042 0.5999151468276978 0.5999151468276978 0.5299152135848999 0.6659095287322998 0.2559095621109009
0.5794719457626343 0.599471926689148 0.5599017143249512 0.5399017333984375 0.5399017333984375 0.5401999354362488 0.5001999735832214 2.5608097910881042 0.46053600311279297 0.6309909224510193 0.740990936756134 0.740990936756134 0.5007216930389404 0.25072169303894043 0.6430632472038269 0.6930633187294006 0.5035399198532104 0.5031185150146484 2.5646732449531555 2.5646732449531555 2.565404951572418 2.56641685962677 2.566915810108185 2.5673792362213135 2.5673792362213135 2.5676057934761047 2.5677489638328552 2.5677489638328552 2.56777685880661 0.5171964764595032 0.33804768323898315 0.3131682276725769 0.4106166362762451 0.4706166982650757 0.4706166982650757 0.44512319564819336 0.36512327194213867 0.2968388795852661 0.4668388366699219 0.5168389081954956 0.5668388605117798 0.5964635610580444 0.5964635610580444 1.0964635610580444 0.6064635515213013 0.656463623046875 0.5764635801315308 0.716463565826416
0.47947192192077637 0.49947190284729004 0.5399017333984375 0.5699018239974976 0.5699018239974976 0.4702000021934509 0.5001999735832214 2.5614430904388428 0.5109986662864685 0.40099090337753296 0.5609908699989319 0.5609908699989319 0.3607217073440552 0.33072173595428467 0.5630632042884827 0.43306320905685425 2.5639562606811523 2.563750684261322 2.5630258917808533 2.5630258917808533 0.5147108435630798 2.5666414499282837 2.5670074820518494 2.5673792362213135 2.5673792362213135 2.5676109194755554 0.5172916650772095 0.5172916650772095 0.26790356636047363 0.22990477085113525 0.25318092107772827 0.357316792011261 0.4806166887283325 0.3806166648864746 0.3806166648864746 0.5851231813430786 0.055123209953308105 0.3868389129638672 0.5868388414382935 0.5968388319015503 0.6368389129638672 0.5964635610580444 0.5964635610580444 0.5064636468887329 0.6264636516571045 0.6164635419845581 0.5064636468887329 0.6164635419845581
0.5396444797515869 0.5096445083618164 0.7700581550598145 0.5100581645965576 0.5100581645965576 0.4803317189216614 0.5121347904205322 2.561809718608856 2.561518907546997 2.561439573764801 2.5613900423049927 2.5613900423049927 2.561367928981781 2.5613839626312256 2.561945855617523 2.562742829322815 0.5028567314147949 0.4025900363922119 0.47386008501052856 0.47386008501052856 0.46555137634277344 0.4568633437156677 0.4776483178138733 0.3784707188606262 0.388973593711853 0.5702682733535767 0.2303522825241089 0.2303522825241089 0.35418814420700073 0.3941881060600281 0.2981545925140381 0.4281545877456665 0.43546783924102783 0.4654679298400879 0.4654679298400879 0.3938181400299072 0.3638181686401367 0.40683889389038086 0.6068388223648071 0.6268389225006104 0.5868388414382935 0.5664635896682739 0.5664635896682739 0.6264636516571045 0.6064635515213013 0.9564635753631592 0.5764635801315308 0.5464636087417603
0.5598421096801758 0.5398421287536621 0.5505167245864868 0.5305167436599731 0.5305167436599731 0.4908214211463928 2.56179940700531 2.5615525245666504 2.5615525245666504 2.561454951763153 2.561454951763153 2.561454951763153 2.5615625381469727 2.561237335205078 0.481597363948822 0.47235530614852905 0.44315505027770996 0.4131549596786499 0.4457343816757202 0.4457343816757202 0.4657343626022339 0.3981974720954895 0.43819743394851685 0.3108663558959961 0.410866379737854 0.5729900002479553 0.3629900813102722 0.3629900813102722 0.32259052991867065 0.24259060621261597 0.3525906205177307 0.3525906205177307 0.3813350796699524 0.37133508920669556 0.37133508920669556 0.5213350653648376 0.47133511304855347 0.35918039083480835 0.47918039560317993 0.7191804051399231 0.5491804480552673 0.6264636516571045 0.6264636516571045 0.6064635515213013 0.4964636564254761 0.7664636373519897 0.6064635515213013 0.656463623046875
0.6198421716690063 0.549842119216919 0.5105167627334595 0.45051681995391846 0.45051681995391846 2.561382472515106 2.5615480542182922 2.5615525245666504 2.5615525245666504 2.561454951763153 2.561454951763153 2.561454951763153 2.5614296793937683 0.511212944984436 0.20201092958450317 0.6127392649650574 0.49315500259399414 0.42315495014190674 0.4457343816757202 0.4457343816757202 0.41573429107666016 0.3981974720954895 0.43819743394851685 0.40086638927459717 0.46086645126342773 0.5729900002479553 0.5729900002479553 0.3229900002479553 0.5825905203819275 0.5925906300544739 0.39259058237075806 0.3325905203819275 0.4113350510597229 0.501335084438324 0.501335084438324 0.4813351035118103 0.4313350319862366 0.6091803908348083 0.6491804718971252 0.6391804814338684 0.6891804337501526 0.6064635515213013 0.6064635515213013 0.6764636039733887 0.5464636087417603 0.7764636278152466 0.7564636468887329 0.6064635515213013
0.5098229646682739 0.5598229169845581 0.5113434791564941 0.5113434791564941 2.5614333152770996 2.5614416003227234 2.5614416003227234 2.561466872692108 2.561466872692108 2.5614293217658997 2.5614293217658997 2.5614293217658997 2.561247766017914 0.501012921333313 0.6929075121879578 0.7129074931144714 0.5144014358520508 0.5844014883041382 0.6367054581642151 0.6367054581642151 0.6267054677009583 0.5699358582496643 0.4099358916282654 0.4533812403678894 0.4033811688423157 0.796442449092865 0.796442449092865 0.3364425301551819 0.3525906205177307 0.3525906205177307 0.3825905919075012 0.4525905251502991 0.45133501291275024 0.2613350749015808 0.2613350749015808 0.40133506059646606 0.4313350319862366 0.4191804528236389 0.1391804814338684 0.16918045282363892 0.6491804718971252 0.716463565826416 0.716463565826416 0.6964635848999023 0.5264636278152466 0.6864635944366455 0.8764636516571045 0.6364636421203613
2.1986279487609863 0.35862791538238525 2.561392307281494 2.561392307281494 2.561392307281494 2.5614267587661743 2.5614267587661743 2.561400353908539 2.561400353908539 2.5614571571350098 2.561326026916504 2.561326026916504 0.4310423731803894 0.7519840598106384 0.683200478553772 0.6432005167007446 0.5846874117851257 0.4846873879432678 0.3312665820121765 0.3312665820121765 0.671266496181488 0.611266553401947 0.5012665390968323 0.3961271643638611 0.33612722158432007 0.43156301975250244 0.43156301975250244 0.241563081741333 0.23527538776397705 0.4952753782272339 0.4157283306121826 0.4157283306121826 0.5075156688690186 0.4975156784057617 0.4975156784057617 0.5211807489395142 0.37118077278137207 -0.08340930938720703 1.0865906476974487 0.5895435810089111 0.6595436334609985 0.7140190005302429 0.7140190005302429 0.6240190863609314 0.6340190768241882 0.5740190148353577 0.6710556745529175 0.7110556364059448
4.408955693244934 3.608955979347229 1.5086829662322998 1.5086829662322998 2.558682918548584 2.5614140033721924 2.5614140033721924 2.561284065246582 2.561284065246582 0.5013377070426941 0.6615108251571655 0.6615108251571655 0.7721506357192993 0.6421506404876709 0.6833683252334595 0.5633683204650879 0.6453382968902588 0.5953383445739746 0.5712664723396301 0.5712664723396301 0.5312665104866028 0.39126652479171753 0.611266553401947 0.6903529763221741 0.5603529810905457 0.24493980407714844 0.24493980407714844 2.586269497871399 0.5361561179161072 0.33620649576187134 0.5364684462547302 2.5865325927734375 2.5861746668815613 0.5255812406539917 0.5255812406539917 0.5184083580970764 0.34989506006240845 0.47537606954574585 0.6653761267662048 0.6288797855377197 0.5588797330856323 0.4640190005302429 0.4640190005302429 0.7040190100669861 1.0940189957618713 0.6940190196037292 0.7310556173324585 0.7210556268692017
4.148955941200256 3.5589557886123657 3.7086830139160156 3.7086830139160156 2.378683090209961 2.2514140605926514 0.07141411304473877 2.561284065246582 0.501284122467041 0.5406963229179382 0.8012380003929138 0.8012380003929138 0.6621506214141846 0.7021507024765015 0.653368353843689 0.593368411064148 0.6053383350372314 0.6553382873535156 0.6212665438652039 0.6212665438652039 0.5912665724754333 0.5412665009498596 0.4112665057182312 0.5203530192375183 0.6503530144691467 2.5864588022232056 2.5864588022232056 2.5863505005836487 2.586298882961273 2.5863873958587646 2.5864673256874084 2.5863946080207825 0.45616811513900757 0.3666622042655945 0.3666622042655945 0.45752036571502686 0.32434844970703125 0.47537606954574585 0.6353761553764343 0.6388797760009766 0.6088796854019165 0.5940189957618713 0.5940189957618713 0.6040189862251282 0.6440190672874451 0.6840190291404724 0.641055703163147 0.4310556650161743
3.3992443084716797 3.9792442321777344 3.7792444229125977 3.7792444229125977 3.9092440605163574 3.7791011333465576 4.319101095199585 3.808995008468628 3.758995294570923 3.378636121749878 1.8586359024047852 1.8586359024047852 0.5619288086891174 0.7819288372993469 0.7936810255050659 0.5936810970306396 0.625214159488678 0.5152141451835632 0.6289843916893005 0.6289843916893005 0.44898444414138794 0.46724432706832886 0.44724422693252563 0.5246703028678894 2.5864887833595276 2.5864574909210205 2.5864574909210205 2.5864328145980835 2.586465895175934 2.586465895175934 2.5865383744239807 2.5865848064422607 2.586598217487335 2.586769700050354 2.586769700050354 0.27601903676986694 0.30665475130081177 0.45456182956695557 0.5445618629455566 0.5287774801254272 0.49877750873565674 0.6237698197364807 0.6237698197364807 0.5237697958946228 0.4837697148323059 0.5637697577476501 0.33255183696746826 0.5025519132614136
3.5992441177368164 3.689244270324707 3.809244155883789 3.809244155883789 3.9592442512512207 3.6392606496810913 3.8192609548568726 3.959120512008667 4.319120645523071 3.279235005378723 2.839234709739685 2.839234709739685 2.2960792779922485 0.5560792684555054 0.7144041061401367 0.8044040203094482 0.3449879288673401 0.31498783826828003 0.1806822419166565 0.1806822419166565 0.27068227529525757 0.28010016679763794 0.5824504494667053 2.586365282535553 2.5863922238349915 2.586410641670227 2.586410641670227 2.586410641670227 2.5865204334259033 2.5865204334259033 2.5865871906280518 2.586650311946869 0.5363565683364868 0.5258470177650452 0.5258470177650452 0.3105255961418152 0.3505256772041321 0.11536657810211182 0.6053664684295654 0.6589725017547607 1.0889724493026733 1.0889724493026733 0.513769805431366 0.4037697911262512 0.3337697386741638 0.44376975297927856 0.5725518465042114 0.5425518751144409
3.7792444229125977 4.319244384765625 3.7092442512512207 3.7092442512512207 3.8392443656921387 3.7392605543136597 3.849260687828064 3.959120512008667 3.4291203022003174 3.399234890937805 4.3192349672317505 4.3192349672317505 4.316079497337341 2.1760793924331665 0.5644040107727051 0.7044041156768799 0.56498783826828 0.3049878478050232 0.3049878478050232 -0.05931764841079712 0.11068230867385864 0.4001268148422241 0.40637296438217163 2.586335301399231 2.5863481760025024 2.586410641670227 2.586410641670227 2.586410641670227 2.5865204334259033 2.5865204334259033 2.5865857005119324 2.5862995386123657 0.38643205165863037 0.41837507486343384 0.41837507486343384 0.320525586605072 0.3405255675315857 0.33536648750305176 0.5265345573425293 0.46653449535369873 0.9265345335006714 0.9265345335006714 0.5459340214729309 0.385934054851532 0.49593406915664673 0.5459340214729309 0.5939668416976929 0.6539669036865234
