SimulationData/Scenarios/Waterwolf/Flooding/Uitdammerdijk/1380.asc
ncols        561
nrows        278
xllcorner    4.817258165162
yllcorner    52.370746892638
cellsize     0.000511251697
NODATA_value  -9999
[rows 84 to 111 of 278, columns 384 to 447 of 561]
0.2794111967086792 0.2794111967086792 0.279146671295166 0.279146671295166 -9999 -9999 -9999 -9999 -9999 -9999 -9999 -9999 -9999 -9999 -9999 -9999 -9999 -9999 -9999 -9999 -9999 -9999 -9999 -9999 -9999 -9999 -9999 -9999 -9999 -9999 -9999 -9999 -9999 -9999 -9999 -9999 -9999 -9999 -9999 -9999 -9999 -9999 -9999 -9999 -9999 -9999 -9999 -9999 -9999 -9999 -9999 -9999 -9999 -9999 -9999 -9999 -9999 -9999 -9999 -9999 -9999 -9999 -9999 -9999
0.2794111967086792 0.2794111967086792 0.279146671295166 0.279146671295166 -9999 -9999 -9999 -9999 -9999 -9999 -9999 -9999 -9999 -9999 -9999 -9999 -9999 -9999 -9999 -9999 -9999 -9999 -9999 -9999 -9999 -9999 -9999 -9999 -9999 -9999 -9999 -9999 -9999 -9999 -9999 -9999 -9999 -9999 -9999 -9999 -9999 -9999 -9999 -9999 -9999 -9999 -9999 -9999 -9999 -9999 -9999 -9999 -9999 -9999 -9999 -9999 -9999 -9999 -9999 -9999 -9999 -9999 -9999 -9999
0.9593915939331055 0.9593915939331055 0.9592351913452148 0.9592351913452148 0 0 0 0 0 -9999 -9999 -9999 -9999 -9999 -9999 -9999 -9999 -9999 -9999 -9999 -9999 -9999 -9999 -9999 -9999 -9999 -9999 -9999 -9999 -9999 -9999 -9999 -9999 -9999 -9999 -9999 -9999 -9999 -9999 -9999 -9999 -9999 -9999 -9999 -9999 -9999 -9999 -9999 -9999 -9999 -9999 -9999 -9999 -9999 -9999 -9999 -9999 -9999 -9999 -9999 -9999 -9999 -9999 -9999
0.9592230319976807 0.9592230319976807 0.9591065645217896 0.9591065645217896 0.3388557434082031 0.3388557434082031 0.26836585998535156 0.26836585998535156 0.26836585998535156 -9999 -9999 -9999 -9999 -9999 -9999 -9999 -9999 -9999 -9999 -9999 -9999 -9999 -9999 -9999 -9999 -9999 -9999 -9999 -9999 -9999 -9999 -9999 -9999 -9999 -9999 -9999 -9999 -9999 -9999 -9999 -9999 -9999 -9999 -9999 -9999 -9999 -9999 -9999 -9999 -9999 -9999 -9999 -9999 -9999 -9999 -9999 -9999 -9999 -9999 -9999 -9999 -9999 -9999 -9999
0.9588568210601807 0.9588568210601807 0.9588568210601807 0.9588568210601807 0.9586126804351807 0.9586126804351807 0.9584143161773682 0.9584143161773682 0.9584143161773682 0.26838552951812744 0.26838552951812744 0 0 0 0 0 0 0 0 0 -9999 -9999 -9999 -9999 -9999 -9999 -9999 -9999 -9999 -9999 -9999 -9999 -9999 -9999 -9999 -9999 -9999 -9999 -9999 -9999 -9999 -9999 -9999 -9999 -9999 -9999 -9999 -9999 -9999 -9999 -9999 -9999 -9999 -9999 -9999 -9999 -9999 -9999 -9999 -9999 -9999 -9999 -9999 -9999
0.9588568210601807 0.9588568210601807 0.9588568210601807 0.9588568210601807 0.9586126804351807 0.9586126804351807 0.9584143161773682 0.9584143161773682 0.9584143161773682 0.26838552951812744 0.26838552951812744 0 0 0 0 0 0 0 0 0 -9999 -9999 -9999 -9999 -9999 -9999 -9999 -9999 -9999 -9999 -9999 -9999 -9999 -9999 -9999 -9999 -9999 -9999 -9999 -9999 -9999 -9999 -9999 -9999 -9999 -9999 -9999 -9999 -9999 -9999 -9999 -9999 -9999 -9999 -9999 -9999 -9999 -9999 -9999 -9999 -9999 -9999 -9999 -9999
0.9588568210601807 0.9588568210601807 0.9588568210601807 0.9588568210601807 0.9583942890167236 0.9583942890167236 0.9582655429840088 0.9582655429840088 0.9582655429840088 0.9573413133621216 0.9573413133621216 0.9572218656539917 0.9572218656539917 0.9569272994995117 0.9569272994995117 0.9569272994995117 0.9568686485290527 0.9568686485290527 0.9767905473709106 0.9767905473709106 0.9567556381225586 0.9567556381225586 0.17576301097869873 0.17576301097869873 0.17576301097869873 0.17547106742858887 0.17547106742858887 -9999 -9999 -9999 -9999 -9999 -9999 -9999 -9999 -9999 -9999 -9999 -9999 -9999 -9999 -9999 -9999 -9999 -9999 -9999 -9999 -9999 -9999 -9999 -9999 -9999 -9999 -9999 -9999 -9999 -9999 -9999 -9999 -9999 -9999 -9999 -9999 -9999
0.9587488174438477 0.9587488174438477 0.9587488174438477 0.9587488174438477 0.9580469131469727 0.9580469131469727 0.9580469131469727 0.9580469131469727 0.9580469131469727 0.9571932554244995 0.9571932554244995 0.9571932554244995 0.9571932554244995 0.9568926095962524 0.9568926095962524 0.9568926095962524 0.9568926095962524 0.9568926095962524 1.0167877674102783 1.0167877674102783 0.956721305847168 0.956721305847168 0.9566731452941895 0.9566731452941895 0.9566731452941895 0.9566699266433716 0.9566699266433716 0.2666574716567993 0.2666574716567993 0 0 0 0 0 0 0 -9999 -9999 -9999 -9999 -9999 0 0 0 0 0 0 0 0 0 -9999 -9999 -9999 -9999 -9999 -9999 -9999 -9999 -9999 -9999 -9999 -9999 -9999 -9999
0.9587488174438477 0.9587488174438477 0.9587488174438477 0.9587488174438477 0.9580469131469727 0.9580469131469727 0.9580469131469727 0.9580469131469727 0.9580469131469727 0.9571932554244995 0.9571932554244995 0.9571932554244995 0.9571932554244995 0.9568926095962524 0.9568926095962524 0.9568926095962524 0.9568926095962524 0.9568926095962524 1.0167877674102783 1.0167877674102783 0.956721305847168 0.956721305847168 0.9566731452941895 0.9566731452941895 0.9566731452941895 0.9566699266433716 0.9566699266433716 0.2666574716567993 0.2666574716567993 0 0 0 0 0 0 0 -9999 -9999 -9999 -9999 -9999 0 0 0 0 0 0 0 0 0 -9999 -9999 -9999 -9999 -9999 -9999 -9999 -9999 -9999 -9999 -9999 -9999 -9999 -9999
0.9587488174438477 0.9587488174438477 0.9587488174438477 0.9587488174438477 0.9580469131469727 0.9580469131469727 0.9580469131469727 0.9580469131469727 0.9580469131469727 0.9571932554244995 0.9571932554244995 0.9571932554244995 0.9571932554244995 0.9568926095962524 0.9568926095962524 0.9568926095962524 0.9568926095962524 0.9568926095962524 0.9567580223083496 0.9567580223083496 0.9566817283630371 0.9566817283630371 0.9566627740859985 0.9566627740859985 0.9566627740859985 0.9566755294799805 0.9566755294799805 0.9566929340362549 0.9566929340362549 0.8665790557861328 0.8665790557861328 0.8665790557861328 0 0 0 0 -9999 -9999 -9999 -9999 -9999 0 0 0 0 0 0 0 0 0 -9999 -9999 -9999 -9999 -9999 -9999 -9999 -9999 -9999 -9999 -9999 -9999 -9999 -9999
0.9587488174438477 0.9587488174438477 0.9587488174438477 0.9587488174438477 0.9677562713623047 0.9677562713623047 0.9677562713623047 0.9677562713623047 0.9677562713623047 0.9569689035415649 0.9569689035415649 0.9569689035415649 0.9569689035415649 0.956702709197998 0.956702709197998 0.956702709197998 0.956702709197998 0.956702709197998 0.956615686416626 0.956615686416626 0.956615686416626 0.956615686416626 0.9566406011581421 0.9566406011581421 0.9566406011581421 0.9566779136657715 0.9566779136657715 0.956757664680481 0.956757664680481 0.9570192098617554 0.9570192098617554 0.9570192098617554 0.26722753047943115 0.26722753047943115 0.26722753047943115 0.26722753047943115 0.25012993812561035 0.25012993812561035 0.25012993812561035 0.25012993812561035 0.25012993812561035 0 0 0 0 0 0 0 0 0 -9999 -9999 -9999 -9999 -9999 -9999 -9999 -9999 -9999 -9999 -9999 -9999 -9999 -9999
0.9587488174438477 0.9587488174438477 0.9587488174438477 0.9587488174438477 0.9677562713623047 0.9677562713623047 0.9677562713623047 0.9677562713623047 0.9677562713623047 0.9569689035415649 0.9569689035415649 0.9569689035415649 0.9569689035415649 0.956702709197998 0.956702709197998 0.956702709197998 0.956702709197998 0.956702709197998 0.956615686416626 0.956615686416626 0.956615686416626 0.956615686416626 0.9565616846084595 0.9565616846084595 0.9565616846084595 0.40663719177246094 0.40663719177246094 0.29715776443481445 0.29715776443481445 0.28717637062072754 0.28717637062072754 0.28717637062072754 0.26722753047943115 0.26722753047943115 0.26722753047943115 0.26722753047943115 0.25012993812561035 0.25012993812561035 0.25012993812561035 0.25012993812561035 0.25012993812561035 0 0 0 0 0 0 0 0 0 -9999 -9999 -9999 -9999 -9999 -9999 -9999 -9999 -9999 -9999 -9999 -9999 -9999 -9999
0.9587488174438477 0.9587488174438477 0.9587488174438477 0.9587488174438477 0.9677562713623047 0.9677562713623047 0.9677562713623047 0.9677562713623047 0.9677562713623047 0.9569689035415649 0.9569689035415649 0.9569689035415649 0.9569689035415649 0.956702709197998 0.956702709197998 0.956702709197998 0.956702709197998 0.956702709197998 0.956615686416626 0.956615686416626 0.956615686416626 0.956615686416626 0.9565616846084595 0.9565616846084595 0.9565616846084595 0.40663719177246094 0.40663719177246094 0.29715776443481445 0.29715776443481445 0.28717637062072754 0.28717637062072754 0.28717637062072754 0.26722753047943115 0.26722753047943115 0.26722753047943115 0.26722753047943115 0.25012993812561035 0.25012993812561035 0.25012993812561035 0.25012993812561035 0.25012993812561035 0 0 0 0 0 0 0 0 0 -9999 -9999 -9999 -9999 -9999 -9999 -9999 -9999 -9999 -9999 -9999 -9999 -9999 -9999
0.9580039978027344 0.9580039978027344 0.9580039978027344 0.9580039978027344 0.9566574096679688 0.9566574096679688 0.9566574096679688 0.9566574096679688 0.9566574096679688 0.9961893558502197 0.9961893558502197 0.9961893558502197 0.9961893558502197 0.9561243057250977 0.9561243057250977 0.9561243057250977 0.9561243057250977 0.9561243057250977 1.006288766860962 1.006288766860962 1.006288766860962 1.006288766860962 0.9564203023910522 0.9564203023910522 0.9564203023910522 0.05641615390777588 0.05641615390777588 0.26715385913848877 0.26715385913848877 0.2672468423843384 0.2672468423843384 0.2672468423843384 0.26722729206085205 0.26722729206085205 0.27886176109313965 0.27886176109313965 0.28013837337493896 0.28013837337493896 0.28013837337493896 0.28013837337493896 0.28013837337493896 0 0 0 0 0 0 0 0 0 0 0 0 0 0 0 0 0 0 0 0 0 0 0
0.9580039978027344 0.9580039978027344 0.9580039978027344 0.9580039978027344 0.9566574096679688 0.9566574096679688 0.9566574096679688 0.9566574096679688 0.9566574096679688 0.9961893558502197 0.9961893558502197 0.9961893558502197 0.9961893558502197 0.9561243057250977 0.9561243057250977 0.9561243057250977 0.9561243057250977 0.9561243057250977 1.006288766860962 1.006288766860962 1.006288766860962 1.006288766860962 0.9564378261566162 0.9564378261566162 0.9564378261566162 0.2966158390045166 0.2966158390045166 0.2670915126800537 0.2670915126800537 0.31733834743499756 0.31733834743499756 0.31733834743499756 0.29796528816223145 0.29796528816223145 0.2942986488342285 0.2942986488342285 0.28013837337493896 0.28013837337493896 0.28013837337493896 0.28013837337493896 0.28013837337493896 0 0 0 0 0 0 0 0 0 0 0 0 0 0 0 0 0 0 0 0 0 0 0
0.9580039978027344 0.9580039978027344 0.9580039978027344 0.9580039978027344 0.9566574096679688 0.9566574096679688 0.9566574096679688 0.9566574096679688 0.9566574096679688 0.9961893558502197 0.9961893558502197 0.9961893558502197 0.9961893558502197 0.9561243057250977 0.9561243057250977 0.9561243057250977 0.9561243057250977 0.9561243057250977 1.006288766860962 1.006288766860962 1.006288766860962 1.006288766860962 0.9564378261566162 0.9564378261566162 0.9564378261566162 0.2966158390045166 0.2966158390045166 0.2670915126800537 0.2670915126800537 0.31733834743499756 0.31733834743499756 0.31733834743499756 0.29796528816223145 0.29796528816223145 0.2942986488342285 0.2942986488342285 0.28013837337493896 0.28013837337493896 0.28013837337493896 0.28013837337493896 0.28013837337493896 0 0 0 0 0 0 0 0 0 0 0 0 0 0 0 0 0 0 0 0 0 0 0
0.9561977386474609 0.9561977386474609 0.9561977386474609 0.9561977386474609 0.9551496505737305 0.9551496505737305 0.9551496505737305 0.9551496505737305 0.9551496505737305 0.9549534320831299 0.9549534320831299 0.9549534320831299 0.9549534320831299 0.9653105735778809 0.9653105735778809 0.9653105735778809 0.9653105735778809 0.9653105735778809 0.9560256004333496 0.9560256004333496 0.9560256004333496 0.9560256004333496 0.9567704200744629 0.9567704200744629 0.9567704200744629 0.9567704200744629 0.9567704200744629 0.9573168754577637 0.9573168754577637 0.9573168754577637 0.9573168754577637 0.9573168754577637 0.9580068588256836 0.9580068588256836 0.3267709016799927 0.3267709016799927 0.45784008502960205 0.45784008502960205 0.45784008502960205 0.45784008502960205 0.45784008502960205 0 0 0 0 0 0 0 0 0 0 0 0 0 0 0 0 0 0 0 0 0 0 0
0.9561977386474609 0.9561977386474609 0.9561977386474609 0.9561977386474609 0.9551496505737305 0.9551496505737305 0.9551496505737305 0.9551496505737305 0.9551496505737305 0.9549534320831299 0.9549534320831299 0.9549534320831299 0.9549534320831299 0.9653105735778809 0.9653105735778809 0.9653105735778809 0.9653105735778809 0.9653105735778809 0.9560256004333496 0.9560256004333496 0.9560256004333496 0.9560256004333496 0.9560256004333496 0.9567704200744629 0.9567704200744629 0.9567704200744629 0.9567704200744629 0.9573168754577637 0.9573168754577637 0.9573168754577637 0.9573168754577637 0.9573168754577637 1.0025825500488281 1.0025825500488281 0.31732869148254395 0.31732869148254395 0.45784008502960205 0.45784008502960205 0.45784008502960205 0.45784008502960205 0.45784008502960205 0 0 0 0 0 0 0 0 0 0 0 0 0 0 0 0 0 0 0 0 0 0 0
0.9547684192657471 0.9547684192657471 1.0939947366714478 1.0939947366714478 0.9946542978286743 0.9946542978286743 0.9136580228805542 0.9136580228805542 0.9136580228805542 0.9534945487976074 0.9534945487976074 0.9534717798233032 0.9534717798233032 0.6636556386947632 0.6636556386947632 0.6636556386947632 0.974798321723938 0.974798321723938 0.9949595928192139 0.9949595928192139 0.5867089033126831 0.5867089033126831 0.5867089033126831 0.9572196006774902 0.9572196006774902 0.9573788642883301 0.9573788642883301 0.9577038288116455 0.9577038288116455 0.9577038288116455 0.9577038288116455 0.9577038288116455 1.0034185647964478 1.0034185647964478 0.3186885118484497 0.3186885118484497 0.4580988883972168 0.4580988883972168 0.4580988883972168 0.4580988883972168 0.4580988883972168 0.5179152488708496 0.5179152488708496 0.5179152488708496 0.5179152488708496 0.5179152488708496 0.5179152488708496 0.5179152488708496 0.5179152488708496 0.5179152488708496 0 0 0 0 0 0 0 0 0 0 0 0 0 0
0.9547684192657471 0.9547684192657471 1.0939947366714478 1.0939947366714478 0.9946542978286743 0.9946542978286743 0.9136580228805542 0.9136580228805542 0.9136580228805542 0.9534945487976074 0.9534945487976074 0.9534717798233032 0.9534717798233032 0.6636556386947632 0.6636556386947632 0.6636556386947632 0.974798321723938 0.974798321723938 0.9949595928192139 0.9949595928192139 0.5867089033126831 0.5867089033126831 0.5867089033126831 0.9572196006774902 0.9572196006774902 0.9573788642883301 0.9573788642883301 0.9577038288116455 0.9577038288116455 0.9577038288116455 0.9577038288116455 0.9577038288116455 1.0034185647964478 1.0034185647964478 0.3186885118484497 0.3186885118484497 0.4580988883972168 0.4580988883972168 0.4580988883972168 0.4580988883972168 0.4580988883972168 0.5179152488708496 0.5179152488708496 0.5179152488708496 0.5179152488708496 0.5179152488708496 0.5179152488708496 0.5179152488708496 0.5179152488708496 0.5179152488708496 0 0 0 0 0 0 0 0 0 0 0 0 0 0
1.083818793296814 1.083818793296814 1.221261978149414 1.221261978149414 1.7169523239135742 1.7169523239135742 1.244152545928955 1.244152545928955 1.244152545928955 1.404552936553955 1.404552936553955 1.774550437927246 1.774550437927246 1.814507246017456 1.814507246017456 1.814507246017456 1.8144023418426514 1.8144023418426514 1.6144804954528809 1.6144804954528809 0.9570311307907104 0.9570311307907104 0.9570311307907104 0.9574228525161743 0.9574228525161743 0.5876874923706055 0.5876874923706055 0.9577038288116455 0.9577038288116455 0.9577038288116455 0.9577038288116455 0.9577038288116455 0.3220635652542114 0.3220635652542114 0.3736308813095093 0.3736308813095093 0.4580988883972168 0.4580988883972168 0.4580988883972168 0.4580988883972168 0.4580988883972168 0.5179152488708496 0.5179152488708496 0.5179152488708496 0.5179152488708496 0.5179152488708496 0.5179152488708496 0.5179152488708496 0.5179152488708496 0.5179152488708496 0 0 0 0 0 0 0 0 0 0 0 0 0 0
1.2608600854873657 1.2608600854873657 1.7141010761260986 1.7141010761260986 2.5444531440734863 2.5444531440734863 2.5444531440734863 2.5444531440734863 2.5444531440734863 2.544490337371826 2.544490337371826 2.544490337371826 2.544490337371826 2.544414520263672 2.544414520263672 2.544414520263672 2.544414520263672 2.544414520263672 1.7143981456756592 1.7143981456756592 2.0570467710494995 2.0570467710494995 2.0570467710494995 0.9575932025909424 0.9575932025909424 0.9578027725219727 0.9578027725219727 0.9579083919525146 0.9579083919525146 0.9579293727874756 0.9579293727874756 0.9579293727874756 0.9576379060745239 0.9576379060745239 0.4020557403564453 0.4020557403564453 0.4584115743637085 0.4584115743637085 0.4584115743637085 0.4584115743637085 0.4584115743637085 0.5179152488708496 0.5179152488708496 0.5179152488708496 0.5179152488708496 0.5179152488708496 0.5179152488708496 0.5179152488708496 0.5179152488708496 0.5179152488708496 0 0 0 0 0 0 0 0 0 0 0 0 0 0
1.2608600854873657 1.2608600854873657 1.7141010761260986 1.7141010761260986 2.5444531440734863 2.5444531440734863 2.5444531440734863 2.5444531440734863 2.5444531440734863 2.544490337371826 2.544490337371826 2.544490337371826 2.544490337371826 2.544414520263672 2.544414520263672 2.544414520263672 2.544414520263672 2.544414520263672 1.7143981456756592 1.7143981456756592 2.0570467710494995 2.0570467710494995 2.0570467710494995 0.9575932025909424 0.9575932025909424 0.9578027725219727 0.9578027725219727 0.9579083919525146 0.9579083919525146 0.9579293727874756 0.9579293727874756 0.9579293727874756 0.9576379060745239 0.9576379060745239 0.4020557403564453 0.4020557403564453 0.4584115743637085 0.4584115743637085 0.4584115743637085 0.4584115743637085 0.4584115743637085 0.5179152488708496 0.5179152488708496 0.5179152488708496 0.5179152488708496 0.5179152488708496 0.5179152488708496 0.5179152488708496 0.5179152488708496 0.5179152488708496 0 0 0 0 0 0 0 0 0 0 0 0 0 0
1.7644069194793701 1.7644069194793701 2.544415235519409 2.544415235519409 2.5444531440734863 2.5444531440734863 2.5444531440734863 2.5444531440734863 2.5444531440734863 2.544490337371826 2.544490337371826 2.544490337371826 2.544490337371826 2.544414520263672 2.544414520263672 2.544414520263672 2.544414520263672 2.544414520263672 1.7743744850158691 1.7743744850158691 2.544299364089966 2.544299364089966 2.544299364089966 1.6042988300323486 1.6042988300323486 2.5442938804626465 2.5442938804626465 1.8642807006835938 1.8642807006835938 1.8642654418945312 1.8642654418945312 1.8642654418945312 0.9976425170898438 0.9976425170898438 0.43263745307922363 0.43263745307922363 0.4584115743637085 0.4584115743637085 0.4584115743637085 0.4584115743637085 0.4584115743637085 0.5179152488708496 0.5179152488708496 0.5179152488708496 0.5179152488708496 0.5179152488708496 0.5179152488708496 0.5179152488708496 0.5179152488708496 0.5179152488708496 0 0 0 0 0 0 0 0 0 0 0 0 0 0
2.544482707977295 2.544482707977295 2.544482707977295 2.544482707977295 2.564436197280884 2.564436197280884 2.564436197280884 2.564436197280884 2.564436197280884 2.564436197280884 2.564436197280884 2.564436197280884 2.564436197280884 2.544386148452759 2.544386148452759 2.544386148452759 2.544386148452759 2.544386148452759 2.5443341732025146 2.5443341732025146 2.5443341732025146 2.5443341732025146 2.5443341732025146 2.544302463531494 2.544302463531494 2.544302463531494 2.544302463531494 2.544286012649536 2.544286012649536 2.544286012649536 2.544286012649536 2.544286012649536 1.2442600727081299 1.2442600727081299 0.4440706968307495 0.4440706968307495 0.4932746887207031 0.4932746887207031 0.4932746887207031 0.4932746887207031 0.4932746887207031 1.3979424238204956 1.3979424238204956 1.3979424238204956 1.3979424238204956 1.3979424238204956 1.3979424238204956 1.3979424238204956 1.3979424238204956 1.3979424238204956 0.5179638862609863 0.5179638862609863 0.5179638862609863 0.5179638862609863 0.5179638862609863 0.5179638862609863 0.5179638862609863 0.5179638862609863 0.5179638862609863 0.5457950830459595 0.5457950830459595 0.5457950830459595 0.5457950830459595 0.5457950830459595
2.544482707977295 2.544482707977295 2.544482707977295 2.544482707977295 2.564436197280884 2.564436197280884 2.564436197280884 2.564436197280884 2.564436197280884 2.564436197280884 2.564436197280884 2.564436197280884 2.564436197280884 2.544386148452759 2.544386148452759 2.544386148452759 2.544386148452759 2.544386148452759 2.5443341732025146 2.5443341732025146 2.5443341732025146 2.5443341732025146 2.5443341732025146 2.544302463531494 2.544302463531494 2.544302463531494 2.544302463531494 2.544286012649536 2.544286012649536 2.544286012649536 2.544286012649536 2.544286012649536 2.720881938934326 2.720881938934326 0.45557689666748047 0.45557689666748047 0.4932746887207031 0.4932746887207031 0.4932746887207031 0.4932746887207031 0.4932746887207031 1.3979424238204956 1.3979424238204956 1.3979424238204956 1.3979424238204956 1.3979424238204956 1.3979424238204956 1.3979424238204956 1.3979424238204956 1.3979424238204956 0.5179638862609863 0.5179638862609863 0.5179638862609863 0.5179638862609863 0.5179638862609863 0.5179638862609863 0.5179638862609863 0.5179638862609863 0.5179638862609863 0.5457950830459595 0.5457950830459595 0.5457950830459595 0.5457950830459595 0.5457950830459595
2.544482707977295 2.544482707977295 2.544482707977295 2.544482707977295 2.564436197280884 2.564436197280884 2.564436197280884 2.564436197280884 2.564436197280884 2.564436197280884 2.564436197280884 2.564436197280884 2.564436197280884 2.544386148452759 2.544386148452759 2.544386148452759 2.544386148452759 2.544386148452759 2.5443341732025146 2.5443341732025146 2.5443341732025146 2.5443341732025146 2.5443341732025146 2.544302463531494 2.544302463531494 2.544302463531494 2.544302463531494 2.544286012649536 2.544286012649536 2.544286012649536 2.544286012649536 2.544286012649536 2.720881938934326 2.720881938934326 0.45557689666748047 0.45557689666748047 0.4932746887207031 0.4932746887207031 0.4932746887207031 0.4932746887207031 0.4932746887207031 1.3979424238204956 1.3979424238204956 1.3979424238204956 1.3979424238204956 1.3979424238204956 1.3979424238204956 1.3979424238204956 1.3979424238204956 1.3979424238204956 0.5179638862609863 0.5179638862609863 0.5179638862609863 0.5179638862609863 0.5179638862609863 0.5179638862609863 0.5179638862609863 0.5179638862609863 0.5179638862609863 0.5457950830459595 0.5457950830459595 0.5457950830459595 0.5457950830459595 0.5457950830459595
2.554459810256958 2.554459810256958 2.554459810256958 2.554459810256958 2.564436197280884 2.564436197280884 2.564436197280884 2.564436197280884 2.564436197280884 2.564436197280884 2.564436197280884 2.564436197280884 2.564436197280884 2.5443718433380127 2.5443718433380127 2.5443718433380127 2.5443718433380127 2.5443718433380127 2.5443272590637207 2.5443272590637207 2.5443272590637207 2.5443272590637207 2.5443272590637207 2.544302225112915 2.544302225112915 2.544302225112915 2.544302225112915 2.5442960262298584 2.5442960262298584 2.0442914962768555 2.0442914962768555 2.0442914962768555 2.375319719314575 2.375319719314575 0.3801250457763672 0.3801250457763672 0.5017054080963135 0.5017054080963135 0.5017054080963135 0.5017054080963135 0.5017054080963135 1.3979424238204956 1.3979424238204956 1.3979424238204956 1.3979424238204956 1.3979424238204956 1.3979424238204956 1.3979424238204956 1.3979424238204956 1.3979424238204956 0.5179638862609863 0.5179638862609863 0.5179638862609863 0.5179638862609863 0.5179638862609863 0.5179638862609863 0.5179638862609863 0.5179638862609863 0.5179638862609863 0.5457950830459595 0.5457950830459595 0.5457950830459595 0.5457950830459595 0.5457950830459595
