SimulationData/Scenarios/Waterwolf/Flooding/Uitdammerdijk/1440.asc
ncols        561
nrows        278
xllcorner    4.817258165162
yllcorner    52.370746892638
cellsize     0.000511251697
NODATA_value  -9999
[rows 198 to 219 of 278, columns 240 to 287 of 561]
-2.3400000482797623 -0.6100000143051147 -2.5900001525878906 0 -4.960000187158585 -5.5400002002716064 -0.8500001430511475 -3.160000205039978 -3.160000205039978 0.6460769176483154 0.6260769367218018 0.6458327770233154 0.6258327960968018 0.5858328342437744 0.5958328247070312 0.5958328247070312 0.6269623041152954 0.6469622850418091 0.6269623041152954 0.4769623279571533 0.7280497550964355 0.698049783706665 0.7480497360229492 0.6305834054946899 1.13058340549469 0.6622532606124878 0.7222532033920288 0.33225321769714355 0.6222531795501709 0.6761540174484253 0.6361539363861084 0.6361539363861084 1.1361539363861084 0.6061539649963379 0.8161540031433105 0.5661540031433105 0.6061539649963379 0.5861539840698242 0.5861539840698242 1.1443804502487183 0.694380521774292 0.3743804693222046 0.3943805694580078 -0.16561949253082275 0.6243804693222046 0.7243804931640625 0.7243804931640625 0.6143804788589478
-2.450000286102295 -1.1800003051757812 -1.7100002765655518 -5.350000202655792 -6.160000205039978 -0.7800002098083496 -2.200000286102295 -1.440000295639038 -1.440000295639038 0.27624380588531494 0.1662437915802002 0.5258057117462158 0.7158056497573853 0.6786684989929199 0.6186684370040894 0.6186684370040894 0.6196941137313843 0.669694185256958 0.6296941041946411 0.6496940851211548 0.6705834865570068 0.7005834579467773 0.7805835008621216 0.7805835008621216 0.6505833864212036 0.522253155708313 -0.32774674892425537 1.1322531700134277 0.6722532510757446 0.4261540174484253 0.6061539649963379 0.6061539649963379 0.6761540174484253 0.596153974533081 0.596153974533081 0.5661540031433105 0.53615403175354 0.46615397930145264 0.46615397930145264 1.1443804502487183 -0.5256195068359375 -0.16561949253082275 -0.7056195139884949 1.1443804502487183 0.5743805170059204 0.6743805408477783 0.6743805408477783 0.6343804597854614
-2.260000228881836 0 -6.050000190734863 -6.180000185966492 -5.650000214576721 -1.5200002193450928 -1.820000171661377 -1.6000001430511475 -1.6000001430511475 0 -3.130000114440918 -0.07436978816986084 -0.02436983585357666 0.7097393274307251 0.6497392654418945 0.6497392654418945 0.7596940994262695 0.5596941709518433 0.6996941566467285 1.1296941041946411 0.6805834770202637 1.000583529472351 0.6805834770202637 0.6805834770202637 0.6305834054946899 0.6422531604766846 -0.1277468204498291 0.6322531700134277 0.552253246307373 0.596153974533081 0.6161539554595947 0.6161539554595947 0.5861539840698242 0.6361539363861084 0.5461540222167969 0.596153974533081 0.596153974533081 0.46615397930145264 0.46615397930145264 1.1443804502487183 -0.41561949253082275 0.2743804454803467 -0.7356195151805878 0.2243804931640625 0.23438048362731934 0.3243805170059204 0.3243805170059204 0.5443805456161499
-2.3600000143051147 -4.309999942779541 -6.730000138282776 -1.9300003051757812 -2.2700002193450928 -1.6200001239776611 -1.5699999332427979 -2.1399998664855957 -2.1399998664855957 -1.5 -0.9899997711181641 -1.8900001049041748 -4.320000201463699 -0.09994184970855713 0.8000582456588745 0.8000582456588745 0.9103506803512573 0.7203507423400879 0.6809568405151367 0.7009568214416504 0.6718863248825073 0.7018862962722778 0.6618863344192505 0.6618863344192505 0.6018862724304199 0.5338788032531738 0.6238787174224854 0.643878698348999 0.6038787364959717 0.5761539936065674 0.6361539363861084 0.6361539363861084 0.6361539363861084 1.1361539363861084 0.49615395069122314 0.5161539316177368 0.5761539936065674 1.1361539363861084 1.1361539363861084 1.1443804502487183 -0.06561946868896484 0.14438045024871826 -0.6556195020675659 0.504380464553833 1.1443804502487183 0.5643805265426636 0.5643805265426636 0.6143804788589478
-5.659999966621399 -4.769999980926514 -7.28000020980835 -1.0600001811981201 -1.8600001335144043 -0.28999996185302734 -1.6999998092651367 -1.6299998760223389 -1.6299998760223389 -1.429999828338623 -1.3799998760223389 -1.3600001335144043 0 1.6300581693649292 0.1300581693649292 0.1300581693649292 0.6303507089614868 0.6903507709503174 0.7009568214416504 0.7009568214416504 0.7018862962722778 0.7418862581253052 0.6718863248825073 0.6718863248825073 0.6818863153457642 0.7938787937164307 0.6038787364959717 0.6538786888122559 0.643878698348999 0.6061539649963379 0.6561539173126221 0.6561539173126221 0.6161539554595947 0.6661540269851685 0.6561539173126221 0.6761540174484253 0.8861539363861084 0.6061539649963379 0.6061539649963379 0.6643804311752319 0.754380464553833 -0.035619497299194336 0.3443804979324341 0.5143804550170898 1.1443804502487183 0.6243804693222046 0.6243804693222046 0.6043804883956909
-0.029999971389770508 -6.480000019073486 -7.0400002002716064 -1.0200002193450928 -3.1000001430511475 -0.7600002288818359 -1.5999999046325684 -1.5999999046325684 -1.2199997901916504 -0.8999998569488525 -1.0399999618530273 -1.2700002193450928 -0.6400003433227539 -0.9600002765655518 -1.1800003051757812 -1.1800003051757812 1.4110420942306519 0.401042103767395 0.7414653301239014 0.7414653301239014 0.6718863248825073 0.7418862581253052 0.751886248588562 0.751886248588562 0.6718863248825073 0.6938787698745728 0.6838787794113159 0.7338787317276001 1.1338787078857422 0.9161539077758789 0.9161539077758789 1.1361539363861084 0.6761540174484253 0.696153998374939 0.6161539554595947 0.6361539363861084 0.6161539554595947 0.49615395069122314 0.49615395069122314 0.30438053607940674 0.41438043117523193 0.3143805265426636 0.11438047885894775 0.41438043117523193 1.1443804502487183 0.444380521774292 0.444380521774292 0.5343804359436035
-8.09000015258789 -6.5400002002716064 -2.5400002002716064 -3.9500001668930054 -7.120000123977661 -6.770000219345093 -0.35000038146972656 -0.35000038146972656 -0.7899999618530273 -1.091860055923462 -1.1318600177764893 -0.6100001335144043 -0.8900001049041748 0 -0.8100001811981201 -0.8100001811981201 -1.000000238418579 -1.9800002574920654 0.05192065238952637 0.8519206047058105 0.7521672248840332 0.7921673059463501 0.7224923372268677 0.7224923372268677 0.7824923992156982 0.7340373992919922 1.1340373754501343 0.6653814315795898 0.7353813648223877 0.6676795482635498 0.6676795482635498 0.717679500579834 0.7276794910430908 0.5676795244216919 0.8120429515838623 0.582042932510376 1.142042875289917 0.30204296112060547 0.30204296112060547 0.42888784408569336 0.328887939453125 0.3788878917694092 0.34888792037963867 0.34170854091644287 0.4017084836959839 0.5417084693908691 0.5417084693908691 0.4317084550857544
-7.930000305175781 -1.130000114440918 0 0 -1.2900002002716064 -5.610000193119049 -1.9700002670288086 -1.9700002670288086 -0.9200000762939453 -0.6418600082397461 -0.3918600082397461 -0.9100000858306885 -0.8300001621246338 -1.2400002479553223 -0.7200002670288086 -0.7200002670288086 -0.6000003814697266 -0.7800002098083496 1.1819205284118652 0.4019205570220947 0.36216723918914795 0.6321672201156616 0.7124923467636108 0.7124923467636108 0.8124923706054688 0.7740373611450195 0.7940374612808228 0.6153813600540161 1.1353813409805298 0.6876795291900635 0.7276794910430908 0.7076795101165771 0.8076795339584351 0.6476794481277466 0.7220429182052612 0.42204296588897705 0.41204285621643066 0.41204285621643066 0.41204285621643066 0.42888784408569336 0.5388878583908081 0.638887882232666 0.7288879156112671 0.6717084646224976 0.6717084646224976 0.641708493232727 0.641708493232727 0.5717085599899292
-1.3900001049041748 -1.200000286102295 -0.9900002479553223 -0.6800003051757812 -2.9400001764297485 -0.690000057220459 -4.200000166893005 -4.200000166893005 -0.8600001335144043 -1.0404298305511475 -0.5504298210144043 -1.1800003051757812 -2.760000228881836 -0.7600002288818359 -1.0300002098083496 -1.0300002098083496 -1.1200001239776611 -1.2400002479553223 -0.9300003051757812 -0.3300004005432129 -0.3000001907348633 -2.4900002479553223 -4.050000190734863 -4.050000190734863 -1.9100000858306885 1.7649558782577515 0.40495574474334717 0.5557937622070312 0.7057937383651733 1.1376794576644897 1.1376794576644897 0.7076795101165771 0.6276794672012329 0.6876795291900635 0.5220428705215454 0.41204285621643066 0.41204285621643066 0.5320428609848022 0.5320428609848022 0.6588878631591797 0.5388878583908081 0.6688878536224365 0.6088879108428955 0.6917085647583008 0.741708517074585 0.5217084884643555 0.5217084884643555 0.5917085409164429
0 -1.0200002193450928 -1.500000238418579 -1.1000001430511475 -0.7699999809265137 -0.880000114440918 -0.9400002956390381 -0.9400002956390381 -5.180000185966492 -0.570000171661377 -1.0400002002716064 -0.1399998664855957 -0.4699997901916504 -2.140000104904175 0 0 -1.0099999904632568 -0.7699999809265137 -1.2999999523162842 -1.2699999809265137 -0.7300000190734863 -3.0000001192092896 -3.160000205039978 -3.160000205039978 -2.8400001525878906 -2.760000228881836 -2.830000162124634 0 -3.8800001740455627 0.40832722187042236 0.40832722187042236 0.2083272933959961 0.1675328016281128 -0.07246720790863037 0.45425331592559814 0.41425323486328125 0.2464427947998047 0.5564428567886353 0.5564428567886353 1.1635708808898926 0.6235709190368652 0.6135709285736084 0.5535708665847778 0.3782615661621094 0.4782615900039673 0.4082615375518799 0.4082615375518799 -0.08173835277557373
-7.000000238418579 -5.610000193119049 -4.250000178813934 -3.0900001525878906 -2.0300002098083496 -1.510000228881836 -2.330000162124634 -2.330000162124634 -1.6800003051757812 -2.140000104904175 -1.1700000762939453 -3.250000238418579 -6.340000152587891 -4.610000014305115 -0.3599998950958252 -0.3599998950958252 -0.9600000381469727 -0.9600000381469727 -1.4099998474121094 -2.1499998569488525 -3.070000171661377 -2.680000066757202 -2.680000066757202 -1.5600001811981201 -0.7000002861022949 0 0 0 0 -0.019999980926513672 -0.019999980926513672 -0.019999980926513672 -0.5199999809265137 -1.3300001621246338 0.42212843894958496 0.42212843894958496 0.36064720153808594 0.4806472063064575 0.4806472063064575 1.1635708808898926 0.5035709142684937 0.6335709095001221 0.5235708951950073 0.6082615852355957 0.558261513710022 0.558261513710022 0.6082615852355957 0.588261604309082
-1.3700001239776611 -1.6100001335144043 -1.760000228881836 -1.690000295639038 -1.6500000953674316 -1.750000238418579 -1.8500001430511475 -1.8500001430511475 -2.3000001907348633 -2.8800002336502075 -2.7900002002716064 -1.5900001525878906 -0.9500002861022949 -6.009999990463257 -1.1400001049041748 -1.1400001049041748 -0.009999752044677734 -1.1699998378753662 -0.1700000762939453 -0.009999752044677734 -0.019999980926513672 -2.080000162124634 -2.080000162124634 -0.019999980926513672 -0.7600002288818359 -0.40000009536743164 0 0 0 -0.019999980926513672 -0.019999980926513672 -0.019999980926513672 0 0 2.1921284198760986 0.6021285057067871 0.4306471347808838 0.36064720153808594 0.36064720153808594 0.48357093334198 0.6135709285736084 1.1635708808898926 0.5535708665847778 0.6282615661621094 0.5682616233825684 0.5682616233825684 0.6182615756988525 0.7082616090774536
-1.4200000762939453 -1.130000114440918 -1.1100001335144043 -1.1100001335144043 -1.1200001239776611 -1.3100001811981201 -1.1400001049041748 -1.1400001049041748 -0.5100002288818359 -1.9300003051757812 -3.3500001430511475 -3.81000018119812 -4.780000191181898 -4.830000190064311 -0.8700001239776611 -0.8700001239776611 -0.009999752044677734 -0.9199998378753662 -0.12999963760375977 -3.0899999141693115 -2.5299999713897705 -0.6999998092651367 -0.6999998092651367 -0.9600000381469727 -0.5900001525878906 -0.029999732971191406 -0.029999732971191406 -0.029999732971191406 -0.029999732971191406 -0.04999971389770508 -0.04999971389770508 -0.36999988555908203 -0.3299999237060547 -0.6999998092651367 -0.2200002670288086 -0.7699999809265137 -0.410514771938324 0.6694852113723755 0.6694852113723755 0.5812649726867676 0.3712649345397949 0.11126494407653809 0.4912649393081665 0.6241427659988403 0.6341427564620972 0.6341427564620972 0.6641427278518677 0.7441427707672119
-1.3300001621246338 -1.2400002479553223 -1.2100002765655518 -1.1400001049041748 -1.2800002098083496 -1.1500000953674316 -1.750000238418579 -1.750000238418579 -1.1500000953674316 -1.3400001525878906 -1.130000114440918 -1.0300002098083496 -1.380000114440918 -5.200000196695328 -5.8500001430511475 -5.8500001430511475 -1.9100000858306885 -0.24000024795532227 -2.3600001335144043 -0.6400003433227539 -1.0299999713897705 -0.9199998378753662 -0.9199998378753662 -0.5699996948242188 -0.7599997520446777 -0.6399998664855957 -0.2999997138977051 -0.029999732971191406 -0.809999942779541 -0.4699997901916504 -0.4699997901916504 -0.04999971389770508 -0.40000009536743164 -0.309999942779541 -0.25 -0.5900001525878906 1.3591772317886353 0.6091772317886353 0.6091772317886353 0.7012649774551392 0.3712649345397949 -0.4587351083755493 0.5512648820877075 0.6341427564620972 0.644142746925354 0.644142746925354 0.6341427564620972 0.644142746925354
-1.4300003051757812 -1.5800001621246338 -1.4300003051757812 -1.3500001430511475 -1.1600000858306885 -1.320000171661377 0 0 -1.130000114440918 -1.2900002002716064 -1.4100000858306885 -1.130000114440918 0 0 -4.680000193417072 -4.680000193417072 -6.610000133514404 -6.650000214576721 -1.4000000953674316 -0.820000171661377 -0.9199998378753662 -0.8599998950958252 -0.8599998950958252 -0.9900000095367432 -0.8199996948242188 -0.630000114440918 -1.0399999618530273 -0.7199997901916504 -0.4499998092651367 -0.5799999237060547 -0.5799999237060547 -0.3299999237060547 -0.7300000190734863 -0.3299999237060547 -0.48000001907348633 -0.440000057220459 3.679177403450012 0.5391771793365479 -3.2400002479553223 0.5784875154495239 0.5084874629974365 0.35848748683929443 0.4684875011444092 0.5895431041717529 0.6695430278778076 0.6695430278778076 0.5995430946350098 0.7795430421829224
-1.820000171661377 -1.510000228881836 -1.3900001049041748 -1.5400002002716064 -1.500000238418579 -1.5300002098083496 -1.200000286102295 -1.200000286102295 -1.450000286102295 -1.5300002098083496 -0.7200002670288086 0 0 -0.6500000953674316 -0.6500000953674316 -3.3800002336502075 -5.459999769926071 -0.18999958038330078 -6.880000114440918 -8.120000123977661 -5.590000092983246 -0.5199999809265137 -0.5199999809265137 -0.6800003051757812 -0.5600004196166992 -1.7400002479553223 -0.7699999809265137 -1.000000238418579 -1.6800003051757812 -0.9100000858306885 -0.9100000858306885 -1.1700000762939453 -0.7600002288818359 -0.8700001239776611 -0.5900001525878906 0 -0.9400002956390381 -0.9400002956390381 -3.2400002479553223 0.6184874773025513 -0.36151254177093506 0.6584874391555786 0.538487434387207 0.5995430946350098 1.0995430946350098 1.0995430946350098 0.549543023109436 1.1795430183410645
-1.6400001049041748 -1.760000228881836 0 -1.2700002193450928 -1.3600001335144043 -1.500000238418579 -1.380000114440918 -1.380000114440918 -1.5400002002716064 -1.5400002002716064 -1.190000295639038 -1.2700002193450928 -0.7800002098083496 -0.5600004196166992 -0.5600004196166992 -9.140000343322754 -5.4999998807907104 -0.5199999809265137 -0.6800003051757812 -2.9300001859664917 -8.500000238418579 -8.330000162124634 -8.330000162124634 -1.320000171661377 -0.5199999809265137 -1.0900001525878906 -0.570000171661377 -1.4300003051757812 -1.2700002193450928 -0.8299999237060547 -0.8299999237060547 -1.6400001049041748 -0.9700000286102295 -0.9000000953674316 -0.5100002288818359 0 -0.8100001811981201 -0.8100001811981201 -3.9300001859664917 0.44848740100860596 0.3784874677658081 -0.17151248455047607 0.10848748683929443 0.19954299926757812 0.6295430660247803 0.6295430660247803 0.5695430040359497 1.1795430183410645
-1.440000295639038 0 -1.6400001049041748 -1.510000228881836 -1.5800001621246338 0 -1.3000001907348633 -1.3000001907348633 -1.3900001049041748 -1.380000114440918 -1.5300002098083496 -1.260000228881836 -1.260000228881836 -1.2100002765655518 -1.2100002765655518 -1.250000238418579 -0.1700000762939453 -1.0899999141693115 -1.190000057220459 -1.7200000286102295 -1.320000171661377 -1.4600002765655518 -1.4600002765655518 -7.009999752044678 -7.319999694824219 -1.5500001907348633 -1.2700002193450928 -1.0400002002716064 -1.3300001621246338 -1.0200002193450928 -1.0200002193450928 -0.3300001621246338 -0.8299999237060547 -1.5499999523162842 -0.49000024795532227 -1.6200001239776611 -0.3182690739631653 -0.3182690739631653 1.18173086643219 0.5913854837417603 1.1813853979110718 0.5613853931427002 0.6213854551315308 0.5731476545333862 0.6131477355957031 0.6131477355957031 0.4431476593017578 1.12314772605896
-1.5200002193450928 -1.320000171661377 -1.7200002670288086 -1.500000238418579 -1.570000171661377 -1.2100002765655518 -0.25 -0.25 -1.3700001239776611 -1.4200000762939453 -1.4200000762939453 -1.5600001811981201 -1.500000238418579 -1.510000228881836 -1.510000228881836 -1.3100001811981201 -1.5099999904632568 -0.9600000381469727 -1.0899999141693115 -1.059999942779541 -0.8300001621246338 -2.9500001668930054 -2.9500001668930054 -2.019999921321869 -6.7799999713897705 -9.640000343322754 -1.750000238418579 -0.8000001907348633 -1.320000171661377 -0.7500002384185791 -0.7500002384185791 -0.5500001907348633 -1.2300000190734863 -0.8399999141693115 -1.250000238418579 -3.9500001668930054 0.4517308473587036 0.4517308473587036 0.271730899810791 0.5513854026794434 0.5213854312896729 0.511385440826416 0.47138547897338867 0.5931477546691895 0.4831477403640747 0.4831477403640747 0.7831476926803589 0.5731476545333862
0 -1.690000295639038 -1.5600001811981201 -1.2200002670288086 -1.4700002670288086 -1.4800002574920654 -1.570000171661377 -1.570000171661377 -1.510000228881836 0 -1.3400001525878906 -1.3600001335144043 -1.3900001049041748 -1.6200001239776611 -1.6200001239776611 -1.3500001430511475 -1.3599998950958252 -1.2200000286102295 -1.3299999237060547 -0.009999752044677734 -1.0300002098083496 -4.660000190138817 -4.660000190138817 -0.3999999761581421 -0.7400000095367432 -0.3299999237060547 -2.069999933242798 -10.110000133514404 -4.810000190511346 -3.56000018119812 -3.56000018119812 -3.730000138282776 -3.830000162124634 -2.700000286102295 -3.080000162124634 -3.720000147819519 0.1917330026626587 0.1917330026626587 0.13173305988311768 -0.018614530563354492 0.45138537883758545 0.9413853883743286 0.46138548851013184 0.2631477117538452 0.523147702217102 0.523147702217102 0.5531476736068726 0.8131476640701294
-1.4300003051757812 -1.2300002574920654 -1.5600001811981201 -1.260000228881836 -1.4600002765655518 -1.5600001811981201 -1.5600001811981201 -1.5400002002716064 -1.3500001430511475 -1.3500001430511475 -1.5500001907348633 -1.4600002765655518 0 -1.4300003051757812 -1.4300003051757812 -1.4100000858306885 -1.5300002098083496 -1.3900001049041748 -1.4300003051757812 0 -2.450000286102295 0 0 -0.8100000619888306 -2.860000044107437 -0.6899999976158142 -0.7000000178813934 -2.400000035762787 -4.464460134506226 -4.464460134506226 -1.7700000405311584 -1.0100000500679016 -1.0000000298023224 -0.7700000405311584 0.45824992656707764 0.45824992656707764 -0.40175944566726685 -0.40175944566726685 -0.7317594587802887 -0.697178453207016 -0.14717847108840942 0.4528214931488037 1.18282151222229 0.5451669692993164 1.1851669549942017 1.1851669549942017 0.605167031288147 0.6151670217514038
-1.4900002479553223 -1.1500000953674316 -1.1700000762939453 -1.3400001525878906 -1.5300002098083496 -1.250000238418579 -1.250000238418579 -1.440000295639038 -1.3900001049041748 -1.3700001239776611 -1.3100001811981201 -1.5200002193450928 -1.6400001049041748 0 0 -1.7100002765655518 -1.3500001430511475 -1.5500001907348633 0 -2.580000162124634 -2.450000286102295 -3.6800001859664917 -3.6800001859664917 -2.850000023841858 -2.920000046491623 -1.7099999785423279 -1.5999999940395355 -1.6500000357627869 0 0 -6.579999923706055 -2.090000033378601 -0.940000057220459 -0.8500000238418579 0.0882500410079956 -0.061750054359436035 -0.9517594277858734 -0.9517594277858734 -0.6117594242095947 -0.2871784567832947 -1.667178452014923 -0.1671784520149231 0.4528214931488037 1.1851669549942017 0.5851670503616333 0.5851670503616333 0.5551669597625732 0.6251670122146606
