SimulationData/Scenarios/Waterwolf/Flooding/Uitdammerdijk/1440.asc
ncols        561
nrows        278
xllcorner    4.817258165162
yllcorner    52.370746892638
cellsize     0.000511251697
NODATA_value  -9999
[rows 198 to 219 of 278, columns 192 to 239 of 561]
-1.4600000232458115 -1.4400000274181366 -1.4400000274181366 -1.2800000309944153 -1.2399999499320984 -0.6299999356269836 -1.4199999570846558 -1.2199999541044235 -0.27000001072883606 -0.46000000834465027 -0.46000000834465027 -0.5000000074505806 -0.7400000095367432 -0.8700000047683716 -0.22999998927116394 -0.1599999964237213 -0.48999999463558197 -0.48999999463558197 -0.5599999949336052 -0.7299999892711639 -1.5499999523162842 -1.5199999511241913 -1.3599999472498894 0 -8.869999885559082 -8.869999885559082 -9.440000057220459 -1.0699999332427979 0 -0.43000006675720215 -2.6299999952316284 -2.7300000190734863 -2.4800000190734863 -2.4800000190734863 -3.459999918937683 -1.5499999523162842 -0.059999942779541016 -0.3299999237060547 0 -4.550000011920929 -4.550000011920929 -4.8200001902878284 -3.3400001525878906 -0.7699999809265137 -1.5899999737739563 -0.7899999618530273 -1.0199999529868364 -2.3400000482797623
-1.5899999514222145 -1.5299999415874481 -1.5299999415874481 -1.2999999523162842 -1.2300000339746475 -1.0800000429153442 -1.1300000250339508 -1.1500000357627869 -1.4600000381469727 -1.5200000330805779 -1.5200000330805779 -1.320000022649765 -1.5200000330805779 -0.2900000065565109 -0.1599999964237213 -0.12999999523162842 -0.43000001087784767 -0.43000001087784767 -0.30000001192092896 -0.8400000259280205 -0.570000022649765 -1.0000000298023224 -0.9999999403953552 -1.4499999433755875 -1.459999941289425 -1.459999941289425 -0.6499999165534973 0 0 -12.12000036239624 -2.450000286102295 -1.9700002670288086 -1.3600001335144043 -1.3600001335144043 -0.8000001907348633 -1.580000400543213 -1.6700000762939453 -1.5200002193450928 -1.510000228881836 -1.3400001525878906 -1.3400001525878906 -0.06000041961669922 -1.1200001239776611 -4.510000050067902 -2.9600000381469727 -0.07999992370605469 -0.23000001907348633 -2.450000286102295
-1.339999943971634 -1.3799999356269836 -1.3799999356269836 -1.349999949336052 -1.2100000381469727 -1.1300000250339508 -0.9300000071525574 -1.070000022649765 -1.1400000154972076 -1.2200000286102295 -1.2200000286102295 -1.3100000321865082 -1.2300000339746475 -0.1599999964237213 -0.24000000953674316 -0.3800000101327896 -0.3800000101327896 -0.3800000101327896 -0.5400000214576721 -0.5300000160932541 -0.4300000071525574 -0.09000003337860107 -1.3899999409914017 -1.1999999284744263 -1.079999953508377 -1.079999953508377 0 -5.56000018119812 -5.380000174045563 -10.520000219345093 -10.149999856948853 -2.8900002241134644 -1.4800002574920654 -1.4800002574920654 -0.9700002670288086 -1.4600002765655518 -1.570000171661377 -1.4700002670288086 -1.3400001525878906 -1.4100000858306885 -1.4100000858306885 -1.2400002479553223 -0.6100001335144043 -0.820000171661377 -2.920000195503235 -5.080000191926956 -2.7400002479553223 -2.260000228881836
-1.5499999430030584 -1.459999941289425 -1.459999941289425 -1.2499999403953552 -1.2500000298023224 -1.1100000143051147 -1.070000022649765 -1.0800000429153442 -1.0600000321865082 -0.9900000393390656 -0.9900000393390656 -1.620000034570694 -1.330000028014183 -0.4700000137090683 -0.24000000953674316 -0.5100000202655792 -0.33000001311302185 -0.33000001311302185 -0.6100000217556953 -0.5300000160932541 -0.3400000333786011 -0.2900000214576721 -1.5899999421089888 -0.6899999380111694 -0.6899999380111694 -0.6899999380111694 -5.510000169277191 0 -1.3700003623962402 -0.7000002861022949 -2.700000286102295 -11.700000286102295 -11.8100004196167 -11.8100004196167 -7.980000257492065 -1.3600001335144043 0 -1.4200000762939453 -1.250000238418579 -2.0300002098083496 -2.0300002098083496 -1.5800001621246338 -1.250000238418579 -1.000000238418579 -1.3400001525878906 -0.6000003814697266 -0.9500002861022949 -2.3600000143051147
-0.12999999523162842 -1.1499999463558197 -1.1499999463558197 -1.339999943971634 -1.1800000369548798 -1.1700000166893005 -1.4200000315904617 -1.5000000279396772 -0.31000006198883057 -0.31000006198883057 -0.940000057220459 -1.3100000321865082 -1.1800000369548798 -0.559999980032444 -0.19999995827674866 -0.37999996542930603 -0.35999996960163116 -0.35999996960163116 -1.2499999403953552 -1.3699999451637268 -1.4099999368190765 -1.4999999441206455 -0.5699999332427979 -0.7499999403953552 -3.2400002479553223 -3.2400002479553223 -2.3400001525878906 0 -1.2800002098083496 -1.3700001239776611 0 -1.9000000953674316 -1.9000000953674316 -11.0600004196167 -11.140000343322754 -10.190000057220459 -1.510000228881836 -0.820000171661377 -1.450000286102295 -3.5900001525878906 -3.5900001525878906 -1.3900001049041748 -2.4100000858306885 -1.940000295639038 -1.4600002765655518 0 -1.010000228881836 -5.659999966621399
-4.669999837875366 -1.089999943971634 -1.089999943971634 -0.34999990463256836 -1.4900000393390656 -1.5500000342726707 -1.2700000256299973 -0.040000081062316895 -1.0200000405311584 -1.0200000405311584 -1.1900000274181366 -1.3100000321865082 -1.5100000351667404 -0.28999997675418854 -0.5299999713897705 -0.4899999722838402 -0.17999997735023499 -0.17999997735023499 -1.599999949336052 -1.3799999356269836 -1.43999994546175 -0.12999999523162842 -3.2400002479553223 -3.2400002479553223 -5.06000018119812 -5.06000018119812 0 -1.260000228881836 -1.5300002098083496 -0.21000003814697266 -0.1100001335144043 0 0 -1.8700001239776611 -7.820000171661377 -10 -9.470000267028809 -5.890000224113464 -0.8500001430511475 0 0 -1.5300002098083496 -1.3000001907348633 -1.0800001621246338 0 -1.0600001811981201 -6.740000247955322 -0.029999971389770508
-0.6699999868869781 -0.6699999868869781 -0.6699999868869781 -3.8700000047683716 -2.4899998903274536 0 -0.34999990463256836 -1.2899999469518661 -1.1599999368190765 -1.1599999368190765 -1.5399999544024467 -1.2399999499320984 -1.5099999532103539 -0.6299999803304672 -0.3399999737739563 -0.3999999761581421 -0.6099999845027924 -0.6099999845027924 -1.079999953508377 -1.5399999544024467 -1.9700000286102295 -0.940000057220459 -5.430000185966492 0 -1.4300003051757812 -1.4300003051757812 -1.8300001621246338 -1.3500001430511475 -1.3500001430511475 -1.5900003910064697 -1.5600001811981201 -1.700000286102295 -1.700000286102295 -0.46000003814697266 -2.2100002765655518 -1.9800002574920654 -3.070000171661377 -9.12000036239624 -3.9600000381469727 -3.3600000143051147 -3.3600000143051147 -4.270000219345093 -1.1000001430511475 -0.6200003623962402 -4.720000192523003 -4.320000201463699 -2.3000001907348633 -8.09000015258789
-0.49000000953674316 -0.6699999868869781 -0.6699999868869781 -0.6699999868869781 -4.049999833106995 -4.549999833106995 -1.0399999618530273 0 -1.35999995470047 -1.35999995470047 -1.0099999606609344 -1.2799999415874481 -1.2999999523162842 -0.5199999734759331 -0.4099999666213989 -0.5399999730288982 -0.7999999821186066 -0.7999999821186066 -1.4899999499320984 0 -0.940000057220459 -3.1600000262260437 -5.370000183582306 -2.830000162124634 0 0 -1.570000171661377 -1.8300001621246338 -1.4100000858306885 -1.3700001239776611 -1.3000001907348633 -0.46000003814697266 -0.46000003814697266 -1.9000003337860107 -2.1700003147125244 -0.46000003814697266 -1.9200003147125244 -2.6000001430511475 -5.8500001430511475 -5.8500001430511475 -5.8500001430511475 -3.8400002121925354 -3.5300002098083496 -2.390000104904175 -1.6700000762939453 -1.8100001811981201 -7.930000305175781 -7.930000305175781
-0.7099999934434891 -0.699999988079071 -0.699999988079071 -0.75 -1.2399999499320984 -3.649999976158142 -4.389999985694885 -1.1899999529123306 -3.6200000047683716 -3.6200000047683716 0 -1.2099999487400055 -4.129999995231628 -0.6999999731779099 -0.7099999785423279 -0.669999971985817 -0.6599999815225601 -0.6599999815225601 0 0 -3.0399999618530273 -3.1399999856948853 -4.550000190734863 -5.070000201463699 -6.3800002336502075 -6.3800002336502075 -3.170000195503235 -2.9300001859664917 0 0 -0.9600002765655518 -1.9200003147125244 -1.9200003147125244 -1.8700003623962402 -1.9100003242492676 -1.9100003242492676 -1.869999885559082 -1.4499998092651367 -1.690000295639038 -1.6700000762939453 -1.6700000762939453 -1.5900001525878906 -6.259999990463257 -4.029999911785126 -1.3799998760223389 -1.320000171661377 -1.3300001621246338 -1.3900001049041748
-0.6499999910593033 -0.6499999910593033 -0.8799999952316284 -0.8799999952316284 -1.1699999570846558 -1.589999958872795 -1.2899999469518661 -1.9099999368190765 -4.4999998807907104 -4.4999998807907104 -4.509999871253967 -0.9499999582767487 0 -1.6599999442696571 -1.4299999475479126 -1.6899999529123306 -1.3799999356269836 -1.3799999356269836 -0.9599999189376831 0 -4.050000190734863 -5.27000018954277 -5.220000177621841 -2.4300003051757812 -2.4300003051757812 -4.590000197291374 -4.610000193119049 -3.170000195503235 0 0 -1.2700002193450928 -1.3100001811981201 -1.3100001811981201 -1.260000228881836 -1.3100001811981201 -1.2900002002716064 -1.3000001907348633 -1.3100001811981201 -1.3500001430511475 0 0 -1.4200000762939453 -1.8400001525878906 -5.349999904632568 -6.25 -6.869999885559082 -0.06999993324279785 -0.06999993324279785
-0.6200000047683716 -0.6200000047683716 -0.5199999809265137 -0.8799999952316284 -1.1999999433755875 -1.1999999433755875 -1.319999948143959 -1.4899999499320984 -2.2299999594688416 -2.2299999594688416 -3.649999976158142 -4.679999947547913 -2.6699999570846558 -0.12999999523162842 -1.7199999392032623 -1.6199999451637268 -1.019999921321869 -1.019999921321869 -0.9799999594688416 0 -5.2600001990795135 -5.580000162124634 -5.53000020980835 -5.2900002002716064 -5.2900002002716064 -0.880000114440918 -3.970000207424164 0 -1.8500001430511475 -1.5500001907348633 -1.2900002002716064 -1.2700002193450928 -1.2700002193450928 -1.320000171661377 -1.2900002002716064 0 -0.9100000858306885 -2.2100002765655518 -1.3600001335144043 -1.4300003051757812 -1.4300003051757812 -1.3500001430511475 -7.830000162124634 -8.200000286102295 -5.170000195503235 -1.6200001239776611 -2.81000018119812 -2.81000018119812
-0.4099999964237213 -0.4099999964237213 -0.11000001430511475 -0.6299999952316284 -1.2399999499320984 -1.1299999356269836 -1.2399999499320984 -1.479999952018261 -1.3899999484419823 -1.3899999484419823 -1.079999953508377 -1.319999948143959 -1.4099999479949474 -4.169999837875366 -5.5 -1.1599999368190765 -0.8499999642372131 -0.8499999642372131 -1.1699999570846558 0 -5.2400001883506775 -5.27000018954277 -5.230000197887421 -5.280000180006027 -5.280000180006027 -5.320000171661377 -5.350000202655792 -1.070000171661377 -1.9600002765655518 -1.7400002479553223 -1.8000001907348633 -1.320000171661377 -1.320000171661377 -1.3100001811981201 -1.1700000762939453 -1.7400002479553223 -4.220000207424164 -1.000000238418579 -6.1900001764297485 -2.5400002002716064 -2.5400002002716064 -6.160000205039978 -7.980000257492065 -7.7900002002716064 -1.130000114440918 -1.200000286102295 -0.5399999618530273 -0.5399999618530273
-1.3700000047683716 -1.3700000047683716 -1.199999988079071 -1.5699999630451202 -1.7199999541044235 -1.5699999630451202 -1.4299999475479126 -1.6799999624490738 -1.829999953508377 -1.829999953508377 -1.989999957382679 -1.959999956190586 -2.0099999606609344 -1.2999999523162842 -3.859999895095825 -5.299999952316284 -2.859999895095825 -2.859999895095825 0 0 -3.4300001859664917 -5.150000184774399 -5.1900001764297485 -5.450000166893005 -5.450000166893005 -3.510000228881836 -0.5800004005432129 -1.6800003051757812 -1.940000295639038 -1.7300002574920654 -1.1200001239776611 -1.2200002670288086 -1.2200002670288086 -1.700000286102295 -1.5300002098083496 -1.3400001525878906 -4.600000187754631 -6.820000171661377 -3.0300002098083496 -7.590000152587891 -7.590000152587891 -3.5400002002716064 -5.090000182390213 0 0 -1.0800001621246338 -1.6400001049041748 -1.6400001049041748
-1.4999999701976776 -1.4999999701976776 -1.2899999618530273 0 -1.5199999511241913 -1.6999999582767487 -1.5099999606609344 -1.659999966621399 -1.6399999558925629 -1.6399999558925629 -1.5499999523162842 -1.8199999555945396 -2.1699999570846558 -1.809999942779541 -1.559999942779541 -1.3599999397993088 -1.5699999425560236 -1.5699999425560236 0 0 -8.650000095367432 -1.8900001049041748 -3.6400002241134644 -4.330000191926956 -4.330000191926956 0 -1.4800002574920654 -1.380000114440918 -1.4100000858306885 -1.3000001907348633 -0.5100002288818359 -0.49000024795532227 -0.49000024795532227 -0.7200002670288086 -0.5600004196166992 -5.660000205039978 -6.940000295639038 -7.520000219345093 -8.230000257492065 -7.960000276565552 -7.960000276565552 -7.460000276565552 -1.3100001811981201 -1.3000001907348633 -1.3300001621246338 -1.630000114440918 -1.3700001239776611 -1.3700001239776611
-1.0099999904632568 -1.0099999904632568 -1.7299999743700027 -1.6599999964237213 -1.589999943971634 -1.3499999642372131 -1.659999966621399 -1.8599999584257603 -0.019999980926513672 -0.019999980926513672 -1.589999943971634 -1.7099999636411667 -1.8499999567866325 -1.809999942779541 -1.809999942779541 -1.809999942779541 -1.809999942779541 -1.2199999392032623 0 -1.7299999445676804 -5.31000018119812 -8.430000305175781 -5.6900001764297485 -1.8900001049041748 -1.8900001049041748 -1.6800003051757812 -1.450000286102295 -1.4700002670288086 -1.3500001430511475 0 -2.920000195503235 -0.5800004005432129 -0.5800004005432129 -0.7200002670288086 -1.940000295639038 -6.240000247955322 -3.570000171661377 -8.460000276565552 -8.620000123977661 -8.620000123977661 -7.920000076293945 -3.6400002241134644 -1.3900001049041748 0 -1.5400002002716064 -1.2800002098083496 -1.5900001525878906 -1.5900001525878906
-1.2899999618530273 -1.2899999618530273 0 -1.5299999713897705 -1.3299999833106995 -1.6899999678134918 -0.019999980926513672 -1.629999965429306 -1.839999958872795 -1.839999958872795 -1.839999958872795 -0.019999980926513672 -1.4999999701976776 -1.6600000485777855 -1.9800000488758087 -1.770000047981739 -1.770000047981739 -0.1400001049041748 -2.8600001335144043 -3.290000081062317 -0.75 -0.7200002670288086 -1.4000000953674316 -1.7700002193450928 -1.7700002193450928 -4.300000190734863 -2.0200002193450928 -5.8800002336502075 -6.070000171661377 -6.240000247955322 -3.500000238418579 0 0 -4.460000187158585 -3.320000171661377 -6.1300002336502075 -8.820000171661377 -9 -8.09000015258789 -8.09000015258789 -7.400000095367432 -2.630000114440918 -1.3900001049041748 -1.690000295639038 -1.3400001525878906 -1.440000295639038 -1.7700002193450928 -1.7700002193450928
-1.1200000047683716 -1.1200000047683716 -1.5399999618530273 -1.35999995470047 -1.3399999737739563 -1.35999995470047 -0.019999980926513672 -1.559999942779541 -1.259999930858612 -1.259999930858612 -1.3199999332427979 -0.7199999094009399 -0.9499999284744263 -0.6600000858306885 -0.5700000524520874 -0.7000000476837158 -0.7000000476837158 -0.1400001049041748 -5.770000219345093 -0.06000041961669922 -0.619999885559082 -0.559999942779541 -0.7800002098083496 0 0 -2.120000123977661 -2.8400001525878906 -6.430000185966492 -5.7400001883506775 -4.020000219345093 -6.160000205039978 -4.52000018954277 -4.52000018954277 -3.910000205039978 -3.8000001907348633 -9.519999980926514 -9.700000286102295 -9.100000381469727 -7.630000114440918 -7.630000114440918 -7.340000152587891 -1.3600001335144043 -1.3900001049041748 -1.5800001621246338 -1.5600001811981201 -1.320000171661377 -1.3400001525878906 -1.3400001525878906
-1.409999966621399 -1.409999966621399 -1.6199999749660492 -1.4899999797344208 -1.7699999511241913 -1.3699999451637268 -0.019999980926513672 -1.559999942779541 -1.4199999570846558 -1.4199999570846558 -1.7199999690055847 -0.2799999713897705 -1.0399999618530273 -0.7800000309944153 -0.1700000762939453 -0.5099999904632568 -0.5099999904632568 -0.1400001049041748 -4.850000202655792 -0.8000001907348633 -0.6099998950958252 -0.619999885559082 -1 0 0 0 -0.8300004005432129 -1.3700001239776611 -2.6600003242492676 -4.8000002056360245 -4.420000195503235 -3.710000157356262 -3.710000157356262 -6.300000190734863 -10.3100004196167 -10.440000057220459 -8.430000305175781 -7.270000219345093 -6.470000147819519 -6.470000147819519 -1.2800002098083496 -1.5600001811981201 -1.510000228881836 -1.260000228881836 -1.3700001239776611 -1.3700001239776611 -1.450000286102295 -1.450000286102295
0 0 0 0 0 -1.4599999785423279 -1.3700000047683716 -1.7099999785423279 -1.7099999785423279 -1.2399999499320984 -1.449999988079071 -0.809999942779541 -0.8500000238418579 -0.8300000429153442 -1.5300000309944153 -2.9700002670288086 -2.9700002670288086 -4.900000214576721 -0.7800002098083496 -1.0199999809265137 -1.0400002002716064 -1.0300002098083496 -0.5300002098083496 -0.6800003051757812 -0.6800003051757812 -0.570000171661377 -1.1100001335144043 -0.8299999237060547 -0.6200003623962402 -1.6500000953674316 -1.9700002670288086 -1.9200000762939453 -1.9200000762939453 -2.2200002670288086 -2.920000195503235 -4.620000183582306 -5.650000214576721 -0.9900002479553223 -1.8100001811981201 -1.8100001811981201 -1.5200002193450928 -1.260000228881836 -1.2900002002716064 -1.580000400543213 -1.6100001335144043 -1.580000400543213 -1.260000228881836 -1.260000228881836
-1.629999965429306 -1.629999965429306 -1.4899999797344208 0 -1.4199999868869781 -1.2199999690055847 -1.2399999499320984 -1.449999988079071 -1.449999988079071 -1.5699999630451202 0 -0.8700000047683716 -0.7599999904632568 -1.2900000512599945 -0.8500000238418579 -3.5300002098083496 -3.5300002098083496 -0.8900003433227539 -0.9800000190734863 -1.1100001335144043 -1.130000114440918 -0.7800002098083496 -1.3600001335144043 -1.010000228881836 -1.010000228881836 -0.8299999237060547 -1.7000000476837158 -0.630000114440918 -0.059999942779541016 -1.5600001811981201 -1.9700002670288086 -1.9700002670288086 -1.5500001907348633 -1.5300002098083496 -2.2800002098083496 -3.7800002098083496 -4.230000197887421 -1.450000286102295 -1.6600000858306885 -1.6600000858306885 -1.5200002193450928 -2.4600002765655518 -1.4900002479553223 -1.2400002479553223 -1.2900002002716064 -1.510000228881836 -1.8900001049041748 -1.8900001049041748
-2.649999976158142 -2.649999976158142 -1.4599999468773603 -1.489999946206808 -0.31999993324279785 -0.4099999666213989 -0.19999992847442627 -0.4699999690055847 -0.4699999690055847 -0.12999999523162842 -0.3299999237060547 -0.7000000476837158 -0.8300000429153442 -1.1499999463558197 0 -5.660000205039978 -5.660000205039978 -5.120000213384628 -3.4400001764297485 -0.019999980926513672 -0.820000171661377 -0.8900003433227539 -0.9500002861022949 -0.820000171661377 -0.820000171661377 -0.38000011444091797 -0.9900002479553223 -0.8299999237060547 -2.010000228881836 -10.470000267028809 -3.820000171661377 -3.820000171661377 -1.6000001430511475 -1.2900002002716064 -1.4200003147125244 0 0 -0.9900002479553223 -4.73000019043684 -4.73000019043684 -4.5400002002716064 -3.0000001192092896 -1.6200001239776611 -1.500000238418579 -1.3100001811981201 -1.450000286102295 -1.4200000762939453 -1.4200000762939453
-0.8099999725818634 -0.8099999725818634 -0.26999998092651367 -3.1799999475479126 -2.9299999475479126 -1.1299999356269836 0 -0.19999992847442627 -0.19999992847442627 -0.18999993801116943 -0.4299999475479126 -0.5500000715255737 -1.2700000405311584 -0.5899999141693115 0 -5.760000228881836 -5.760000228881836 -0.5300002098083496 -0.6000003814697266 -0.019999980926513672 -1.5300002098083496 -1.6600000858306885 -0.059999942779541016 -4.730000138282776 -4.730000138282776 -0.43000030517578125 -0.07000017166137695 -0.059999942779541016 -9.650000095367432 -9.760000228881836 -6.890000104904175 -6.890000104904175 0 -1.4000000953674316 0 -1.1500000953674316 -1.250000238418579 -1.250000238418579 -1.4800002574920654 -1.4800002574920654 -1.320000171661377 -4.780000191181898 -4.480000197887421 -1.440000295639038 -1.3600001335144043 0 -1.250000238418579 -1.250000238418579
