SimulationData/Scenarios/Waterwolf/Flooding/Uitdammerdijk/180.asc
ncols        561
nrows        278
xllcorner    4.817258165162
yllcorner    52.370746892638
cellsize     0.000511251697
NODATA_value  -9999
[rows 132 to 153 of 278, columns 96 to 143 of 561]
-0.46999990940093994 -0.46999990940093994 -0.6699999570846558 -0.5999999046325684 -0.5999999046325684 -0.5399999618530273 -0.46999990940093994 -0.43999993801116943 -0.41999995708465576 -0.31999993324279785 -0.7599999904632568 -0.7599999904632568 -1.0099999904632568 -1.3699999749660492 -1.0699999928474426 -0.31999993324279785 -0.4100000858306885 -0.5000000596046448 -0.6500000357627869 -0.6500000357627869 -0.1400001049041748 -2.3999998569488525 -2.4899998903274536 -0.6099998950958252 -1.25 -1.190000057220459 -1.190000057220459 -1.1599998474121094 -0.8799998760223389 -0.9600000381469727 -0.5699999332427979 -2.5899999141693115 -2.3299999237060547 -2.0899999141693115 -2.0899999141693115 -2.2600001096725464 -1.3000000715255737 -1.1100001335144043 -1.290000081062317 -1.5000001192092896 -1.3000000715255737 -1.4600000381469727 -1.4600000381469727 -0.6800000667572021 -1.2200000286102295 -1.2100000381469727 -1.2700001001358032 -0.9200000762939453
-0.5799999237060547 -0.5899999141693115 -0.46999990940093994 -0.46999990940093994 -0.7299998998641968 -0.5499999523162842 -0.46999990940093994 -0.7599999904632568 -1.0199999809265137 -0.6599999666213989 -0.31999993324279785 -0.31999993324279785 -1.159999966621399 -0.949999988079071 -0.7200000286102295 -1.0199999809265137 -0.6300000548362732 -0.7000000476837158 -0.690000057220459 -0.690000057220459 0 0 0 -2.3899998664855957 -1.2599999904632568 -1.2300000190734863 -1.2300000190734863 -1.3900001049041748 -0.9700000286102295 -1.059999942779541 -0.7400000095367432 -1.2699999809265137 -0.75 -2.209999918937683 -2.209999918937683 -1.6600000858306885 -1.540000081062317 -1.790000081062317 -1.3700001239776611 -1.5700000524520874 -0.9100000858306885 -1.190000057220459 -1.190000057220459 -0.6800000667572021 -1.5000001192092896 -1.3000000715255737 -0.019999980926513672 -0.43000006675720215
-0.6599999666213989 -0.46999990940093994 -0.46999990940093994 -0.46999990940093994 -0.36000001430511475 -0.5499999523162842 -0.8299999237060547 -0.31999993324279785 -0.31999993324279785 -0.41999995708465576 -0.3799999952316284 -0.3799999952316284 -0.5499999523162842 -1.10999995470047 -1.4000000059604645 -0.9799999594688416 -0.6800000667572021 -0.4200000762939453 -0.2500000596046448 -0.2500000596046448 -0.3600000739097595 -0.6800000667572021 -0.2900000810623169 -2.069999933242798 -0.9700000286102295 -0.940000057220459 -0.940000057220459 -0.940000057220459 -0.6399998664855957 -0.7000000476837158 -0.2799999713897705 -1.0699999332427979 -1.559999942779541 -0.7100000381469727 -0.7100000381469727 -1.1800000667572021 -1.6700000762939453 -0.75 -1.5500000715255737 -0.6500000953674316 0 -0.570000171661377 -0.570000171661377 -0.820000171661377 -0.8500001430511475 -1.380000114440918 -1.7700001001358032 -2.040000081062317
-0.31999993324279785 -0.5099999904632568 -0.49000000953674316 -0.49000000953674316 -0.2999999523162842 -0.3399999141693115 -0.5799999237060547 -0.3299999237060547 -0.5900000333786011 -0.31999993324279785 -0.5 -0.5 -0.3799999952316284 -0.75 -1.0799999833106995 -0.949999988079071 -0.5600000619888306 -0.24000006914138794 -0.15000009536743164 -0.15000009536743164 -0.49000006914138794 -0.5 -0.3799999952316284 -2.069999933242798 -2.9199999570846558 -1.4800000190734863 -1.4800000190734863 -1.3299999237060547 -1.179999828338623 -1.1899998188018799 -1.0799999237060547 -1.1999999284744263 -0.43000006675720215 -2.0299999713897705 -2.0299999713897705 -2.1600000858306885 -0.3000001907348633 -0.5600001811981201 -0.630000114440918 -0.3000001907348633 -1.0600000619888306 -1.0600000619888306 -1.2500001192092896 -0.8400001525878906 -1.03000009059906 -1.7300000190734863 -0.019999980926513672 -0.4500000476837158
-0.4299999475479126 -0.46999990940093994 -0.4299999475479126 -0.4299999475479126 -0.25999999046325684 -0.21999990940093994 -0.46999990940093994 -0.31999993324279785 -0.4099999666213989 -0.5199999809265137 -0.31999993324279785 -0.31999993324279785 -0.4700000286102295 -0.6899999380111694 -1.0799999833106995 -1.5399999767541885 -0.20000004768371582 -0.40000003576278687 -0.40000003576278687 -0.30000007152557373 -0.09000003337860107 -0.3500000238418579 -0.4200000762939453 -0.8100000619888306 0 -0.5199999809265137 -0.5199999809265137 -0.15999996662139893 -0.9899998903274536 0 -0.809999942779541 -1.459999918937683 -0.43000006675720215 -1.3299999237060547 -1.3299999237060547 -1.5600000619888306 -0.3100001811981201 -0.9600000381469727 -1.2000000476837158 -1.5700000524520874 -0.49000000953674316 -0.49000000953674316 -0.8000001907348633 -0.5 -1.040000081062317 -1.9000000953674316 -0.8100001811981201 -0.9200000762939453
-0.47000014781951904 -0.5300000905990601 -0.690000057220459 -0.690000057220459 -0.7900000810623169 -0.7000000476837158 -0.9000000953674316 -0.5799999237060547 -0.6899999380111694 -0.619999885559082 -1.0099999904632568 -1.0099999904632568 -0.7399998903274536 -0.9499999284744263 -1.1899999380111694 -1.46999990940094 -0.7000000476837158 -0.8100000023841858 -0.8100000023841858 -0.800000011920929 -0.5600000023841858 -0.25 -0.7300000190734863 -0.04999995231628418 -0.4299999475479126 -0.22999989986419678 -0.22999989986419678 -0.2999999523162842 -0.040000200271606445 -0.5200002193450928 -1.0099998712539673 -0.5999999046325684 -0.6799999475479126 -0.5799999237060547 -0.5799999237060547 -1.0700000524520874 -0.9500000476837158 -1.1400001049041748 -1.220000147819519 -0.24000000953674316 0 0 -0.29000020027160645 -1.3400001525878906 -0.019999980926513672 -0.019999980926513672 -0.38000011444091797 -1.3600001335144043
-0.7900000810623169 -0.7000000476837158 -0.8300000429153442 -0.8300000429153442 -0.690000057220459 -0.6800000667572021 -0.7000000476837158 -0.5899999141693115 -0.6599999666213989 -0.6899999380111694 -1.3299999237060547 -1.3299999237060547 -1.0999999046325684 -1.46999990940094 -1.1799999475479126 -1.4399999380111694 -1.0600000321865082 -0.5900000333786011 -0.5900000333786011 -1.020000010728836 -0.6600000262260437 -0.6899999976158142 -0.550000011920929 -0.9099999666213989 -0.5799999833106995 -0.22999989986419678 -0.22999989986419678 -0.22999989986419678 -0.7300001382827759 -1.0600000619888306 0 -0.6299998760223389 -0.5 -0.779999852180481 -0.779999852180481 -0.6700000762939453 -1.2400001287460327 -0.3000001907348633 -0.9900001287460327 -1.6200001239776611 -1.28000009059906 -1.28000009059906 -1.130000114440918 -1.3000000715255737 -1.130000114440918 -1.6100001335144043 -0.019999980926513672 -0.019999980926513672
-0.1400001049041748 -0.6100001335144043 -0.6800000667572021 -0.6800000667572021 -0.5800000429153442 -0.7000000476837158 -0.6800000667572021 -0.3999999761581421 -0.6599999666213989 -0.619999885559082 -1.0999999046325684 -1.0999999046325684 -1.4199999570846558 -1.4799998998641968 -1.309999942779541 -1.7699999511241913 -1.2600000351667404 -0.9200000166893005 -0.9200000166893005 -1.120000034570694 -0.019999980926513672 -0.4299999475479126 -0.10000002384185791 -0.7699999809265137 -0.8399999737739563 -0.7000000476837158 -0.7000000476837158 -0.029999971389770508 -1.190000057220459 -0.29000020027160645 -0.6999999284744263 -0.9599999189376831 -0.48000001907348633 -0.4499998092651367 -0.4499998092651367 -1.2100000381469727 -0.7100000381469727 -0.7100000381469727 -1.1800000667572021 -1.2500001192092896 -0.7100000381469727 -0.7100000381469727 -0.3000001907348633 -1.2400001287460327 -1.0100001096725464 -1.040000081062317 -0.7699999809265137 -0.019999980926513672
-0.5000001192092896 -0.3900001049041748 -0.6500000953674316 -0.6500000953674316 -0.6500000953674316 -0.7000000476837158 -0.5600000619888306 -0.6999999284744263 -0.7999999523162842 -1.46999990940094 -1.4399999380111694 -1.4399999380111694 -1.269999921321869 -1.3899999260902405 -1.309999942779541 -1.5299999117851257 -1.2400000244379044 -1.2700000256299973 -1.2700000256299973 -2.1299999952316284 -2.1600000262260437 -2.3399999737739563 -0.8700000047683716 -1.1899999976158142 -0.04999995231628418 -0.3700000047683716 -0.3700000047683716 0 -1.1499998569488525 -1.7499998807907104 -0.5900001525878906 -0.040000200271606445 -0.7299998998641968 -0.7299998998641968 -0.3899998664855957 -0.3000001907348633 -0.9900001287460327 -0.8100001811981201 -0.8000001907348633 -0.07000017166137695 -0.07000017166137695 -0.07000017166137695 -0.9300000667572021 -0.8600001335144043 -0.32000017166137695 -0.940000057220459 -1.1500000953674316 -1.1700000762939453
-0.6600000858306885 -0.6500000953674316 -0.6600000858306885 -0.6600000858306885 -0.6400001049041748 -0.7100000381469727 -0.7600001096725464 -0.7699999809265137 -0.619999885559082 -1.4499999284744263 -0.8799998760223389 -1.2399999499320984 -1.35999995470047 -1.5299999713897705 -1.509999930858612 -1.589999943971634 -1.2600000202655792 -1.370000034570694 -1.370000034570694 -1.370000034570694 -0.8100000023841858 -1.020000010728836 -0.5299999713897705 -0.9399999976158142 -0.9300000071525574 -0.7900000214576721 -0.7900000214576721 -0.7700000405311584 -0.9000000357627869 -0.6500000357627869 -1.1499998569488525 0 -1.220000147819519 -1.220000147819519 0 -0.820000171661377 -0.3000001907348633 -0.6400001049041748 -0.3000001907348633 -1.4600000381469727 -0.07000017166137695 -0.07000017166137695 -0.07000017166137695 -2.7100000753998756 -0.820000171661377 -0.75 -0.7899999618530273 -0.8700001239776611
-0.7100000381469727 -0.8500001430511475 -0.7000000476837158 -0.7000000476837158 -0.8400001525878906 -0.8600001335144043 -0.7000000476837158 -0.7799999713897705 -0.619999885559082 -0.9299999475479126 -0.9299999475479126 -1.21999990940094 -1.5399999618530273 -1.7199999392032623 -1.519999921321869 -1.4399999380111694 -1.2200000286102295 -0.8300000429153442 -0.8300000429153442 -0.5200000405311584 -0.8500000238418579 -0.7400000095367432 -1.0100000202655792 -0.8500000238418579 -0.6100000143051147 -0.690000057220459 -0.690000057220459 -0.5900000333786011 -0.36000001430511475 -0.5700000524520874 -1.769999921321869 -1.6799998879432678 -0.5900001525878906 -0.5900001525878906 -0.6700000762939453 -0.8400001525878906 -0.3000001907348633 -1.130000114440918 -1.2700001001358032 -0.25 -0.3300001621246338 -0.3300001621246338 -0.07000017166137695 -0.5299999713897705 -0.75 -0.820000171661377 -0.019999980926513672 -0.8300001621246338
-0.25999999046325684 -0.4100000858306885 -0.25999999046325684 -0.25999999046325684 -0.440000057220459 -0.440000057220459 -0.49000000953674316 -0.5299999713897705 -0.18999993801116943 -0.5399999618530273 -0.5399999618530273 -0.9199999570846558 -0.7699999809265137 -1.2699999809265137 -0.7999999523162842 -0.5099999904632568 -0.550000011920929 -0.64000004529953 -0.64000004529953 -0.6300000548362732 -1.070000022649765 -0.7500000596046448 -0.8100000619888306 -0.8400000333786011 -0.6200000643730164 0 0 -0.690000057220459 -0.6800000667572021 -0.6100000739097595 -1.0900000631809235 0 -1.6700000762939453 -1.6700000762939453 -1.2600001096725464 -1.2000000476837158 -1.1200001239776611 -0.7099999189376831 -0.7399998903274536 -2.040000081062317 -0.8300001621246338 -0.8300001621246338 -0.7400000095367432 -0.8700001239776611 0 -0.6500000953674316 0 -0.3300001621246338
-0.46000003814697266 -0.5900000333786011 -0.6500000953674316 -0.6500000953674316 -0.5800000429153442 -0.7500000596046448 -0.7200000286102295 -0.6199999451637268 -0.5299999713897705 -0.4700000286102295 -0.4700000286102295 -0.949999988079071 -0.8299999833106995 -0.9900000095367432 -0.8799999952316284 -0.7599999904632568 -0.690000057220459 -0.5300000309944153 -0.5300000309944153 -1.0700000524520874 -0.009999990463256836 -0.9700000584125519 -0.8400000333786011 -0.9800000488758087 -0.7800000309944153 -0.8100000619888306 -0.8100000619888306 -0.7400000691413879 -0.9100000858306885 -1.0600000321865082 -0.41999995708465576 -0.21999996900558472 -0.9100000262260437 -0.9100000262260437 -0.2999999523162842 -1.0900001525878906 -0.7900002002716064 0 -0.7300000190734863 -0.5900001525878906 -0.019999980926513672 -0.019999980926513672 -0.019999980926513672 -0.019999980926513672 -0.5600001811981201 -0.5600001811981201 0 -0.32000017166137695
-0.5900000333786011 -0.89000004529953 -0.7600000500679016 -0.7600000500679016 -0.7800000309944153 -0.8600000143051147 -0.7900000214576721 -0.36000001430511475 -0.6599999666213989 -0.6199999451637268 -0.6199999451637268 -0.5999999642372131 -0.8199999928474426 -0.5399999618530273 -1.030000001192093 -0.6599999666213989 -0.009999990463256836 -0.9500000476837158 -0.9500000476837158 -1.0000000298023224 -0.4100000858306885 -0.7400000095367432 -0.6000000238418579 -0.64000004529953 -1.0000000298023224 -1.0000000298023224 -0.8200000524520874 -0.9000000953674316 -0.5800000429153442 -0.7500000596046448 -0.5900000035762787 -0.5999999940395355 -1.2100000381469727 -1.2100000381469727 -0.949999988079071 -2.2700001001358032 -0.9100000858306885 0 -0.8000001907348633 -0.3900001049041748 -0.5299999713897705 -0.5299999713897705 -0.940000057220459 -0.6800000667572021 0 -0.5500001907348633 -0.29000020027160645 -0.38000011444091797
-0.9900000095367432 -0.6500000953674316 -0.6500000953674316 -0.5600000619888306 -0.9800000190734863 -0.6399999856948853 -1.2400000393390656 -0.9899999499320984 -1.0299999713897705 -1.1699999868869781 -1.1699999868869781 -0.07999992370605469 -0.7299999594688416 -0.85999995470047 -0.9899999499320984 -1 -1.1500000357627869 -0.7600000500679016 -0.7600000500679016 -0.8300000429153442 -0.5100000500679016 -0.7300000190734863 -0.5900000333786011 -0.5900000333786011 -0.7300000190734863 -0.7300000190734863 -0.7200000286102295 -0.7400000691413879 -0.8700000643730164 -1.0600000321865082 -0.49000006914138794 -0.6000000238418579 -1.0400000512599945 -1.0400000512599945 -0.6500000357627869 -1.309999942779541 -0.869999885559082 -1.2700001001358032 -0.8700001239776611 -1.2000000476837158 -1.0900001525878906 -1.0900001525878906 -0.8500001430511475 -1.0100001096725464 -0.7699999809265137 -0.3100001811981201 -0.8400001525878906 -0.4500000476837158
-1.1100000143051147 -1.3400000631809235 -1.3400000631809235 -1.050000011920929 -0.940000057220459 -1.0200000405311584 -1.2900000512599945 -0.6599999666213989 -0.6699999570846558 -1.159999966621399 -1.159999966621399 -1.0099999904632568 -0.7899999618530273 -1.0099999904632568 -0.7199999690055847 -0.8699999451637268 -0.7000000476837158 -0.7300000190734863 -0.7300000190734863 -0.5800000429153442 -0.43000006675720215 -0.5600000619888306 -0.5300000309944153 -0.6700000166893005 -0.7500000596046448 -0.7500000596046448 -0.7900000214576721 -1.1100000441074371 -0.6500000357627869 -0.8400000333786011 -0.9500000476837158 -0.7100000381469727 -0.20000004768371582 -0.20000004768371582 -0.20000004768371582 -0.7600000500679016 -0.7200000286102295 -1.4500000476837158 -0.19000005722045898 -0.9500000476837158 0 0 -0.5800001621246338 -0.3600001335144043 -0.940000057220459 -0.9000000953674316 -0.5800001621246338 -0.820000171661377
-1.2000000476837158 -0.9800000190734863 -0.9800000190734863 -1.370000034570694 -1.1700000166893005 -1.2100000381469727 -1.0600000619888306 -0.9299999475479126 -1.2499999701976776 -0.7999999523162842 -0.7999999523162842 -0.9199999570846558 -0.8199999928474426 -1.0999999940395355 -1.2399999797344208 -0.9599999785423279 -1.070000022649765 -0.7300000190734863 -0.7300000190734863 -1.1000000536441803 0 -0.7800000905990601 -0.8000000715255737 -1.1000000536441803 -0.9300000667572021 -0.9300000667572021 -0.5400000214576721 0 -0.6100000739097595 -0.7700000405311584 -0.5200000107288361 -0.5399999916553497 -0.3100000023841858 -0.3100000023841858 -0.4399999976158142 -0.06000000238418579 -0.3199999928474426 -0.8600000739097595 0 -1.380000114440918 -1.380000114440918 -0.3000001907348633 -0.8400001525878906 -0.5400002002716064 -2.28000009059906 -1.0900001525878906 -2.280000001192093 -1.4199999868869781
-0.6299999952316284 -1.120000034570694 -1.120000034570694 -0.8400000333786011 0 -0.9100000262260437 -0.64000004529953 -0.8300000429153442 -0.3200000524520874 -0.690000057220459 -0.690000057220459 -0.5700000524520874 0 -1.0500000417232513 -0.9100000858306885 -0.8800000548362732 -0.7500000596046448 -0.7500000596046448 -0.8300000429153442 -0.7300000190734863 -0.8400000333786011 -0.6000000238418579 -0.690000057220459 -0.9100000858306885 -0.3900001049041748 -0.3900001049041748 -1.0100000500679016 -0.9600000381469727 -0.5900000333786011 -0.8100000619888306 -0.09999996423721313 -0.41999995708465576 -0.16999995708465576 -0.16999995708465576 -0.6299999952316284 -0.25 -0.4400000274181366 -1.0200000703334808 -0.3700000047683716 -1.4500000476837158 -1.4500000476837158 -1.9300000667572021 -0.7000000476837158 -0.75 -0.9900001287460327 -4.270000100135803 -0.3999999761581421 -1.1399999856948853
-0.04999995231628418 -0.699999988079071 -0.699999988079071 -0.8800000548362732 -0.5400000214576721 -0.9000000357627869 -1.160000056028366 -0.8600000739097595 0 -0.8500000238418579 -0.8500000238418579 -0.8700000643730164 -1.0200000703334808 -0.7500000596046448 -0.5700000524520874 -0.49000006914138794 -0.6100000739097595 -0.6100000739097595 -0.8400000333786011 -1.0700000822544098 -0.48000001907348633 -0.3700000047683716 -0.6600000262260437 -0.960000067949295 -0.4700000286102295 -0.4700000286102295 -0.9900000393390656 -0.8500000238418579 -0.7700000405311584 -0.8500000238418579 -0.35999995470046997 -0.6099999845027924 -0.18000000715255737 -0.18000000715255737 -0.26999998092651367 -0.5900000035762787 -0.21999996900558472 -0.12999999523162842 -0.5399999916553497 0 0 0 -1.880000114440918 -1.4500000476837158 -0.75 -2.8200000524520874 -0.8300001621246338 -0.6000001430511475
-1.0800000727176666 -1.0900000631809235 -1.0900000631809235 -1.0100000202655792 -0.6800000071525574 -1.0000000298023224 -0.9900000393390656 -1.0900000631809235 -0.7400000691413879 -1.0200000703334808 -1.0200000703334808 -0.48000001907348633 -0.8000000715255737 -0.440000057220459 0 -0.3700000047683716 -0.960000067949295 -0.960000067949295 -0.940000057220459 -1.0800000727176666 -0.89000004529953 -0.8000000715255737 -0.8800000548362732 -1.1800000369548798 -0.7200000286102295 -0.7200000286102295 -0.7700000405311584 -0.8700000643730164 -0.64000004529953 -1.0300000607967377 -0.6700000762939453 -0.8200000524520874 -1.0400000512599945 -1.0400000512599945 -0.7400000691413879 -0.7900000214576721 -0.9300000667572021 -0.7800000309944153 -0.7400000691413879 -0.4099999666213989 -0.4099999666213989 -0.07999992370605469 -4.299999952316284 -1.0999999642372131 -0.309999942779541 -0.309999942779541 -2.0200001001358032 0
-0.8000000715255737 -0.8000000715255737 -0.8000000715255737 -0.8200000524520874 -0.8100000023841858 -0.7200000286102295 -0.9700000286102295 -0.5200000405311584 -1.0000000298023224 -0.5800000429153442 -0.5800000429153442 0 -0.8500000238418579 -0.64000004529953 -0.6300000548362732 -0.6200000643730164 -0.9800000488758087 -0.9800000488758087 -1.1800000667572021 -0.4100000858306885 -0.6600000262260437 -0.7500000596046448 -0.6600000262260437 -0.43000006675720215 -0.40000009536743164 -0.40000009536743164 -0.7000000476837158 -0.6300000548362732 -0.6500000357627869 -1.010000079870224 -0.64000004529953 -0.7600000500679016 -0.8100000619888306 -0.8100000619888306 -0.8400000333786011 -0.7700000405311584 -0.6600000262260437 0 -0.3799999952316284 -1.0699999630451202 -1.0699999630451202 -4.009999990463257 -0.07999992370605469 -0.07999992370605469 -0.7599999904632568 -0.6599999666213989 -1.9300000667572021 -1.4500000476837158
-0.12000000476837158 -0.28000009059906006 -0.28000009059906006 -0.4200000762939453 -0.019999980926513672 -0.3200000524520874 -0.5900000333786011 -0.6200000643730164 -0.9000000953674316 -0.3500000238418579 -0.3500000238418579 -0.9900000393390656 -0.8700000643730164 -0.7500000596046448 -0.5200000405311584 -0.9900000393390656 -1.1200000643730164 -1.1200000643730164 -0.940000057220459 -0.940000057220459 -0.49000006914138794 -1.1500000655651093 -0.7800000309944153 -0.89000004529953 -0.4200000762939453 -0.4200000762939453 -0.440000057220459 -0.8300000429153442 -1.0200000703334808 -1.0600000321865082 -0.7800000309944153 0 0 0 0 -0.31000006198883057 -0.7500000596046448 -0.5600000619888306 -0.3900001049041748 -0.25 -0.25 -0.07999992370605469 -0.3500000238418579 -0.07999992370605469 0 0 0 0
