SimulationData/Scenarios/Waterwolf/Flooding/Uitdammerdijk/180.asc
ncols        561
nrows        278
xllcorner    4.817258165162
yllcorner    52.370746892638
cellsize     0.000511251697
NODATA_value  -9999
[rows 132 to 153 of 278, columns 432 to 479 of 561]
-0.9599999189376831 -0.2999999523162842 -0.020000100135803223 -0.020000100135803223 -0.040000081062316895 -0.6495102643966675 -0.31951022148132324 0.00540924072265625 -1.0245907306671143 -0.7399999499320984 -0.4599999189376831 -0.4599999189376831 -0.2099999189376831 -0.6143484115600586 1.435628890991211 1.4356095790863037 1.435594081878662 1.435594081878662 1.4355745315551758 1.4355745315551758 1.4355745315551758 1.4355676174163818 -4.390000104904175 -9999 -9999 -9999 -9999 -9999 -9999 -9999 -9999 -9999 -9999 -9999 -9999 -9999 -9999 -9999 -9999 -9999 -9999 -9999 -9999 -9999 -9999 -9999 -9999 -9999
-0.8354753255844116 -0.07999992370605469 0.0494610071182251 0.0494610071182251 -0.1305389404296875 -0.06480932235717773 -0.09480929374694824 -0.01419973373413086 0.03580021858215332 -0.6141891479492188 -0.6342275142669678 -0.6342275142669678 1.4357221126556396 1.435703992843628 1.4356837272644043 1.4356837272644043 1.4356334209442139 1.4356334209442139 1.435605525970459 1.435605525970459 1.435605525970459 -0.6144013404846191 -3.1299999952316284 -9999 -9999 -9999 -9999 -9999 -9999 -9999 -9999 -9999 -9999 -9999 -9999 -9999 -9999 -9999 -9999 -9999 -9999 -9999 -9999 -9999 -9999 -9999 -9999 -9999
-0.7154684066772461 -0.6200000047683716 -0.09053897857666016 -0.09053897857666016 -0.020538926124572754 -0.18480932712554932 0.10519063472747803 -0.38419973850250244 -0.03419971466064453 1.4357917308807373 1.4357805252075195 1.4357805252075195 1.4357655048370361 1.435743808746338 1.4356837272644043 1.4356837272644043 1.4356334209442139 1.4356334209442139 1.435605525970459 1.435605525970459 1.435605525970459 -0.9343981742858887 -9999 -9999 -9999 -9999 -9999 -9999 -9999 -9999 -9999 -9999 -9999 -9999 -9999 -9999 -9999 -9999 -9999 -9999 -9999 -9999 -9999 -9999 -9999 -9999 -9999 -9999
0.06027531623840332 -0.06786799430847168 0.051389217376708984 0.051389217376708984 0.03138911724090576 0.008746504783630371 0.048746585845947266 0.18240618705749512 0.0524061918258667 -0.061247825622558594 1.4357233047485352 1.4357233047485352 1.4358389377593994 1.4358389377593994 1.435760736465454 1.435760736465454 1.4356732368469238 1.4356732368469238 1.4356732368469238 1.4356517791748047 -3.08435720205307 -9999 -9999 -9999 -9999 -9999 -9999 -9999 -9999 -9999 -9999 -9999 -9999 -9999 -9999 -9999 -9999 -9999 -9999 -9999 -9999 -9999 -9999 -9999 -9999 -9999 -9999 -9999
0.0812997817993164 0.04129970073699951 0.1953904628753662 0.1953904628753662 0.1653904914855957 -0.02460944652557373 0.05539047718048096 0.09000372886657715 0.160003662109375 -1.1136889457702637 -0.7636889219284058 -0.7636889219284058 1.4351656436920166 1.436112880706787 1.4358911514282227 1.435732126235962 1.4356937408447266 1.435673475265503 1.435673475265503 1.4356634616851807 -1.3600000143051147 -9999 -9999 -9999 -9999 -9999 -9999 -9999 -9999 -9999 -9999 -9999 -9999 -9999 -9999 -9999 -9999 -9999 -9999 -9999 -9999 -9999 -9999 -9999 -9999 -9999 -9999 -9999
0.40120160579681396 0.15120160579681396 0.05539047718048096 0.05539047718048096 0.005390524864196777 0.05539047718048096 0.05539047718048096 0.42981910705566406 0.09981906414031982 0.10269510746002197 0.09269511699676514 0.09269511699676514 0.107261061668396 0.2572610378265381 -1.0303882360458374 -0.9644805192947388 -1.4843345880508423 -0.3399999141693115 -0.3399999141693115 -1.8600000441074371 -9999 -9999 -9999 -9999 -9999 -9999 -9999 -9999 -9999 -9999 -9999 -9999 -9999 -9999 -9999 -9999 -9999 -9999 -9999 -9999 -9999 -9999 -9999 -9999 -9999 -9999 -9999 -9999
0.12120163440704346 0.10120165348052979 0.07539045810699463 0.07539045810699463 0.10539054870605469 0.6653904914855957 0.06539046764373779 0.05981910228729248 0.12981915473937988 0.0826951265335083 0.12269508838653564 0.12269508838653564 0.107261061668396 -0.042738914489746094 0.1554340124130249 -0.0388948917388916 -0.3883826732635498 -0.41999995708465576 -0.41999995708465576 -0.4099999964237213 -9999 -9999 -9999 -9999 -9999 -9999 -9999 -9999 -9999 -9999 -9999 -9999 -9999 -9999 -9999 -9999 -9999 -9999 -9999 -9999 -9999 -9999 -9999 -9999 -9999 -9999 -9999 -9999
-0.02844560146331787 0.05155444145202637 0.10022246837615967 0.10022246837615967 0.10022246837615967 0.2802225351333618 0.7102224826812744 0.255918025970459 0.19591808319091797 0.16591811180114746 0.15591800212860107 0.15591800212860107 0.15844690799713135 0.20844697952270508 0.07241523265838623 0.15241515636444092 0.02728581428527832 -1.85271418094635 -1.85271418094635 -0.6599999964237213 -9999 -9999 -9999 -9999 -9999 -9999 -9999 -9999 -9999 -9999 -9999 -9999 -9999 -9999 -9999 -9999 -9999 -9999 -9999 -9999 -9999 -9999 -9999 -9999 -9999 -9999 -9999 -9999
0.14155447483062744 0.12155449390411377 0.21022248268127441 0.21022248268127441 0.7102224826812744 0.2802225351333618 0.7102224826812744 0.24591803550720215 0.2359180450439453 0.1359180212020874 0.19591808319091797 0.19591808319091797 0.21271765232086182 0.262717604637146 0.33293068408966064 0.32293057441711426 -0.27797800302505493 -1.9679780006408691 -1.9679780006408691 -0.3700000010430813 -0.39000000059604645 -9999 -9999 -9999 -9999 -9999 -9999 -9999 -9999 -9999 -9999 -9999 -9999 -9999 -9999 -9999 -9999 -9999 -9999 -9999 -9999 -9999 -9999 -9999 -9999 -9999 -9999 -9999
0.15155446529388428 0.12155449390411377 0.13022243976593018 0.13022243976593018 0.25022244453430176 0.17022252082824707 0.20022249221801758 0.19591808319091797 0.15591800212860107 0.44591808319091797 0.27591800689697266 0.27591800689697266 0.3127175569534302 0.25271761417388916 0.26293063163757324 0.3129305839538574 -0.007977962493896484 -0.2679780125617981 -0.2679780125617981 -0.699999988079071 -9999 -9999 -9999 -9999 -9999 -9999 -9999 -9999 -9999 -9999 -9999 -9999 -9999 -9999 -9999 -9999 -9999 -9999 -9999 -9999 -9999 -9999 -9999 -9999 -9999 -9999 -9999 -9999
0.08860814571380615 0.1986081600189209 0.23914706707000732 0.23914706707000732 0.759147047996521 0.23914706707000732 0.08914709091186523 0.23914706707000732 0.29914700984954834 0.29914700984954834 0.29914700984954834 0.2891470193862915 0.2914203405380249 0.33142030239105225 0.35142040252685547 0.3214203119277954 0.4791151285171509 0.36911511421203613 0.36911511421203613 -2.270884871482849 -1.260884828865528 -9999 -9999 -9999 -9999 -9999 -9999 -9999 -9999 -9999 -9999 -9999 -9999 -9999 -9999 -9999 -9999 -9999 -9999 -9999 -9999 -9999 -9999 -9999 -9999 -9999 -9999 -9999
0.1986081600189209 0.11860811710357666 0.20914709568023682 0.20914709568023682 0.39914703369140625 0.27914702892303467 0.19914710521697998 0.5191470384597778 0.31914710998535156 0.3891470432281494 0.3891470432281494 0.26914703845977783 0.3614203929901123 0.3114203214645386 0.35142040252685547 0.4114203453063965 -0.16088485717773438 0.11911511421203613 0.11911511421203613 0.36911511421203613 -2.040884852409363 -9999 -9999 -9999 -9999 -9999 -9999 -9999 -9999 -9999 -9999 -9999 -9999 -9999 -9999 -9999 -9999 -9999 -9999 -9999 -9999 -9999 -9999 -9999 -9999 -9999 -9999 -9999
0.7586081027984619 0.1686081886291504 0.259147047996521 0.259147047996521 0.23914706707000732 0.18914711475372314 0.23914706707000732 0.6691470146179199 0.27914702892303467 0.31914710998535156 0.26914703845977783 0.759147047996521 0.36044394969940186 0.290444016456604 0.18044400215148926 0.020444035530090332 -0.16451513767242432 0.07548487186431885 0.07548487186431885 0.3454848527908325 0.3654848337173462 0.31316661834716797 0.23316669464111328 -0.4768333435058594 -1.89683336019516 -4.1599531173706055 -4.1599531173706055 -2.879953145980835 -1.1892678663134575 -1.17926786839962 -1.1370354369282722 -1.1270354352891445 -1.176920160651207 -1.176920160651207 -9999 -9999 -0.220000009983778 -0.16000000573694706 -0.15000000596046448 -9999 -9999 -9999 -9999 -9999 -9999 -9999 -9999 -9999
0.3179522752761841 0.30795228481292725 0.26914703845977783 0.26914703845977783 0.2291470766067505 0.27914702892303467 0.24914705753326416 0.23914706707000732 0.7491470575332642 0.259147047996521 0.259147047996521 0.4191470146179199 0.33044397830963135 0.3204439878463745 0.290444016456604 -0.14955604076385498 -0.5645151138305664 -0.7545151710510254 -0.7545151710510254 0.44548487663269043 0.3654848337173462 0.40316665172576904 0.4131666421890259 0.3331667184829712 0.2131667137145996 0.4700467586517334 0.4700467586517334 0.30004680156707764 -0.02926790714263916 -0.20926785469055176 -1.277035430073738 -3.0470354557037354 -1.9569201469421387 -1.9569201469421387 -1.156920164823532 -0.2600000109523535 -0.3000000100582838 -0.040000006556510925 -0.2900000065565109 -0.28999999165534973 -9999 -9999 -9999 -9999 -9999 -9999 -9999 -9999
0.3279522657394409 0.33795225620269775 0.26914703845977783 0.26914703845977783 0.2291470766067505 0.11914706230163574 0.24914705753326416 0.29914700984954834 0.259147047996521 0.21914708614349365 0.21914708614349365 0.24914705753326416 0.21044397354125977 0.20044398307800293 0.36044394969940186 0.8104439973831177 -0.5645151138305664 -0.07451522350311279 -0.07451522350311279 0.45548486709594727 0.4254847764968872 0.903166651725769 0.4631667137145996 0.43316662311553955 0.38316667079925537 0.37311673164367676 0.37311673164367676 0.4331166744232178 0.3791249990463257 2.4930254220962524 2.49308705329895 2.4931156635284424 0.4431253671646118 0.4431253671646118 0.4330343008041382 -4.4168620109558105 -1.5975654125213623 -1.033053021878004 -1.0630530212074518 -0.9199999868869781 -9999 -9999 -9999 -9999 -9999 -9999 -9999 -9999
0.24850058555603027 0.33850061893463135 0.362534761428833 0.362534761428833 0.32253479957580566 0.16253483295440674 -0.27746516466140747 0.24253487586975098 0.2325347661972046 0.2525348663330078 0.2525348663330078 0.10253477096557617 -0.1393451690673828 0.11065483093261719 0.8906548023223877 0.4206547737121582 0.38065481185913086 0.5106548070907593 0.5106548070907593 0.5506547689437866 0.41065478324890137 0.3629472255706787 0.3829472064971924 0.43294715881347656 0.9129471778869629 0.9129471778869629 0.4129430055618286 0.482943058013916 2.492952585220337 2.493082284927368 2.4931567907333374 2.4931567907333374 2.493059992790222 2.493059992790222 2.493059992790222 2.4932589530944824 0.42126572132110596 0.4228113889694214 0.4028114080429077 0.4137834310531616 0.47378337383270264 0.47378337383270264 0.10800349712371826 -1.9188061356544495 -4.688907980918884 -1.9888668060302734 -1.467694729566574 -1.1576947271823883
0.1985006332397461 0.21850061416625977 0.35253477096557617 0.35253477096557617 0.4225348234176636 0.4625347852706909 -0.22746515274047852 -0.257465124130249 0.16253483295440674 0.05253481864929199 0.05253481864929199 -0.057465195655822754 0.2406548261642456 0.8906548023223877 0.3406548500061035 0.31065475940704346 0.3906548023223877 0.4206547737121582 0.4206547737121582 0.47065484523773193 0.41065478324890137 0.4129471778869629 0.47294723987579346 0.4829472303390503 0.592947244644165 0.592947244644165 0.3529430627822876 0.4129430055618286 0.44314610958099365 2.493146538734436 2.4931567907333374 2.4931567907333374 2.493059992790222 2.493059992790222 2.493059992790222 2.492684841156006 0.3105170726776123 0.352811336517334 0.34281134605407715 0.38378334045410156 0.44378340244293213 0.44378340244293213 0.37725603580474854 2.5516966581344604 2.5517287254333496 0.5010980367660522 0.21230530738830566 0.5523052215576172
0.21850061416625977 0.3885005712509155 0.3885005712509155 0.2525348663330078 0.20253479480743408 0.2525348663330078 0.302534818649292 -0.23746520280838013 0.8125348091125488 0.492534875869751 0.492534875869751 0.22253477573394775 0.31065475940704346 0.40065479278564453 0.3406548500061035 0.4406547546386719 0.8906548023223877 0.35065484046936035 0.35065484046936035 0.3906548023223877 0.5006548166275024 0.5729471445083618 0.5529471635818481 0.5229471921920776 0.5129472017288208 0.5129472017288208 0.52222740650177 0.4122273921966553 0.4432185888290405 2.493195414543152 2.4932291507720947 2.4932291507720947 2.4932531118392944 2.4932531118392944 2.4932531118392944 0.23169755935668945 0.3495081663131714 0.23794662952423096 0.33794665336608887 0.41280269622802734 0.4028027057647705 0.4028027057647705 2.551122546195984 2.551318645477295 2.5518012046813965 2.5510908365249634 0.3527408838272095 0.4927408695220947
0.2739604711532593 0.5139604806900024 0.5139604806900024 0.31253480911254883 0.19253480434417725 0.022534847259521484 0.10253477096557617 0.22253477573394775 0.302534818649292 0.2325347661972046 0.2325347661972046 0.14253485202789307 0.2606548070907593 0.5406547784805298 0.3406548500061035 0.32065486907958984 0.41065478324890137 0.43065476417541504 0.43065476417541504 0.40065479278564453 0.530654788017273 0.9172743558883667 0.5872743129730225 0.6372743844985962 0.557274341583252 0.557274341583252 0.9234974384307861 0.5134974718093872 0.4931209087371826 2.493109703063965 2.4932419061660767 2.4933881759643555 2.4933881759643555 2.4933881759643555 2.4930957555770874 0.27051305770874023 0.38340723514556885 0.36491143703460693 0.43491148948669434 0.3380469083786011 0.5011516809463501 0.5011516809463501 2.5507755279541016 2.5502798557281494 2.5518507957458496 2.551383852958679 0.3624141216278076 0.49241411685943604
0.2839604616165161 0.1939605474472046 0.1939605474472046 0.16253483295440674 -0.27746516466140747 0.11253476142883301 0.20253479480743408 0.22253477573394775 0.2525348663330078 0.24253487586975098 0.24253487586975098 0.2325347661972046 0.370654821395874 0.8906548023223877 0.2906547784805298 0.41065478324890137 0.38065481185913086 0.3906548023223877 0.3906548023223877 0.4406547546386719 0.8906548023223877 0.49727439880371094 0.5272743701934814 0.49727439880371094 0.8172743320465088 0.8172743320465088 0.5575520992279053 0.5275521278381348 0.42722177505493164 0.35722172260284424 0.33183419704437256 0.30444109439849854 0.44260621070861816 0.44260621070861816 0.3195739984512329 0.3953704833984375 0.3753703832626343 0.4110203981399536 0.261020302772522 0.32782626152038574 0.5006343126296997 0.5006343126296997 0.5001444816589355 0.3615262508392334 2.552968382835388 2.5525518655776978 0.3617895841598511 0.4917895793914795
-0.2760394811630249 0.04396045207977295 0.04396045207977295 0.0825347900390625 0.2325347661972046 0.16253483295440674 0.26253485679626465 0.2325347661972046 0.47253477573394775 0.26253485679626465 0.26253485679626465 0.26253485679626465 0.2906547784805298 0.3406548500061035 0.5206547975540161 0.32065486907958984 0.8906548023223877 0.3306548595428467 0.3306548595428467 0.41065478324890137 0.5006548166275024 0.5172743797302246 0.49727439880371094 0.9172743558883667 0.5072743892669678 0.5072743892669678 0.47755205631256104 0.5275521278381348 0.5172218084335327 0.4372217655181885 0.33169782161712646 0.33548247814178467 0.33825767040252686 0.33825767040252686 0.31596553325653076 0.5453704595565796 0.3853703737258911 0.42102038860321045 0.3910202980041504 0.3267863988876343 0.4867424964904785 0.4867424964904785 0.3000035285949707 0.34136271476745605 0.4934670925140381 2.552798628807068 0.35178959369659424 0.4917895793914795
0.0851823091506958 0.2851823568344116 0.2851823568344116 0.2663816213607788 0.3263816833496094 0.3363816738128662 0.3363816738128662 0.29638171195983887 0.7363816499710083 0.31638169288635254 0.31638169288635254 0.3063817024230957 0.309084415435791 0.7090845108032227 0.309084415435791 0.3690844774246216 0.28908443450927734 0.38908445835113525 0.38908445835113525 0.38908445835113525 0.5190844535827637 0.40915918350219727 0.5391591787338257 0.5391591787338257 0.49915921688079834 0.49915921688079834 0.5251985788345337 0.44519853591918945 0.8351985216140747 0.44519853591918945 0.397092342376709 0.4870922565460205 0.3468135595321655 0.3468135595321655 0.316813588142395 0.448885440826416 0.4988853931427002 0.3488854169845581 0.3988853693008423 0.48129701614379883 0.48129701614379883 0.4112969636917114 0.33098888397216797 0.5309888124465942 0.4946185350418091 0.32233238220214844 0.5324337482452393 0.392433762550354
