SimulationData/Scenarios/Waterwolf/Flooding/Uitdammerdijk/240.asc
ncols        561
nrows        278
xllcorner    4.817258165162
yllcorner    52.370746892638
cellsize     0.000511251697
NODATA_value  -9999
[rows 220 to 241 of 278, columns 144 to 191 of 561]
-9999 -1.75 -1.75 -1.7000000476837158 -1.8799999952316284 -1.5499999523162842 -0.15999996662139893 -0.6299999952316284 -0.5399999618530273 -0.5700000524520874 -0.5700000524520874 -1.7600000202655792 -1.7200000584125519 -1.7200000584125519 -9999 -9999 -9999 -9999 -9999 -1.4899999648332596 -1.1800000220537186 -1.2600000649690628 -0.9500000029802322 -0.8999999910593033 -0.6800000071525574 -0.6800000071525574 -0.5199999809265137 -0.9999999403953552 -0.800000011920929 -0.2200000286102295 -0.12000000476837158 -0.48000001907348633 -0.050000011920928955 -0.050000011920928955 -0.19999998807907104 -0.5200000405311584 -0.5499999523162842 -0.6699999570846558 -2.140000104904175 -0.690000057220459 -0.9700000584125519 -0.9700000584125519 -0.9699999392032623 -0.1899999976158142 -0.3800000548362732 -0.5200000405311584 -0.4300000071525574 -0.6300000250339508
-9999 -1.3999999314546585 -1.3999999314546585 -1.5200000554323196 -1.2399999648332596 -1.1800000220537186 -1.60999995470047 -1.89000004529953 -1.8399999737739563 -1.7199999690055847 -1.7199999690055847 -3.2799999117851257 -9999 -9999 -9999 -1.0699999928474426 -9999 -9999 -9999 -9999 -9999 -9999 -1.1899999976158142 -1.2699999809265137 -0.8600000292062759 -0.8600000292062759 -1.0000000149011612 -1.2000000029802322 -1.2700000554323196 -1.2700000554323196 -1.4400000125169754 -0.9699999839067459 -1.1499999910593033 -1.1499999910593033 -0.4700000286102295 -0.48000001907348633 -0.6399999856948853 -0.4299999475479126 -1.059999942779541 -0.8500000238418579 -0.6399999856948853 -0.6399999856948853 -0.6000000238418579 -0.19999998807907104 -0.050000011920928955 -0.1199999451637268 -0.44999998807907104 -0.3800000548362732
-1.1200000196695328 -1.4200000315904617 -1.4200000315904617 -1.459999993443489 -1.219999983906746 -1.209999993443489 -1.60999995470047 -9999 -9999 -1.7500000596046448 -1.7500000596046448 -9999 -9999 -9999 -1.4200000166893005 -1.300000011920929 -0.9800000190734863 -1.1700000166893005 -1.1700000166893005 -9999 -1.2099999785423279 -0.6800000071525574 -9999 -1.2200000286102295 -1.010000005364418 -1.010000005364418 -0.7400000244379044 -0.6799999922513962 -1.0500000268220901 -1.4500000029802322 -1.0999999791383743 -1.1599999815225601 -1.1200000196695328 -1.1200000196695328 -0.7799999713897705 -0.5699999332427979 -0.2999999523162842 -0.2799999713897705 -0.5099999904632568 -0.32999998331069946 -0.7100000381469727 -0.7100000381469727 -0.43999993801116943 -0.2900000214576721 -0.21999996900558472 -0.15000003576278687 -0.44999998807907104 -0.30000001192092896
-1.3599999696016312 -9999 -9999 -9999 -9999 -9999 -9999 -9999 -9999 -9999 -9999 -9999 -9999 -1.449999988079071 -1.5600000023841858 -1.5800000429153442 -1.3299999833106995 -0.17000000178813934 -0.17000000178813934 -1.050000011920929 -1.1100000143051147 -0.8600000143051147 -1.3799999952316284 -9999 -0.7199999839067459 -0.7199999839067459 -0.7099999934434891 -0.6700000017881393 -0.7699999958276749 -0.8700000196695328 -1.3299999982118607 -1.0199999958276749 -0.9900000244379044 -0.9900000244379044 -0.6799999475479126 -0.20999997854232788 -0.5199999809265137 -0.2999999523162842 -0.25999999046325684 -0.7699999809265137 -0.7199999094009399 -0.7199999094009399 -0.36000001430511475 -0.25999993085861206 -0.2399999499320984 -0.0899999737739563 -0.0899999737739563 -0.3199999928474426
-9999 -9999 -9999 -9999 -9999 -9999 -9999 -9999 -9999 -9999 -9999 -9999 -9999 -1.4699999690055847 -1.5699999928474426 -1.7999999523162842 -1.6200000047683716 -1.6200000047683716 -1.5299999713897705 -1.690000057220459 -1.7999999523162842 -1.5099999904632568 -1.1700000166893005 -1.5199999809265137 -1.3900000602006912 -1.3900000602006912 -1.3899999409914017 0 -0.8200000077486038 -1.1800000220537186 -1.0899999886751175 -1.2000000029802322 -1.0999999791383743 -1.0999999791383743 -0.20999997854232788 -0.4099999666213989 -0.25999999046325684 -0.24000000953674316 -0.10000002384185791 -0.7799999713897705 -0.5199999809265137 -0.5199999809265137 -0.5 -0.46000003814697266 -0.2999999523162842 -0.5399999618530273 -0.309999942779541 -0.17000001668930054
-9999 -9999 -9999 -9999 -9999 -9999 -9999 -9999 -9999 -9999 -9999 -9999 -9999 -9999 -9999 -1.4800000190734863 -1.4199999570846558 -1.4199999570846558 -1.5700000524520874 -1.899999976158142 -1.5199999809265137 -1.5399999618530273 -1.340000033378601 -1.1399999856948853 -1.1599999815225601 -1.1599999815225601 -1.3899999409914017 -1.3599999696016312 -1.3399999886751175 -1.5099999457597733 -1.0999999791383743 -1.2800000458955765 -1.4500000029802322 -1.4500000029802322 -0.6000000238418579 -0.13999998569488525 -0.5299999713897705 -0.3700000047683716 -0.2800000309944153 -0.19000005722045898 -0.19000005722045898 -0.46000003814697266 -0.8300000429153442 -0.11000001430511475 -0.5499999523162842 -0.6000000238418579 -0.3700000047683716 -0.20999997854232788
-9999 -9999 -9999 -9999 -9999 -9999 -9999 -9999 -9999 -9999 -9999 -1.4699999690055847 -1.5799999833106995 -9999 -9999 -9999 -9999 -9999 -9999 -1.5499999523162842 -1.5399999618530273 -1.9900000095367432 -1.5 -1.5099999904632568 -1.369999960064888 -1.369999960064888 -1.4200000315904617 -1.4500000029802322 -1.2399999648332596 -1.0700000077486038 -1.3200000077486038 -1.3200000077486038 -1.1900000125169754 -1.1900000125169754 -0.25 -0.5399999618530273 -0.6499999761581421 -0.3399999737739563 -0.5600000619888306 -0.3400000333786011 -0.3400000333786011 -0.24000000953674316 -0.5900000333786011 -0.4099999666213989 -0.1600000262260437 -0.6399999856948853 -0.5399999618530273 -0.1899999976158142
-9999 -9999 -9999 -9999 -9999 -9999 -9999 -9999 -9999 -9999 -9999 -2.630000054836273 -1.5899999737739563 -1.60999995470047 -1.5999999642372131 -9999 -9999 -9999 -9999 -9999 -1.1400000005960464 -1.5400000363588333 -1.5099999457597733 -1.3599999696016312 -1.8800000250339508 -1.8800000250339508 -1.8800000250339508 -1.5599999725818634 -1.620000034570694 -1.1599999964237213 -1.4099999964237213 -1.2399999797344208 -1.7899999916553497 -1.7899999916553497 -1.6499999314546585 -1.0700000077486038 -1.0799999982118607 -1.369999960064888 -1.2000000029802322 -1.0999999791383743 -1.0999999791383743 -1.1400000005960464 -1.3200000077486038 -0.6600000262260437 -0.2800000309944153 -0.5200000405311584 -0.44999998807907104 -0.5200000405311584
-9999 -9999 -9999 -9999 -9999 -9999 -9999 -9999 -9999 -9999 -9999 -1.5699999928474426 -1.1700000166893005 -1.449999988079071 -1.800000011920929 -1.5500000268220901 -1.2700000554323196 -1.2700000554323196 -1.369999960064888 -9999 -9999 -9999 -9999 -9999 -1.6599999964237213 -1.6599999964237213 -1.8800000250339508 -1.520000010728836 -1.5399999916553497 -1.679999977350235 -1.3900000154972076 -1.5499999821186066 -1.229999989271164 -1.229999989271164 -1.6299999505281448 -1.4899999648332596 -1.6299999505281448 -1.5899999886751175 -1.3899999409914017 -1.1900000125169754 -1.1900000125169754 -1.110000029206276 -1.219999983906746 -0.2200000286102295 -0.550000011920929 -0.2800000309944153 -0.39000004529953003 -0.34999996423721313
-9999 -9999 -9999 -9999 -9999 -9999 -9999 -9999 -9999 -9999 -9999 -9999 -2.060000002384186 -1.2199999690055847 -1.509999930858612 -1.0999999791383743 -1.7399999648332596 -1.7399999648332596 -2.0300000458955765 -1.3799999505281448 -1.2399999648332596 -9999 -9999 -9999 -9999 -9999 -1.4599999487400055 -1.520000010728836 -1.5599999725818634 -1.129999965429306 -1.929999977350235 -1.770000010728836 -2.2400000393390656 -2.2400000393390656 -1.660000041127205 -1.2800000458955765 -1.6399999409914017 -1.5899999886751175 -1.6299999505281448 -1.1200000196695328 -1.1200000196695328 -1.1300000101327896 -1.1499999910593033 -0.5000000596046448 -0.5000000596046448 -0.06999999284744263 -0.6199999451637268 -0.6199999451637268
-9999 -9999 -9999 -9999 -9999 -9999 -9999 -9999 -9999 -9999 -9999 -9999 -2.6800000071525574 -1.89000004529953 -1.5600000023841858 -0.9099999815225601 -1.3900000602006912 -1.3900000602006912 -1.3799999505281448 -1.3799999505281448 -1.3799999505281448 -1.3799999505281448 -9999 -9999 -9999 -9999 -9999 -9999 -1.4099999964237213 -1.0800000131130219 -1.9900000393390656 -1.8800000250339508 -1.8800000250339508 -2.179999977350235 -1.8399999886751175 -2.290000155568123 -2.3100001364946365 -1.969999983906746 -1.2000000029802322 -1.3999999314546585 -1.3999999314546585 -1.2000000029802322 -1.1800000220537186 -0.7399999499320984 -0.6500000357627869 -0.25999999046325684 -0.4899999499320984 -0.4599999785423279
-9999 -9999 -9999 -9999 -9999 -9999 -9999 -9999 -9999 -9999 -9999 -9999 -9999 -1.300000011920929 -1.3399999737739563 -1.1900000125169754 -1.1900000125169754 -1.1900000125169754 -1.3799999505281448 -0.9799999743700027 -1.1599999815225601 -1.2000000029802322 -1.5200000554323196 -1.4899999648332596 -1.620000034570694 -1.620000034570694 -9999 -9999 -9999 -9999 -9999 -2.2099999487400055 -2.2099999487400055 -2.2099999487400055 -2.070000007748604 -2.060000017285347 -1.969999983906746 -9999 -1.2000000029802322 -1.0199999958276749 -1.0199999958276749 -0.9599999934434891 -1.3299999982118607 -0.4899999499320984 -0.3800000548362732 -0.07999998331069946 -0.7199999690055847 -0.6299999356269836
-9999 -9999 -9999 -9999 -9999 -9999 -9999 -9999 -9999 -9999 -9999 -9999 -9999 -9999 -9999 -1.1900000125169754 -1.2399999648332596 -1.2399999648332596 -1.3799999505281448 -1.3799999505281448 -0.9400000125169754 -1.1300000101327896 -1.4899999648332596 -1.369999960064888 -1.5399999916553497 -1.5399999916553497 -1.2300000488758087 -1.0499999821186066 -9999 -9999 -9999 -9999 -9999 -9999 -2.119999960064888 -2.3199998885393143 -1.6400000602006912 -9999 -0.9799999743700027 -0.9799999743700027 -0.9799999743700027 -1.1200000196695328 -1.0999999791383743 -0.60999995470047 -0.3199999928474426 -0.20999997854232788 -0.6899999976158142 -0.6199999451637268
-9999 -9999 -9999 -9999 -9999 -9999 -9999 -9999 -9999 -9999 -9999 -9999 -9999 -1.8499999940395355 -1.7900000512599945 -0.8899999856948853 -9999 -9999 -9999 -1.3899999856948853 -1.3700000047683716 -1.409999966621399 -1.0099999904632568 -1.3000000715255737 -1.5099999904632568 -1.5099999904632568 -1.6200000047683716 -1.3100000023841858 -1.1599999964237213 -1.5300000309944153 -1.4300000071525574 -9999 -9999 -9999 -9999 -9999 -9999 -1.0000000149011612 -0.5700000077486038 -9999 -9999 -0.8999999910593033 -1.0199999958276749 -0.4899998903274536 -0.09999996423721313 -0.36000001430511475 -0.44999992847442627 -0.7699999809265137
-9999 -9999 -9999 -9999 -9999 -9999 -9999 -9999 -9999 -9999 -9999 -9999 -9999 -1.479999989271164 -1.7699999511241913 -0.7000000178813934 -0.6600000262260437 -0.6600000262260437 -1.1200000047683716 -9999 -1.5700000524520874 -1.4900000095367432 -0.5900000184774399 -1.4200000762939453 -1.4200000762939453 -1.7900000214576721 -1.5600000023841858 -1.4300000071525574 -1.3399999737739563 -1.7800000309944153 -1.550000011920929 -1.9899999499320984 -1.9899999499320984 -9999 -9999 -9999 -9999 -9999 -9999 -0.760000005364418 -0.760000005364418 -1.0899999886751175 -0.9099999815225601 -0.5399999618530273 -0.1499999761581421 -0.6899999380111694 -0.5299999713897705 -0.8300000429153442
-9999 -9999 -9999 -9999 -9999 -9999 -9999 -9999 -9999 -9999 -9999 -9999 -9999 -1.320000022649765 -1.4500000178813934 -1.3199999928474426 -1.2100000381469727 -1.2100000381469727 -1.5499999523162842 -9999 -1.1399999856948853 -1.3300000429153442 -1.2599999904632568 -0.9300000071525574 -0.9300000071525574 -1.449999988079071 -1.5199999809265137 -1.800000011920929 -1.9100000262260437 -1.5 -1.9899999499320984 -9999 -9999 -1.9399999976158142 -1.209999993443489 -1.3399999886751175 -1.459999993443489 -1.8799999505281448 -1.8799999505281448 -2.1400000602006912 -2.1400000602006912 -1.2800000458955765 -1.2800000458955765 -0.3500000238418579 -0.6299999952316284 -0.6000000238418579 -0.6399999856948853 -0.6399999856948853
-9999 -9999 -9999 -9999 -9999 -9999 -9999 -9999 -9999 -9999 -9999 -9999 -9999 -9999 -1.6199999749660492 -9999 -1.3899999856948853 -1.3899999856948853 -1.100000023841858 -1.4200000762939453 -9999 -1.6699999570846558 -0.6900000274181366 -1.0200000405311584 -1.0200000405311584 -1.8100000023841858 -1.2899999916553497 -1.7200000286102295 -1.5699999928474426 -1.8299999833106995 -2.3199999928474426 -9999 -9999 -1.9599999785423279 -1.5400000363588333 -1.4500000029802322 -1.5099999457597733 -1.529999926686287 -1.5899999886751175 -1.6400000602006912 -1.6400000602006912 -1.1200000196695328 -1.2000000029802322 -0.2800000309944153 -0.8300000429153442 -0.7899999618530273 -0.7999999523162842 -0.7999999523162842
-9999 -9999 -9999 -9999 -9999 -9999 -9999 -9999 -9999 -9999 -9999 -9999 -9999 -9999 -1.6499999463558197 -1.4800000190734863 -1.5500000715255737 -1.5500000715255737 -1.4600000381469727 -1.7300000190734863 -9999 -0.8899999856948853 -0.8500000238418579 -0.8300000131130219 -0.8300000131130219 -1.7400000095367432 -1.7800000309944153 -1.9699999690055847 -1.7599999904632568 -1.6800000071525574 -9999 -2.150000035762787 -2.150000035762787 -1.6899999976158142 -1.1400000005960464 -1.1599999815225601 -1.2299999743700027 -1.4200000315904617 -1.459999993443489 -1.369999960064888 -1.369999960064888 -1.310000017285347 -1.0399999767541885 -0.17000001668930054 -0.9099999666213989 -3.9500001668930054 -0.6100000143051147 -0.6100000143051147
-9999 -9999 -9999 -9999 -9999 -9999 -9999 -9999 -9999 -9999 -9999 -9999 -9999 -9999 -1.0299999862909317 -9999 -9999 -9999 -9999 -1.4599999785423279 -1.1100000143051147 -9999 -1.0300000309944153 -0.8500000238418579 -0.8500000238418579 -1.1500000357627869 -1.2800000309944153 -1.2800000309944153 -1.3800000548362732 -9999 -1.7099999785423279 -1.6899999976158142 -1.6899999976158142 -1.6899999976158142 -0.28999996185302734 -0.22999995946884155 -0.25999999046325684 -0.49000000953674316 -0.3700000047683716 -0.3100000023841858 -0.3100000023841858 -0.3199999928474426 -0.44999992847442627 -0.3100000023841858 -0.16999995708465576 -0.25999999046325684 -4.129999756813049 -4.129999756813049
-9999 -9999 -9999 -9999 -9999 -9999 -9999 -9999 -9999 -9999 -9999 -9999 -9999 -9999 -9999 -1.2600000500679016 -1.2600000500679016 -1.25 -1.2400000095367432 -1.4100000262260437 -1.2400000095367432 -9999 -1.0300000309944153 -1.0300000309944153 -1.0300000309944153 -1.199999988079071 -1.1500000357627869 -1.1899999976158142 -1.3899999856948853 -9999 -1.6500000357627869 -1.64000004529953 -1.64000004529953 -1.4300000071525574 -0.2799999713897705 -0.15999996662139893 -0.4700000286102295 -0.12999999523162842 -0.07999998331069946 -0.07999998331069946 -0.5 -0.5499999523162842 -0.5499999523162842 -0.5399999618530273 -0.5299999713897705 -0.019999980926513672 -0.11000001430511475 -0.11000001430511475
-9999 -9999 -9999 -9999 -9999 -9999 -9999 -9999 -9999 -9999 -9999 -9999 -9999 -9999 -9999 -1.2800000309944153 -1.2800000309944153 -1.3399999737739563 -3.370000183582306 -1.2400000095367432 -1.5100000500679016 -0.34000000171363354 -1.2900000214576721 -1.3399999737739563 -1.3399999737739563 -1.4300000071525574 -1.3199999928474426 -1.699999988079071 -1.7199999690055847 -1.6800000071525574 -1.7499999403953552 -1.3799999952316284 -1.3799999952316284 -1.64000004529953 -0.49000000953674316 -0.26999998092651367 -0.1499999761581421 -0.10999995470046997 -0.3100000023841858 -0.3100000023841858 -0.5 -0.2999999523162842 -0.21999996900558472 -0.09999996423721313 -0.1899999976158142 -0.1499999761581421 -0.44999992847442627 -0.44999992847442627
-9999 -9999 -9999 -9999 -9999 -9999 -9999 -9999 -9999 -9999 -9999 -9999 -9999 -9999 -9999 -1.3399999737739563 -1.3399999737739563 -3.370000183582306 -3.370000183582306 -3.370000183582306 -3.419999897480011 -1.1600000262260437 -9999 -1.9799999594688416 -1.9799999594688416 -2.199999988079071 -1.8699999451637268 -1.1899999976158142 -1.1899999976158142 -9999 -1.6300000548362732 -1.7499999403953552 -1.7499999403953552 -1.6899999976158142 -0.5099999904632568 -0.16999995708465576 -0.49000000953674316 -0.25999999046325684 -0.5399999618530273 -0.5399999618530273 -0.4700000286102295 -0.32999998331069946 -0.12999999523162842 -0.5900000035762787 -0.9999999701976776 -1.0599999129772186 -0.6500000059604645 -0.6500000059604645
