SimulationData/Scenarios/Waterwolf/Flooding/Uitdammerdijk/240.asc
ncols        561
nrows        278
xllcorner    4.817258165162
yllcorner    52.370746892638
cellsize     0.000511251697
NODATA_value  -9999
[rows 132 to 153 of 278, columns 432 to 479 of 561]
-0.7726761102676392 -0.10382091999053955 0.19168782234191895 0.19168782234191895 0.17168784141540527 -0.46554338932037354 -0.1355433464050293 0.17879140377044678 -0.8512085676193237 -0.5931152701377869 -0.3131152391433716 -0.3131152391433716 -0.2099999189376831 -0.1685025691986084 1.881497859954834 1.8814634084701538 1.8814496994018555 1.8814496994018555 1.881441354751587 1.881441354751587 1.881441354751587 1.8814408779144287 -4.390000104904175 -9999 -9999 -9999 -9999 -9999 -9999 -9999 -9999 -9999 -9999 -9999 -9999 -9999 -9999 -9999 -9999 -9999 -9999 -9999 -9999 -9999 -9999 -9999 -9999 -9999
0.046080946922302246 0.15056705474853516 0.2558494806289673 0.2558494806289673 0.07584953308105469 0.052722930908203125 0.022722959518432617 0.11953580379486084 0.16953575611114502 -0.1682422161102295 -0.18834102153778076 -0.18834102153778076 1.8813978433609009 1.8815443515777588 1.8814923763275146 1.8814923763275146 1.8814563751220703 1.8814563751220703 1.88144850730896 1.88144850730896 1.88144850730896 -0.16854631900787354 -3.1299999952316284 -9999 -9999 -9999 -9999 -9999 -9999 -9999 -9999 -9999 -9999 -9999 -9999 -9999 -9999 -9999 -9999 -9999 -9999 -9999 -9999 -9999 -9999 -9999 -9999 -9999
0.16489291191101074 0.07333743572235107 0.11584949493408203 0.11584949493408203 0.18584954738616943 -0.06727707386016846 0.2227228879928589 -0.25046420097351074 0.09953582286834717 1.881565809249878 1.881678581237793 1.881678581237793 1.8815529346466064 1.8815048933029175 1.8814923763275146 1.8814923763275146 1.8814563751220703 1.8814563751220703 1.88144850730896 1.88144850730896 1.88144850730896 -0.4885460138320923 -9999 -9999 -9999 -9999 -9999 -9999 -9999 -9999 -9999 -9999 -9999 -9999 -9999 -9999 -9999 -9999 -9999 -9999 -9999 -9999 -9999 -9999 -9999 -9999 -9999 -9999
0.2031627893447876 0.15404975414276123 0.15813744068145752 0.15813744068145752 0.1381373405456543 0.12305200099945068 0.16305208206176758 0.2598733901977539 0.1298733949661255 0.0023244619369506836 1.8807119131088257 1.8807119131088257 1.8815971612930298 1.8815971612930298 1.8814539909362793 1.8814539909362793 1.881428599357605 1.881428599357605 1.881428599357605 1.8814427852630615 -2.6385454535484314 -9999 -9999 -9999 -9999 -9999 -9999 -9999 -9999 -9999 -9999 -9999 -9999 -9999 -9999 -9999 -9999 -9999 -9999 -9999 -9999 -9999 -9999 -9999 -9999 -9999 -9999 -9999
0.18544697761535645 0.14544689655303955 0.30185210704803467 0.30185210704803467 0.27185213565826416 0.08185219764709473 0.16185212135314941 0.1777043342590332 0.24770426750183105 -0.6651054620742798 -0.3151054382324219 -0.3151054382324219 1.878392219543457 1.8814729452133179 1.8814390897750854 1.8813978433609009 1.8813871145248413 1.8814072608947754 1.8814072608947754 1.881423830986023 -1.3600000143051147 -9999 -9999 -9999 -9999 -9999 -9999 -9999 -9999 -9999 -9999 -9999 -9999 -9999 -9999 -9999 -9999 -9999 -9999 -9999 -9999 -9999 -9999 -9999 -9999 -9999 -9999 -9999
0.5108476877212524 0.26084768772125244 0.16185212135314941 0.16185212135314941 0.11185216903686523 0.16185212135314941 0.16185212135314941 0.5247840881347656 0.1947840452194214 0.19706308841705322 0.1870630979537964 0.1870630979537964 0.20172631740570068 0.3517262935638428 -0.5850116014480591 -0.5189735889434814 -1.038649559020996 -0.3399999141693115 -0.3399999141693115 -1.8600000441074371 -9999 -9999 -9999 -9999 -9999 -9999 -9999 -9999 -9999 -9999 -9999 -9999 -9999 -9999 -9999 -9999 -9999 -9999 -9999 -9999 -9999 -9999 -9999 -9999 -9999 -9999 -9999 -9999
0.23084771633148193 0.21084773540496826 0.18185210227966309 0.18185210227966309 0.21185219287872314 0.7718521356582642 0.17185211181640625 0.15478408336639404 0.22478413581848145 0.17706310749053955 0.2170630693435669 0.2170630693435669 0.20172631740570068 0.051726341247558594 0.2496356964111328 0.05107831954956055 -0.2997245788574219 -0.41999995708465576 -0.41999995708465576 -0.4099999964237213 -9999 -9999 -9999 -9999 -9999 -9999 -9999 -9999 -9999 -9999 -9999 -9999 -9999 -9999 -9999 -9999 -9999 -9999 -9999 -9999 -9999 -9999 -9999 -9999 -9999 -9999 -9999 -9999
0.07828330993652344 0.15828335285186768 0.20126700401306152 0.20126700401306152 0.20126700401306152 0.38126707077026367 0.8112670183181763 0.3509751558303833 0.2909752130508423 0.2609752416610718 0.2509751319885254 0.2509751319885254 0.24869918823242188 0.2986992597579956 0.15964484214782715 0.23964476585388184 0.11392879486083984 -1.7660712003707886 -1.7660712003707886 -0.6599999964237213 -9999 -9999 -9999 -9999 -9999 -9999 -9999 -9999 -9999 -9999 -9999 -9999 -9999 -9999 -9999 -9999 -9999 -9999 -9999 -9999 -9999 -9999 -9999 -9999 -9999 -9999 -9999 -9999
0.24828338623046875 0.22828340530395508 0.31126701831817627 0.31126701831817627 0.8112670183181763 0.38126707077026367 0.8112670183181763 0.34097516536712646 0.33097517490386963 0.23097515106201172 0.2909752130508423 0.2909752130508423 0.3009681701660156 0.3509681224822998 0.41956794261932373 0.40956783294677734 -0.19535917043685913 -1.8853591680526733 -1.8853591680526733 -0.3700000010430813 -0.39000000059604645 -9999 -9999 -9999 -9999 -9999 -9999 -9999 -9999 -9999 -9999 -9999 -9999 -9999 -9999 -9999 -9999 -9999 -9999 -9999 -9999 -9999 -9999 -9999 -9999 -9999 -9999 -9999
0.2582833766937256 0.22828340530395508 0.23126697540283203 0.23126697540283203 0.3512669801712036 0.2712670564651489 0.30126702785491943 0.2909752130508423 0.2509751319885254 0.5409752130508423 0.370975136756897 0.370975136756897 0.400968074798584 0.34096813201904297 0.34956789016723633 0.3995678424835205 0.07464087009429932 -0.1853591799736023 -0.1853591799736023 -0.699999988079071 -9999 -9999 -9999 -9999 -9999 -9999 -9999 -9999 -9999 -9999 -9999 -9999 -9999 -9999 -9999 -9999 -9999 -9999 -9999 -9999 -9999 -9999 -9999 -9999 -9999 -9999 -9999 -9999
0.19970762729644775 0.3097076416015625 0.32984209060668945 0.32984209060668945 0.8498420715332031 0.32984209060668945 0.17984211444854736 0.32984209060668945 0.38984203338623047 0.38984203338623047 0.38984203338623047 0.37984204292297363 0.37800419330596924 0.4180041551589966 0.4380042552947998 0.40800416469573975 0.5561946630477905 0.4461946487426758 0.4461946487426758 -2.1938053369522095 -1.1838052943348885 -9999 -9999 -9999 -9999 -9999 -9999 -9999 -9999 -9999 -9999 -9999 -9999 -9999 -9999 -9999 -9999 -9999 -9999 -9999 -9999 -9999 -9999 -9999 -9999 -9999 -9999 -9999
0.3097076416015625 0.22970759868621826 0.29984211921691895 0.29984211921691895 0.4898420572280884 0.3698420524597168 0.2898421287536621 0.60984206199646 0.4098421335220337 0.47984206676483154 0.47984206676483154 0.35984206199645996 0.44800424575805664 0.3980041742324829 0.4380042552947998 0.4980041980743408 -0.08380532264709473 0.19619464874267578 0.19619464874267578 0.4461946487426758 -1.9638053178787231 -9999 -9999 -9999 -9999 -9999 -9999 -9999 -9999 -9999 -9999 -9999 -9999 -9999 -9999 -9999 -9999 -9999 -9999 -9999 -9999 -9999 -9999 -9999 -9999 -9999 -9999 -9999
0.8697075843811035 0.279707670211792 0.3498420715332031 0.3498420715332031 0.32984209060668945 0.2798421382904053 0.32984209060668945 0.759842038154602 0.3698420524597168 0.4098421335220337 0.35984206199645996 0.8498420715332031 0.4388786554336548 0.36887872219085693 0.2588787078857422 0.09887874126434326 -0.10022079944610596 0.1397792100906372 0.1397792100906372 0.4097791910171509 0.42977917194366455 0.37375473976135254 0.29375481605529785 -0.4162452220916748 -1.8362452387809753 -4.10158097743988 -4.10158097743988 -2.82158100605011 -1.1340233013033867 -1.1240233033895493 -1.0817778781056404 -1.0717778764665127 -1.12167190015316 -1.12167190015316 -9999 -9999 -0.220000009983778 -0.16000000573694706 -0.15000000596046448 -9999 -9999 -9999 -9999 -9999 -9999 -9999 -9999 -9999
0.4220770597457886 0.41207706928253174 0.35984206199645996 0.35984206199645996 0.3198421001434326 0.3698420524597168 0.3398420810699463 0.32984209060668945 0.8398420810699463 0.3498420715332031 0.3498420715332031 0.509842038154602 0.4088786840438843 0.39887869358062744 0.36887872219085693 -0.07112133502960205 -0.500220775604248 -0.690220832824707 -0.690220832824707 0.5097792148590088 0.42977917194366455 0.4637547731399536 0.47375476360321045 0.39375483989715576 0.2737548351287842 0.5284188985824585 0.5284188985824585 0.35841894149780273 0.02597665786743164 -0.15402328968048096 -1.2217778712511063 -2.9917778968811035 -1.9016718864440918 -1.9016718864440918 -1.1016719043254852 -0.2600000109523535 -0.3000000100582838 -0.040000006556510925 -0.2900000065565109 -0.28999999165534973 -9999 -9999 -9999 -9999 -9999 -9999 -9999 -9999
0.4320770502090454 0.44207704067230225 0.35984206199645996 0.35984206199645996 0.3198421001434326 0.20984208583831787 0.3398420810699463 0.38984203338623047 0.3498420715332031 0.3098421096801758 0.3098421096801758 0.3398420810699463 0.2888786792755127 0.27887868881225586 0.4388786554336548 0.8888787031173706 -0.500220775604248 -0.010220885276794434 -0.010220885276794434 0.5197792053222656 0.48977911472320557 0.9637547731399536 0.5237548351287842 0.4937547445297241 0.44375479221343994 0.430944561958313 0.430944561958313 0.490944504737854 0.43433523178100586 2.5482677221298218 2.548326015472412 2.5483553409576416 0.49837470054626465 0.49837470054626465 0.4882599115371704 -4.361688256263733 -1.5424214601516724 -0.9814474396407604 -1.0114474389702082 -0.9199999868869781 -9999 -9999 -9999 -9999 -9999 -9999 -9999 -9999
0.3462960720062256 0.43629610538482666 0.4422738552093506 0.4422738552093506 0.40227389335632324 0.24227392673492432 -0.1977260708808899 0.32227396965026855 0.31227385997772217 0.3322739601135254 0.3322739601135254 0.18227386474609375 -0.07694423198699951 0.1730557680130005 0.953055739402771 0.4830557107925415 0.44305574893951416 0.5730557441711426 0.5730557441711426 0.6130557060241699 0.47305572032928467 0.4222843647003174 0.44228434562683105 0.49228429794311523 0.9722843170166016 0.9722843170166016 0.47090744972229004 0.5409075021743774 2.548147201538086 2.54829478263855 2.548363208770752 2.548363208770752 2.548309087753296 2.548309087753296 2.548309087753296 2.548428535461426 0.4764382839202881 0.47308552265167236 0.4530855417251587 0.4601615071296692 0.5201614499092102 0.5201614499092102 0.1524377465248108 -1.8745751976966858 -4.64471310377121 -1.9446821808815002 -1.423673838376999 -1.113673835992813
0.2962961196899414 0.3162961006164551 0.43227386474609375 0.43227386474609375 0.5022739171981812 0.5422738790512085 -0.14772605895996094 -0.17772603034973145 0.24227392673492432 0.13227391242980957 0.13227391242980957 0.022273898124694824 0.3030557632446289 0.953055739402771 0.4030557870864868 0.37305569648742676 0.453055739402771 0.4830557107925415 0.4830557107925415 0.5330557823181152 0.47305572032928467 0.47228431701660156 0.5322843790054321 0.542284369468689 0.6522843837738037 0.6522843837738037 0.410907506942749 0.47090744972229004 0.4983224868774414 2.5483449697494507 2.548363208770752 2.548363208770752 2.548309087753296 2.548309087753296 2.548309087753296 2.547915458679199 0.3657912015914917 0.40308547019958496 0.3930854797363281 0.43016141653060913 0.4901614785194397 0.4901614785194397 0.42167484760284424 2.5958662629127502 2.595903217792511 0.5452433228492737 0.25632619857788086 0.5963261127471924
0.3162961006164551 0.48629605770111084 0.48629605770111084 0.3322739601135254 0.28227388858795166 0.3322739601135254 0.38227391242980957 -0.15772610902786255 0.8922739028930664 0.5722739696502686 0.5722739696502686 0.30227386951446533 0.37305569648742676 0.46305572986602783 0.4030557870864868 0.5030556917190552 0.953055739402771 0.41305577754974365 0.41305577754974365 0.453055739402771 0.5630557537078857 0.6322842836380005 0.6122843027114868 0.5822843313217163 0.5722843408584595 0.5722843408584595 0.5804557800292969 0.47045576572418213 0.4983612298965454 2.5483646392822266 2.548420786857605 2.548420786857605 2.5484726428985596 2.5484726428985596 2.5484726428985596 0.2868117094039917 0.40276622772216797 0.28699636459350586 0.38699638843536377 0.45738744735717773 0.4473874568939209 0.4473874568939209 2.5952704548835754 2.595471978187561 2.595969319343567 2.595232903957367 0.39679592847824097 0.5367959141731262
0.3679044246673584 0.6079044342041016 0.6079044342041016 0.3922739028930664 0.2722738981246948 0.10227394104003906 0.18227386474609375 0.30227386951446533 0.38227391242980957 0.31227385997772217 0.31227385997772217 0.22227394580841064 0.3230557441711426 0.6030557155609131 0.4030557870864868 0.38305580615997314 0.47305572032928467 0.49305570125579834 0.49305570125579834 0.46305572986602783 0.5930557250976562 0.9761310815811157 0.6461310386657715 0.6961311101913452 0.616131067276001 0.616131067276001 0.9815728664398193 0.5715728998184204 0.5482747554779053 2.5482813119888306 2.548431873321533 2.548584818840027 2.5485974550247192 2.5485974550247192 2.5483052730560303 0.32583391666412354 0.43572330474853516 0.4125632047653198 0.4825632572174072 0.3830863833427429 0.5452509522438049 0.5452509522438049 2.5949278473854065 2.5944137573242188 2.596026122570038 2.5955440998077393 0.40660423040390015 0.5366042256355286
0.37790441513061523 0.2879045009613037 0.2879045009613037 0.24227392673492432 -0.1977260708808899 0.19227385520935059 0.28227388858795166 0.30227386951446533 0.3322739601135254 0.32227396965026855 0.32227396965026855 0.31227385997772217 0.4330557584762573 0.953055739402771 0.3530557155609131 0.47305572032928467 0.44305574893951416 0.453055739402771 0.453055739402771 0.5030556917190552 0.953055739402771 0.55613112449646 0.5861310958862305 0.55613112449646 0.8761310577392578 0.8761310577392578 0.6150714159011841 0.5850714445114136 0.48316264152526855 0.41316258907318115 0.38711071014404297 0.35955822467803955 0.4977893829345703 0.4977893829345703 0.37284040451049805 0.44486796855926514 0.4248678684234619 0.4576725363731384 0.3076724410057068 0.3732568621635437 0.5447729825973511 0.5447729825973511 0.5442251563072205 0.40558546781539917 2.597194194793701 2.5967352390289307 0.40609055757522583 0.5360905528068542
-0.18209552764892578 0.13790440559387207 0.13790440559387207 0.16227388381958008 0.31227385997772217 0.24227392673492432 0.3422739505767822 0.31227385997772217 0.5522738695144653 0.3422739505767822 0.3422739505767822 0.3422739505767822 0.3530557155609131 0.4030557870864868 0.5830557346343994 0.38305580615997314 0.953055739402771 0.39305579662323 0.39305579662323 0.47305572032928467 0.5630557537078857 0.5761311054229736 0.55613112449646 0.9761310815811157 0.5661311149597168 0.5661311149597168 0.5350713729858398 0.5850714445114136 0.5731626749038696 0.4931626319885254 0.3868941068649292 0.3899874687194824 0.3918982744216919 0.3918982744216919 0.36742913722991943 0.5948679447174072 0.43486785888671875 0.46767252683639526 0.4376724362373352 0.3728465437889099 0.5312594771385193 0.5312594771385193 0.34409379959106445 0.3853824734687805 0.5377041101455688 2.5969897508621216 0.396090567111969 0.5360905528068542
0.1534174680709839 0.3534175157546997 0.3534175157546997 0.3323502540588379 0.39235031604766846 0.4023503065109253 0.4023503065109253 0.36235034465789795 0.8023502826690674 0.3823503255844116 0.3823503255844116 0.3723503351211548 0.3703571557998657 0.7703572511672974 0.3703571557998657 0.4303572177886963 0.35035717487335205 0.45035719871520996 0.45035719871520996 0.45035719871520996 0.5803571939468384 0.4677342176437378 0.5977342128753662 0.5977342128753662 0.5577342510223389 0.5577342510223389 0.5811669826507568 0.5011669397354126 0.8911669254302979 0.5011669397354126 0.45074212551116943 0.540742039680481 0.39820361137390137 0.39820361137390137 0.36820363998413086 0.4958442449569702 0.5458441972732544 0.3958442211151123 0.4458441734313965 0.5266138315200806 0.5266138315200806 0.45661377906799316 0.3748549818992615 0.5748549103736877 0.5387901067733765 0.36655569076538086 0.5746561288833618 0.43465614318847656
