SimulationData/Scenarios/Waterwolf/Flooding/Uitdammerdijk/240.asc
ncols        561
nrows        278
xllcorner    4.817258165162
yllcorner    52.370746892638
cellsize     0.000511251697
NODATA_value  -9999
[rows 44 to 65 of 278, columns 96 to 143 of 561]
-0.5399999618530273 -0.880000114440918 -0.6100001335144043 -0.6100001335144043 -0.690000057220459 -0.6700000762939453 -0.619999885559082 -0.630000114440918 -0.6399998664855957 -0.07000017166137695 -0.07000017166137695 -0.6100001335144043 -0.6399998664855957 -0.07000017166137695 -0.570000171661377 -0.5 -0.570000171661377 -0.5900001525878906 -0.5900001525878906 -0.010000228881835938 -0.6400001049041748 -0.6500000953674316 -0.6100001335144043 -0.7000000476837158 -0.4200000762939453 -0.4200000762939453 -0.7099997997283936 -0.6899998188018799 -0.7099997997283936 -0.6999998092651367 0 -0.7400000095367432 -0.8999998569488525 -0.8999998569488525 -0.9699997901916504 -1.1699998378753662 -1.5 -1.9199998378753662 -1.809999942779541 -0.6899998188018799 -0.6699998378753662 -0.6699998378753662 -0.6499998569488525 -0.6299998760223389 -0.6899998188018799 -0.6099998950958252 -0.6999998092651367 -0.7099997997283936
-0.5300002098083496 -0.7200000286102295 -0.6800000667572021 -0.6800000667572021 -0.570000171661377 -0.6700000762939453 -0.5900001525878906 -0.07000017166137695 -0.6700000762939453 -0.5900001525878906 -0.5900001525878906 -0.07000017166137695 -0.6599998474121094 -0.6399998664855957 -0.4500002861022949 -0.4500002861022949 -0.6700000762939453 -0.6400001049041748 -0.6400001049041748 -0.6400001049041748 -0.6400001049041748 -0.6500000953674316 -0.5799999237060547 -0.6800000667572021 -0.679999828338623 -0.679999828338623 -0.6499998569488525 -0.7099997997283936 0 -0.7799999713897705 -0.7599999904632568 -0.8399999141693115 -0.9099998474121094 -0.9099998474121094 -0.059999942779541016 -2.069999933242798 -2.1399998664855957 -0.019999980926513672 -0.7300000190734863 -0.7599999904632568 -0.09999990463256836 -0.09999990463256836 -0.6599998474121094 -0.6499998569488525 -0.6399998664855957 -0.619999885559082 -0.25 -0.7300000190734863
-0.630000114440918 -0.5999999046325684 -0.6500000953674316 -0.6500000953674316 -0.6399998664855957 -0.4500002861022949 -0.690000057220459 -0.6500000953674316 -0.5900001525878906 -0.7599999904632568 -0.7599999904632568 -0.6599998474121094 -0.7699999809265137 -0.6700000762939453 -0.7100000381469727 -0.3900003433227539 -0.40000009536743164 -0.630000114440918 -0.630000114440918 -0.5900001525878906 -0.7400002479553223 -0.6400001049041748 -0.6200001239776611 -0.7300000190734863 -0.6699998378753662 -0.6699998378753662 -0.619999885559082 -0.5699996948242188 -0.7799999713897705 -0.7200000286102295 -0.7100000381469727 -2.080000162124634 -2.0300002098083496 -2.0300002098083496 -0.13000011444091797 -0.7199997901916504 -0.6599998474121094 -0.7699999809265137 -0.7199997901916504 -0.6299998760223389 -0.6299998760223389 -0.6800000667572021 -0.6700000762939453 -0.5399999618530273 -0.619999885559082 -0.6499998569488525 -0.6299998760223389 -0.5899996757507324
-0.7099997997283936 -0.6399998664855957 -0.6399998664855957 -0.6399998664855957 -0.5199999809265137 -0.6299998760223389 -0.619999885559082 -0.5699996948242188 -0.6999998092651367 -0.7199997901916504 -0.7199997901916504 -0.6400001049041748 -0.5199999809265137 -0.010000228881835938 -0.48000001907348633 -0.5 -0.3600001335144043 -0.5999999046325684 -0.5999999046325684 0 -0.5999999046325684 -0.5899996757507324 -0.6899998188018799 -0.7300000190734863 0 0 -0.6299998760223389 -0.570000171661377 -0.010000228881835938 -2.0199999809265137 -2.2900002002716064 -0.7600002288818359 -0.6800000667572021 -0.6800000667572021 -0.5799999237060547 -0.7300000190734863 -0.7199997901916504 -0.679999828338623 -0.679999828338623 -0.6399998664855957 -0.6399998664855957 -0.6499998569488525 -0.6599998474121094 -0.039999961853027344 -0.679999828338623 -0.679999828338623 -0.7399997711181641 -0.6899998188018799
-0.7099997997283936 -0.6599998474121094 -0.6599998474121094 -0.6399998664855957 -0.619999885559082 -0.5899996757507324 -0.619999885559082 -0.17999982833862305 -0.5899996757507324 -0.6599998474121094 -0.6599998474121094 -0.5199999809265137 -0.5199999809265137 -0.16000032424926758 -0.3400001525878906 -0.3399996757507324 -0.5999999046325684 -0.5 -0.5 -0.5899996757507324 -0.7400000095367432 -0.7199997901916504 -0.7199997901916504 -0.6099998950958252 -0.7400000095367432 -0.7400000095367432 -0.9800000190734863 -1.4300000667572021 -2.0200002193450928 -1.8900001049041748 -0.6800000667572021 -0.6100001335144043 -0.6400001049041748 -0.6400001049041748 -0.6599998474121094 -0.6599998474121094 -0.6999998092651367 -0.6899998188018799 -0.7300000190734863 -0.7099997997283936 -0.7099997997283936 0 -0.6399998664855957 -0.6899998188018799 -0.6499998569488525 -0.7299997806549072 -0.009999752044677734 -0.7299997806549072
-0.7199997901916504 -0.5999999046325684 -0.5999999046325684 -0.6099996566772461 -0.5899996757507324 -0.5999999046325684 -0.5899996757507324 -0.6399998664855957 -0.6899998188018799 -0.5899996757507324 -0.5899996757507324 -0.5399999618530273 -0.5399999618530273 -0.5300002098083496 -0.4500002861022949 -0.5699996948242188 -0.5299997329711914 -0.559999942779541 -0.559999942779541 -0.619999885559082 -0.6699998378753662 -0.3899998664855957 -1.3299999237060547 -1.8299999237060547 -2.0299999713897705 -2.0299999713897705 -1.6099998950958252 -0.6599998474121094 -0.3299999237060547 -0.5899996757507324 -0.6599998474121094 -0.6299998760223389 0 0 -0.7199997901916504 -0.6699998378753662 0 -0.6499998569488525 -0.6699998378753662 -0.7300000190734863 -0.7300000190734863 -0.8199999332427979 -0.8199999332427979 -0.7699999809265137 -0.7799999713897705 -0.5799999237060547 -0.6299996376037598 -0.7299997806549072
-0.6699998378753662 -0.679999828338623 -0.679999828338623 -0.7399997711181641 -0.5399999618530273 -0.5399999618530273 -0.5199999809265137 -0.5399999618530273 -0.559999942779541 -0.5999999046325684 -0.5999999046325684 -0.5899996757507324 -0.5399999618530273 -0.5499997138977051 -0.440000057220459 -0.05000019073486328 -0.7400000095367432 -0.7400000095367432 -0.42999982833862305 0 -0.5 -1.1499998569488525 -2.0199999809265137 -1.9699997901916504 -0.019999980926513672 -0.019999980926513672 -0.7099997997283936 -0.6699998378753662 -0.6399998664855957 -0.5499997138977051 -0.5899996757507324 -0.6399998664855957 -0.6499998569488525 -0.6499998569488525 -0.6499998569488525 -0.7199997901916504 -0.6999998092651367 -0.7099997997283936 -0.7599999904632568 -0.869999885559082 -0.869999885559082 -0.809999942779541 -0.8199999332427979 -0.3399996757507324 -0.809999942779541 -0.8399999141693115 -0.7599997520446777 -0.7299997806549072
-0.679999828338623 -0.6699998378753662 -0.6699998378753662 -0.6899998188018799 -0.48000001907348633 -0.5 -0.5199999809265137 -0.6299998760223389 -0.48000001907348633 -0.4499998092651367 -0.4499998092651367 -0.38000011444091797 -0.48999977111816406 -0.3599996566772461 -0.440000057220459 -0.4699997901916504 0 0 -1.4099998474121094 -1.809999942779541 -1.7400000095367432 -0.7099997997283936 -0.559999942779541 -0.8499999046325684 -0.6999998092651367 -0.6999998092651367 -0.5999999046325684 -0.6299998760223389 -0.5199999809265137 -0.6699998378753662 -0.5999999046325684 -0.5999999046325684 -0.6699998378753662 -0.6699998378753662 -0.6399998664855957 0 -0.6999998092651367 -0.6599998474121094 -0.40000009536743164 -0.75 -0.75 -0.7299997806549072 -0.619999885559082 -0.7199997901916504 -0.7099997997283936 -0.7099997997283936 -0.8599998950958252 -0.6999998092651367
-0.5099997520446777 -0.5299997329711914 -0.5299997329711914 -0.5499997138977051 -0.6399998664855957 -0.679999828338623 -0.4699997901916504 -0.559999942779541 0 -0.4200000762939453 -0.4200000762939453 -0.5099997520446777 -0.4200000762939453 -0.4099998474121094 -0.5699996948242188 0 -1.9599997997283936 -1.9599997997283936 -1.9499998092651367 0 -0.46000003814697266 -0.5699996948242188 -0.5899996757507324 -0.5399999618530273 0 0 -0.6099998950958252 -0.6099998950958252 -0.6999998092651367 -0.48999977111816406 -0.6099998950958252 -0.6099998950958252 -0.6099998950958252 -0.5799999237060547 -0.619999885559082 -0.6599998474121094 -0.6299998760223389 -0.6499998569488525 -0.6899998188018799 -0.6999998092651367 -0.6999998092651367 -0.6599998474121094 -0.6299998760223389 -0.6899998188018799 -0.6699998378753662 -1.2699999809265137 -0.8599998950958252 -0.9799997806549072
-0.48999977111816406 -0.48999977111816406 -0.48999977111816406 0 -0.5699996948242188 -0.5099997520446777 -0.48999977111816406 -0.5899996757507324 -0.5899996757507324 -0.48000001907348633 -0.48000001907348633 -0.46000003814697266 -0.559999942779541 -0.5699996948242188 -1.679999828338623 -1.9399998188018799 -1.429999828338623 -1.429999828338623 -0.679999828338623 -0.059999942779541016 -0.5499997138977051 -0.5199999809265137 -0.23999977111816406 -0.5 -0.34999990463256836 -0.34999990463256836 -0.4499998092651367 -0.6699998378753662 -0.5899996757507324 -0.5999999046325684 -0.5 -0.6599998474121094 -0.6599998474121094 0 -0.6100001335144043 -0.6800000667572021 -0.6700000762939453 -0.559999942779541 -0.690000057220459 -0.7800002098083496 -0.7800002098083496 -0.6399998664855957 -0.630000114440918 -0.8799998760223389 -0.929999828338623 -0.8599998950958252 -0.690000057220459 -1.0699999332427979
-0.46000003814697266 -0.4699997901916504 -0.4699997901916504 -0.5399999618530273 -0.5499997138977051 -0.4499998092651367 -0.5499997138977051 0 -0.5399999618530273 0 0 -1.6699998378753662 -2.049999952316284 -1.2900002002716064 -0.03000020980834961 0 -0.5099997520446777 -0.5099997520446777 -0.5699996948242188 0 -1.2599999904632568 -0.38000011444091797 -0.5 -0.6899998188018799 -0.48999977111816406 -0.48999977111816406 -0.46000003814697266 -0.5699996948242188 -0.7999999523162842 -0.5 -0.2999997138977051 -0.8499999046325684 -0.8499999046325684 -0.6999998092651367 -0.8700001239776611 -0.7200000286102295 -0.9000000953674316 -0.7300000190734863 -0.7699999809265137 -0.7200000286102295 -0.7200000286102295 -0.7200000286102295 -0.7300000190734863 -0.32000017166137695 -1.3199999332427979 -0.9800000190734863 -0.9700000286102295 -0.9700000286102295
-0.3899998664855957 0 0 -0.5499997138977051 -0.5 -0.6099998950958252 -0.5799999237060547 -0.6599998474121094 -1.2099997997283936 -1.2099997997283936 -1.5799999237060547 -1.5899999141693115 -0.04999971389770508 -0.03000020980834961 -0.4700002670288086 -0.5 -0.5499997138977051 -0.5499997138977051 -0.4499998092651367 -0.4699997901916504 -0.75 -0.3899998664855957 -0.5999999046325684 -0.5099997520446777 -0.5099997520446777 -0.5099997520446777 -0.5699996948242188 -0.5899996757507324 -0.7099997997283936 -0.7899999618530273 -0.6699998378753662 -0.7699999809265137 -0.7699999809265137 -0.75 -0.8100001811981201 -0.38000011444091797 -0.9100000858306885 -0.880000114440918 -0.5199999809265137 -0.690000057220459 -0.690000057220459 -0.7300000190734863 -0.7699999809265137 -1.9600000381469727 -1.1699998378753662 -2.0899999141693115 -1 -1
-0.619999885559082 -0.570000171661377 -0.570000171661377 -0.5199999809265137 -0.5299997329711914 -1.5399999618530273 -1.8899998664855957 -1.5299999713897705 -0.559999942779541 -0.559999942779541 -0.5299997329711914 -0.809999942779541 -0.880000114440918 -0.940000057220459 -0.9499998092651367 -0.5399999618530273 -0.38000011444091797 -0.38000011444091797 -0.5 -0.570000171661377 -0.6100001335144043 -0.570000171661377 -0.9200000762939453 -0.48000001907348633 -0.630000114440918 -0.630000114440918 -0.5399999618530273 -0.5199999809265137 -0.570000171661377 -0.7199997901916504 -0.5299997329711914 -0.7499997615814209 -0.7499997615814209 -0.039999961853027344 -0.9200000762939453 -0.8900001049041748 -0.9000000953674316 -1.4100000858306885 -1.5600001811981201 -1.1700000762939453 -1.1700000762939453 -0.8400001525878906 -1.6800000667572021 -1.0499999523162842 -1.0399999618530273 -1.0999999046325684 -0.21000003814697266 -0.21000003814697266
-0.43000030517578125 -0.6499998569488525 -0.6499998569488525 -0.31999969482421875 -1.7699999809265137 -1.8399999141693115 -0.40000009536743164 -0.5299997329711914 -0.5299997329711914 -0.5299997329711914 -0.5799999237060547 -0.9099998474121094 -0.869999885559082 -0.6399998664855957 -0.8600001335144043 -0.5100002288818359 -0.37000036239624023 -0.37000036239624023 -0.6100001335144043 -0.5999999046325684 -0.5399999618530273 -0.630000114440918 -0.7900002002716064 -0.5399999618530273 -0.5399999618530273 -0.559999942779541 -0.5399999618530273 -0.5100002288818359 -0.5199999809265137 -0.7199997901916504 -0.7599997520446777 -0.9599997997283936 -0.9599997997283936 -0.6599998474121094 -0.9100000858306885 -0.9700000286102295 -0.6700000762939453 -1.2200000286102295 -1.2100000381469727 -0.05000019073486328 -0.05000019073486328 -0.05000019073486328 -0.6800000667572021 -0.9099998474121094 -0.21000003814697266 -0.8899998664855957 -0.8599998950958252 -0.8599998950958252
-0.03000020980834961 -1.6099998950958252 -1.6099998950958252 -2.0299999713897705 -1 -0.019999980926513672 -0.48000001907348633 -0.46000003814697266 -0.019999980926513672 -0.019999980926513672 -0.5499997138977051 -0.9600000381469727 -0.7100000381469727 -0.9499998092651367 -0.9000000953674316 -0.26000022888183594 -0.75 -0.75 -0.8199996948242188 -0.7399997711181641 -0.8299999237060547 -0.6999998092651367 -0.75 -0.8399996757507324 -0.8399996757507324 -0.059999942779541016 -0.5 -0.5899996757507324 -0.5399999618530273 -0.6299996376037598 -0.4099998474121094 -1.2899999618530273 -1.2899999618530273 -1.1699998378753662 -1.1100001335144043 -0.690000057220459 -1.380000114440918 -0.7200000286102295 -0.5900001525878906 -0.7699999809265137 -0.7699999809265137 -0.48000001907348633 -0.7800002098083496 -0.75 -0.7699999809265137 -0.75 -0.6499998569488525 -0.6499998569488525
0 -0.440000057220459 -0.440000057220459 -0.5100002288818359 -0.26999998092651367 -0.5100002288818359 -0.5199999809265137 -0.4099998474121094 -0.5499997138977051 -0.5499997138977051 -0.7199997901916504 -0.7300000190734863 -0.9300000667572021 -0.7400002479553223 -0.880000114440918 -0.630000114440918 -0.7399997711181641 -0.7399997711181641 -0.7799997329711914 -0.7599997520446777 -0.7599997520446777 -0.75 -0.7599997520446777 -0.7699999809265137 -0.7699999809265137 -0.7299997806549072 -0.5499997138977051 -0.619999885559082 -0.5499997138977051 -0.6099996566772461 -0.5199999809265137 -0.7799997329711914 -0.7799997329711914 -1.309999942779541 -0.05000019073486328 -0.05000019073486328 -0.7300000190734863 -0.7400000095367432 -0.7800002098083496 -0.8500001430511475 -0.8500001430511475 -0.7300000190734863 -0.8500001430511475 0 -0.7799999713897705 -0.7999999523162842 -0.5699996948242188 -0.5699996948242188
-0.010000228881835938 -0.010000228881835938 -0.48000001907348633 -0.4200000762939453 -0.40000009536743164 -0.5 -0.619999885559082 -0.039999961853027344 -0.5499997138977051 -0.5499997138977051 -0.559999942779541 -0.26000022888183594 -0.820000171661377 -0.8400001525878906 -0.26000022888183594 -0.8299999237060547 -0.7799997329711914 -0.7799997329711914 -0.25 -0.7300000190734863 -0.7399997711181641 -0.25 -0.7599997520446777 -0.8299999237060547 -0.8299999237060547 -0.309999942779541 -1.0899999141693115 -0.5 -0.5199999809265137 -0.6299996376037598 -0.46000003814697266 -0.7199997901916504 -0.7199997901916504 -1.4599997997283936 -1 -0.8300001621246338 -0.5300002098083496 -0.7699999809265137 -0.7699999809265137 -0.7699999809265137 -0.8300001621246338 -0.7900002002716064 -0.8100001811981201 -0.8499999046325684 -0.8899998664855957 -0.6699998378753662 -0.7599999904632568 -0.7599999904632568
-0.5500001907348633 -0.5500001907348633 -0.5199999809265137 -0.559999942779541 -0.570000171661377 -0.6400001049041748 -0.7300000190734863 -0.679999828338623 -0.7200000286102295 -0.7200000286102295 -0.630000114440918 -0.559999942779541 -0.6999998092651367 -0.5899996757507324 -0.6399998664855957 -0.5699996948242188 -0.7999997138977051 -0.7999997138977051 -0.6500000953674316 -0.7300000190734863 -0.7300000190734863 -0.7300000190734863 -0.9199998378753662 -0.7699999809265137 -0.7699999809265137 -0.7299997806549072 -0.9699997901916504 -0.8399999141693115 -0.8199999332427979 -0.059999942779541016 -0.15999984741210938 -0.7099997997283936 -0.7099997997283936 -0.4200000762939453 -0.690000057220459 -0.7300000190734863 -0.9200000762939453 -0.75 -0.8600001335144043 -0.8600001335144043 -0.9700000286102295 -0.9000000953674316 -0.9700000286102295 -0.7999999523162842 -0.9099998474121094 -0.6999998092651367 -0.8899998664855957 -0.8899998664855957
-0.5300002098083496 -0.5300002098083496 -0.5799999237060547 -0.570000171661377 -0.5799999237060547 -0.46000003814697266 -0.7100000381469727 -0.679999828338623 -0.690000057220459 -0.690000057220459 -0.630000114440918 -0.6399998664855957 -0.34999990463256836 -0.40000009536743164 -0.6499998569488525 -0.8499999046325684 -0.46000003814697266 -0.46000003814697266 -0.869999885559082 -0.8899998664855957 -0.8199996948242188 -1.119999885559082 -0.8399996757507324 -0.26999998092651367 -0.26999998092651367 -0.9199998378753662 -1.2299997806549072 -1.5099997520446777 -1.3599998950958252 -0.7399997711181641 -0.6499996185302734 -0.6499996185302734 -0.6499996185302734 -0.7899999618530273 -0.7200000286102295 -0.7900002002716064 -0.820000171661377 -0.8600001335144043 -0.05000019073486328 -0.05000019073486328 -0.8500001430511475 -0.7200000286102295 -0.880000114440918 -0.6699998378753662 -0.8599998950958252 -0.869999885559082 -0.9199998378753662 -0.9199998378753662
-0.05000019073486328 -0.05000019073486328 -0.5300002098083496 -0.570000171661377 -0.03000020980834961 -0.6500000953674316 -0.7200000286102295 -0.09000015258789062 -0.7400000095367432 -0.7400000095367432 -0.7100000381469727 -0.679999828338623 -1.679999828338623 -3.0999999046325684 -0.8899998664855957 -1.7300000190734863 -1.7300000190734863 -1.6099998950958252 -1.5099999904632568 -0.7699999809265137 -0.8499999046325684 -0.929999828338623 -1.2300000190734863 -1.5399999618530273 -1.5399999618530273 -0.8299999237060547 -0.7899999618530273 -0.8599998950958252 -0.8299999237060547 -0.059999942779541016 -0.6999998092651367 -0.7399997711181641 -0.7399997711181641 -0.059999942779541016 -0.7900002002716064 -0.8400001525878906 -0.5399999618530273 -0.9200000762939453 -0.9800000190734863 -0.9800000190734863 -0.9200000762939453 -0.9500000476837158 -0.9000000953674316 -0.9099998474121094 -0.7099997997283936 -0.8299999237060547 -0.809999942779541 -0.809999942779541
-0.4699997901916504 -0.4699997901916504 -0.6399998664855957 -0.6699998378753662 -0.6899998188018799 -0.6899998188018799 -0.9200000762939453 -0.9000000953674316 -1.1500000953674316 -1.1500000953674316 -0.940000057220459 -0.9200000762939453 -1.5600001811981201 -1.2799999713897705 -1.4800002574920654 -1.8599998950958252 -1.8599998950958252 -1.989999771118164 -1.9099998474121094 -1.4199998378753662 -0.9599997997283936 -0.34999990463256836 -1.0799999237060547 -1.4900000095367432 -1.4900000095367432 -0.7599999904632568 -0.9200000762939453 -0.9500000476837158 -0.9900000095367432 -0.559999942779541 -0.9200000762939453 -0.7699999809265137 -0.7699999809265137 -0.679999828338623 -0.5999999046325684 -0.7799999713897705 -0.8399999141693115 -0.8799998760223389 -0.809999942779541 -0.809999942779541 -0.9199998378753662 -0.19999980926513672 -0.7899999618530273 -0.8399999141693115 -0.6699998378753662 -0.9700000286102295 -0.7699999809265137 -0.7699999809265137
-0.26999998092651367 -0.26999998092651367 -0.6899998188018799 -0.7099997997283936 -0.6299996376037598 -0.6399998664855957 -0.869999885559082 -0.9300000667572021 -0.9600000381469727 -0.9600000381469727 -0.8600001335144043 -0.690000057220459 -1.0099999904632568 -1.4700002670288086 -1.2899999618530273 -1.5099999904632568 -1.5099999904632568 -1.8799998760223389 -1.8899998664855957 -1.0899999141693115 -0.5418195724487305 -1.1299998760223389 -1.1699998378753662 -0.9399995803833008 -0.9399995803833008 -1.1100001335144043 -0.9000000953674316 -1 -0.9100000858306885 -0.880000114440918 -0.7999999523162842 -0.7999999523162842 -0.3400001525878906 -0.8600001335144043 -0.7799999713897705 -0.4099998474121094 -0.809999942779541 -0.9599997997283936 0 0 -1.1899998188018799 -0.9399998188018799 -0.9099998474121094 -0.9099998474121094 -0.75 -0.05000019073486328 -1.130000114440918 -1.130000114440918
