SimulationData/Scenarios/Waterwolf/Flooding/Uitdammerdijk/300.asc
ncols        561
nrows        278
xllcorner    4.817258165162
yllcorner    52.370746892638
cellsize     0.000511251697
NODATA_value  -9999
[rows 132 to 153 of 278, columns 240 to 287 of 561]
-0.5399999618530273 -0.41999995708465576 -0.36000001430511475 -0.2999999523162842 -0.10000002384185791 -0.10000002384185791 -0.060000061988830566 -0.2999999523162842 -0.23000001907348633 -0.3200000524520874 -0.05000007152557373 -0.05000007152557373 -0.05000007152557373 -0.9600000381469727 -0.5700000524520874 -0.7100000381469727 -0.7700000405311584 -0.6000000238418579 -1.050000011920929 -0.630000114440918 -0.630000114440918 -0.6600000858306885 -0.720000147819519 -0.6400001049041748 -0.7300001382827759 -0.6800000667572021 -0.630000114440918 -0.630000114440918 -0.6700000762939453 -0.2200000286102295 -0.08000004291534424 -0.19000005722045898 -0.12999999523162842 -0.12000000476837158 -0.11000001430511475 -0.11000001430511475 -0.12999999523162842 -0.10000002384185791 -0.11000001430511475 -0.25999999046325684 -0.23000001907348633 -0.23000001907348633 -0.2799999713897705 -0.2799999713897705 -0.12000000476837158 -0.25 -0.060000061988830566 -0.33000004291534424
-0.41999995708465576 -0.28999996185302734 -0.48000001907348633 -0.21000003814697266 -0.21000003814697266 -0.09000003337860107 -0.26999998092651367 -0.24000000953674316 -0.26999998092651367 -0.09000003337860107 -1.6900000125169754 -0.7900000214576721 -0.7900000214576721 -0.8899999856948853 -0.8300000429153442 -0.8700000047683716 -0.9600000381469727 -0.8799999952316284 -0.05000007152557373 -0.5600000619888306 -0.5600000619888306 -0.6200001239776611 -0.570000171661377 -0.570000171661377 -0.8100000619888306 -0.7600001096725464 -0.5900001525878906 -0.5900001525878906 -0.7100001573562622 -0.1499999761581421 -0.10000002384185791 -0.060000061988830566 -0.21000003814697266 -0.060000061988830566 -0.16999995708465576 -0.16999995708465576 -0.060000061988830566 -0.039999961853027344 -0.18000006675720215 -0.05000007152557373 -0.20000004768371582 -0.20000004768371582 -0.20000004768371582 -0.20000004768371582 -0.060000061988830566 -0.3400000333786011 -0.19000005722045898 -0.2999999523162842
-0.18999993801116943 -0.3700000047683716 -0.2200000286102295 -0.26999998092651367 -0.26999998092651367 -0.24000000953674316 -0.24000000953674316 -0.21000003814697266 -0.12000000476837158 -0.0700000524520874 -0.6600000262260437 -0.9399999976158142 -0.9399999976158142 -0.8700000047683716 -0.7900000214576721 -0.05000007152557373 -0.18000006675720215 -0.75 -0.05000007152557373 -0.8300001621246338 -0.8300001621246338 -0.6100001335144043 -0.6400001049041748 -0.7300001382827759 -0.570000171661377 -0.690000057220459 -0.570000171661377 -0.570000171661377 -0.6400001049041748 -0.12999999523162842 -0.12999999523162842 -0.039999961853027344 -0.1499999761581421 -0.1499999761581421 -0.13999998569488525 -0.13999998569488525 -0.060000061988830566 -0.060000061988830566 -0.19000005722045898 -0.21000003814697266 -0.11000001430511475 -0.1700000762939453 -0.15000009536743164 -0.15000009536743164 -0.1700000762939453 -0.15000009536743164 -0.15000009536743164 -0.11999988555908203
0 -0.060000061988830566 -0.060000061988830566 -0.060000061988830566 -0.060000061988830566 -0.3400000333786011 -0.060000061988830566 -0.060000061988830566 -0.12999999523162842 -0.28999996185302734 -0.12999999523162842 -0.28999996185302734 -0.28999996185302734 -0.05000007152557373 -0.05000007152557373 -0.05000007152557373 -0.2799999713897705 -0.28999996185302734 -0.05000007152557373 -1.180000126361847 -1.180000126361847 -0.6700000762939453 -0.6200001239776611 -0.7100001573562622 -0.5900001525878906 -0.7100001573562622 -0.6600000858306885 -0.6600000858306885 -0.6100001335144043 -0.0700000524520874 -0.08000004291534424 -0.4500000476837158 -0.060000061988830566 -0.060000061988830566 -0.060000061988830566 -0.060000061988830566 -0.060000061988830566 -0.060000061988830566 -0.03000009059906006 -0.2200000286102295 -0.20000004768371582 -0.18000006675720215 -0.18000006675720215 -0.11000001430511475 -0.16000008583068848 -0.33000004291534424 -0.13999998569488525 -0.1700000762939453
-0.12999999523162842 -0.12999999523162842 -0.2799999713897705 -1.090000033378601 -1.090000033378601 -0.9900000095367432 -1.2599999904632568 -0.7800000309944153 -0.060000061988830566 -0.21000003814697266 -0.26999998092651367 -0.24000000953674316 -0.24000000953674316 -0.16999995708465576 -0.25 -0.2200000286102295 -0.039999961853027344 -0.26999998092651367 -0.05000007152557373 -2.0400001108646393 -2.0400001108646393 -0.9300000667572021 -0.970000147819519 -0.9100000858306885 -0.9200000762939453 -0.7300001382827759 -0.6600000858306885 -0.6600000858306885 -0.7000001668930054 -0.060000061988830566 -0.060000061988830566 -0.060000061988830566 -0.060000061988830566 -0.060000061988830566 -0.060000061988830566 -0.060000061988830566 -0.060000061988830566 -0.060000061988830566 -0.03000009059906006 -0.2200000286102295 -0.20000004768371582 -0.19000005722045898 -0.19000005722045898 -0.25999999046325684 -0.16000008583068848 -0.18000006675720215 -0.1700000762939453 -0.13999998569488525
-0.1400001049041748 -0.5999999046325684 -1.4699999690055847 -1.4399999380111694 -1.4399999380111694 -1.6199999451637268 -1.6399999558925629 -0.5 -0.7799999713897705 -0.6599999666213989 -0.8199999332427979 -0.809999942779541 -0.809999942779541 -0.6699998378753662 -0.7699998617172241 -0.7499998807907104 -0.7499998807907104 -0.6599998474121094 -0.559999942779541 -0.559999942779541 -0.4500000476837158 -0.5499999523162842 -0.5699999332427979 -1.100000023841858 -0.8899999856948853 -1.3300000429153442 -0.4500000476837158 -0.4500000476837158 -0.4500000476837158 -0.5199999809265137 -0.5199999809265137 -0.5199999809265137 -0.6099998950958252 -0.7399998903274536 -0.4899998903274536 -0.4899998903274536 -0.4799998998641968 -0.49999988079071045 -0.2799999713897705 -0.25999999046325684 -0.28999996185302734 -0.34999990463256836 -0.34999990463256836 -0.4599999189376831 -0.44999992847442627 -0.4299999475479126 -0.38999998569488525 -0.11000001430511475
-0.18000006675720215 -0.6599999666213989 -1.459999918937683 -1.6799999475479126 -1.6799999475479126 -0.5 -0.5 -1.6399999558925629 -0.8299999237060547 -0.7199999094009399 -0.9399999380111694 -0.8499999046325684 -0.8499999046325684 -0.7999998331069946 -0.6999999284744263 -0.7499998807907104 -1.059999942779541 -1.0399998426437378 -0.559999942779541 -0.559999942779541 -2.249999985098839 -0.5900000333786011 -0.5399999618530273 -0.6399999856948853 -1.0299999713897705 -0.6000000238418579 -0.4500000476837158 -0.4500000476837158 -0.5699999332427979 -0.619999885559082 -0.3899998664855957 -0.5499999523162842 -0.4899998903274536 -0.44999992847442627 -0.4599999189376831 -0.4599999189376831 -0.49999988079071045 -0.4799998998641968 -0.21999990940093994 -0.25999999046325684 -0.2799999713897705 -0.3399999141693115 -0.3399999141693115 -0.3799999952316284 -0.38999998569488525 -0.43999993801116943 -0.3500000238418579 -0.4599999189376831
-0.12999999523162842 -0.5 -2.1299999430775642 -1.9999999441206455 -1.9999999441206455 -1.759999930858612 -1.409999966621399 -1.309999942779541 -1.3199999332427979 -1.4199999570846558 -0.9799998998641968 -0.559999942779541 -0.559999942779541 -0.779999852180481 -0.559999942779541 -0.559999942779541 -0.7099999189376831 -0.8199999332427979 -1.419999897480011 -1.419999897480011 -0.4500000476837158 -0.6000000238418579 -0.7400000095367432 -0.809999942779541 -0.9099999666213989 -0.4500000476837158 -0.46000003814697266 -0.46000003814697266 -0.46000003814697266 -0.5299999713897705 -0.49999988079071045 -0.5199999809265137 -0.46999990940093994 -0.3899998664855957 -0.3899998664855957 -0.3899998664855957 -0.46999990940093994 -0.5399999618530273 -0.440000057220459 -0.4500000476837158 -0.4500000476837158 -0.43000006675720215 -0.43000006675720215 -0.33000004291534424 -0.2999999523162842 -0.2799999713897705 -0.2200000286102295 -0.28000009059906006
-0.2200000286102295 -0.5899999141693115 -0.5 -0.5 -0.5 -0.5 -0.9499999284744263 -0.8599998950958252 -1.10999995470047 -1.0999999642372131 -0.779999852180481 -0.559999942779541 -0.559999942779541 -0.559999942779541 -0.7199999094009399 -0.7299998998641968 -0.6399998664855957 -0.9099998474121094 -1.4099999070167542 -1.4099999070167542 -0.4500000476837158 -0.7100000381469727 -0.6599999666213989 -0.6599999666213989 -0.7000000476837158 -0.41999995708465576 -0.38999998569488525 -0.38999998569488525 -0.4299999475479126 -0.49999988079071045 -0.4599999189376831 -0.5099998712539673 -0.5299999713897705 -0.44999992847442627 -0.4299999475479126 -0.4299999475479126 -0.43999993801116943 -0.44999992847442627 -0.2799999713897705 -0.2900000810623169 -0.2900000810623169 -0.2900000810623169 -0.2900000810623169 -0.41999995708465576 -0.3400000333786011 -0.31999993324279785 -0.28999996185302734 -0.36000001430511475
-0.19000005722045898 -0.6599999666213989 -0.6999999284744263 -0.4599999189376831 -0.4599999189376831 -0.25999999046325684 -0.3399999141693115 -0.3999999761581421 -0.11999988555908203 -0.5899999141693115 -0.309999942779541 -0.3299999237060547 -0.3299999237060547 -0.34999990463256836 -0.42999982833862305 -0.4599999189376831 -0.7599998712539673 -0.809999942779541 -0.559999942779541 -0.559999942779541 -0.4500000476837158 -0.8400000333786011 -0.6000000238418579 -0.6000000238418579 -0.9600000381469727 -0.6000000238418579 -0.43999993801116943 -0.43999993801116943 -0.41999995708465576 -0.5299999713897705 -0.4899998903274536 -0.44999992847442627 -0.4599999189376831 -0.559999942779541 -0.559999942779541 -0.5099998712539673 -0.559999942779541 -0.5299999713897705 -0.26999998092651367 -0.26999998092651367 -0.25999999046325684 -0.5900000333786011 -0.5900000333786011 -0.3700000047683716 -0.3700000047683716 -0.18999993801116943 -0.3400000333786011 -0.440000057220459
-0.8999999761581421 -0.8499999046325684 -0.4899998903274536 -0.7099999189376831 -0.7099999189376831 -0.6499999761581421 -0.5299999713897705 -0.5799999237060547 -0.4599999189376831 -0.6299998760223389 -0.44999992847442627 -0.44999992847442627 -0.7699999809265137 -0.5399999618530273 -0.5799999237060547 -0.46999990940093994 -0.6399998664855957 -0.7699999809265137 -1.2399998903274536 -1.2399998903274536 -0.630000114440918 -1.9600000530481339 -0.630000114440918 -0.630000114440918 -1.1500000953674316 -0.9900000095367432 -0.8600000143051147 -0.8600000143051147 -0.5800000429153442 -0.6499999761581421 -0.6000000238418579 -0.6299999952316284 -0.7000000476837158 -0.5099999904632568 -0.5099999904632568 -0.7000000476837158 -0.7599999904632568 -0.6700000762939453 -0.6500000953674316 -0.6500000953674316 -0.6500000953674316 -0.6500000953674316 -0.6500000953674316 -0.6500000953674316 -0.6500000953674316 -0.6500000953674316 -0.6500000953674316 -0.2200000286102295
-0.8199999332427979 -0.9599999189376831 -0.9699999094009399 -0.8399999141693115 -0.8399999141693115 -0.7699999809265137 -0.46999990940093994 -0.5899999141693115 -0.619999885559082 -0.7699999809265137 -0.2999999523162842 -0.2999999523162842 -0.37999987602233887 -0.7699999809265137 -0.5199999809265137 -0.559999942779541 -0.559999942779541 -0.5999999046325684 -1.4099999070167542 -1.4099999070167542 -0.630000114440918 -2.3700000643730164 -0.9300000667572021 -1.28000009059906 -1.5500000715255737 -0.630000114440918 -0.630000114440918 -0.630000114440918 -0.440000057220459 -0.5500000715255737 -0.5800000429153442 -0.5399999618530273 -0.5399999618530273 -0.5099999904632568 -0.5099999904632568 -0.5299999713897705 -0.5399999618530273 -0.4700000286102295 -0.4500000476837158 -0.5700000524520874 -0.5300000905990601 -0.6500000953674316 -0.6500000953674316 -0.8200000524520874 -0.7900000810623169 -0.8000000715255737 -0.8200000524520874 -0.20000004768371582
-0.5899999141693115 -0.5799999237060547 -0.6799999475479126 -0.7699999809265137 -0.7699999809265137 -0.559999942779541 -0.7299998998641968 -0.7799999713897705 -0.8799998760223389 -0.8799998760223389 -0.7699999809265137 -0.7699999809265137 -0.7699999809265137 -0.7699999809265137 -0.9599999189376831 -0.9299999475479126 -0.869999885559082 -0.9199999570846558 -1.059999942779541 -1.059999942779541 -0.630000114440918 -2.1100000590085983 -0.630000114440918 -0.630000114440918 -0.630000114440918 -1.4300000667572021 -0.36000001430511475 -0.36000001430511475 -0.3500000238418579 -0.49000000953674316 -0.48000001907348633 -0.5500000715255737 -0.38999998569488525 -0.5700000524520874 -0.5700000524520874 -0.5299999713897705 -0.6000000238418579 -0.5299999713897705 -0.5900000333786011 -0.5099999904632568 -0.6000000238418579 -0.7800000905990601 -0.7800000905990601 -0.8300000429153442 -0.8600000143051147 -0.8600000143051147 -0.8700000047683716 -0.38999998569488525
-0.41999995708465576 -0.2999999523162842 -0.309999942779541 -0.4299999475479126 -0.4299999475479126 -0.5499999523162842 -0.7699999809265137 -0.46999990940093994 -0.49999988079071045 -0.309999942779541 -0.4099999666213989 -0.4099999666213989 -0.25 -0.46999990940093994 -0.5199999809265137 -1.0799999237060547 -1.2999999523162842 -1.0999999046325684 -1.0699999332427979 -1.0699999332427979 -0.630000114440918 -1.7700000703334808 -1.2200000286102295 -0.9600000381469727 -0.9861000776290894 -1.130000114440918 -0.8900001049041748 -0.8900001049041748 -0.38000011444091797 -0.5900000333786011 -0.6200000047683716 -0.6299999952316284 -0.6000000238418579 -0.6200000047683716 -0.6200000047683716 -0.5600000619888306 -0.6200000047683716 -0.5800000429153442 -0.5700000524520874 -0.5700000524520874 -0.36000001430511475 -0.6500000953674316 -0.6500000953674316 -0.6500000953674316 -0.8100000619888306 -0.8500000238418579 -0.8500000238418579 -0.20000004768371582
-0.5399999618530273 -0.24000000953674316 -0.06999993324279785 -0.4299999475479126 -0.4299999475479126 -0.21000003814697266 -0.3899998664855957 -0.7699999809265137 -0.309999942779541 -0.3899998664855957 -0.15999984741210938 -0.15999984741210938 -0.43999993801116943 -0.3999999761581421 -0.44999992847442627 -0.46999990940093994 -0.6999999284744263 -0.8199999332427979 -0.8899998664855957 -0.8899998664855957 -1.5200000405311584 -0.630000114440918 -1.4700000286102295 -0.8900001049041748 -0.630000114440918 -0.7100000381469727 -0.7800000905990601 -0.7800000905990601 -0.630000114440918 -0.6700000762939453 -0.7699999809265137 -0.7799999713897705 -0.6700000762939453 -0.8300000429153442 -0.8300000429153442 -0.8300000429153442 -0.8000000715255737 -0.8799999952316284 -0.8300000429153442 -0.8600000143051147 -0.8600000143051147 -0.6500000953674316 -0.6500000953674316 -0.8400000333786011 -0.8200000524520874 -0.8000000715255737 -0.8400000333786011 -0.18000006675720215
-0.7899999618530273 -0.6899999380111694 -0.6399998664855957 -0.4599999189376831 -0.4599999189376831 -0.5499999523162842 -0.44999992847442627 -0.26999998092651367 -0.44999992847442627 -0.12999987602233887 -0.34999990463256836 -0.34999990463256836 -0.2999999523162842 -0.37999987602233887 -0.37999987602233887 -0.3899998664855957 -0.7999999523162842 -0.7699999809265137 -0.7699999809265137 -0.7699999809265137 -0.630000114440918 -0.630000114440918 -0.630000114440918 -0.630000114440918 -0.630000114440918 -0.7700001001358032 -0.7700001001358032 -0.7300000190734863 -0.7400000095367432 -0.7699999809265137 -0.8300000429153442 -0.75 -0.8100000619888306 -0.8400000333786011 -0.8400000333786011 -0.940000057220459 -0.7599999904632568 -0.6700000762939453 -0.6500000953674316 -0.7300000190734863 -0.8500000238418579 -0.6500000953674316 -0.6500000953674316 -0.8799999952316284 -0.8300000429153442 -0.7699999809265137 -0.8700000047683716 -0.25
-0.20000004768371582 -0.8200000524520874 -0.8899999856948853 -0.8899999856948853 -0.6500000953674316 -0.6500000953674316 -0.6500000953674316 -0.75 -0.8799999952316284 -0.690000057220459 -0.619999885559082 -0.619999885559082 -0.7799999713897705 -0.43999993801116943 -0.5499999523162842 -0.36999988555908203 -0.5099999904632568 -0.5699999332427979 -0.6499999761581421 -0.6499999761581421 -0.6700000762939453 -0.6700000762939453 -1.4000000357627869 -1.0099999904632568 -1.2200000286102295 -0.8300000429153442 -0.8300000429153442 -0.8400000333786011 -0.8400000333786011 -0.2200000286102295 -0.1700000762939453 -0.12999999523162842 -0.23000001907348633 -0.19000005722045898 -0.19000005722045898 -0.23000001907348633 -0.040000081062316895 -0.12000000476837158 -0.16999995708465576 -0.12000000476837158 -0.41999995708465576 -0.10000002384185791 -0.10000002384185791 -0.10000002384185791 -0.10000002384185791 -0.10000002384185791 -0.10000002384185791 -0.09000003337860107
-0.13999998569488525 -0.9000000953674316 -0.9300000667572021 -0.9300000667572021 -0.8899999856948853 -0.8200000524520874 -0.9100000858306885 -0.9200000762939453 -0.8799999952316284 -0.8200000524520874 -1.1699999570846558 -1.1699999570846558 -0.9599999189376831 -0.9499999284744263 -0.809999942779541 -0.8299999237060547 -1.0199999809265137 -0.9199999570846558 -0.9899998903274536 -0.9899998903274536 -0.6700000762939453 -0.6700000762939453 -1.300000011920929 -1.1800000667572021 -0.8600000143051147 -0.8500000238418579 -0.8500000238418579 -0.8700000047683716 -0.8799999952316284 -0.2600001096725464 -0.31000006198883057 -0.28000009059906006 -0.28000009059906006 -0.2700001001358032 -0.2700001001358032 -0.30000007152557373 -0.33000004291534424 -0.2900000810623169 -0.3700000047683716 -0.31999993324279785 -0.36000001430511475 -0.2799999713897705 -0.2799999713897705 -0.25999999046325684 -0.18999993801116943 -0.25 -0.26999998092651367 -0.25999999046325684
-0.040000081062316895 -0.6500000953674316 -0.6500000953674316 -0.6500000953674316 -0.9000000953674316 -0.9200000762939453 -0.9300000667572021 -0.7599999904632568 -0.940000057220459 -0.8600000143051147 -0.9799998998641968 -0.9799998998641968 -0.8799999952316284 -1.0299999713897705 -1.0499999523162842 -0.8599998950958252 -0.9599999189376831 -0.9199999570846558 -0.9799998998641968 -0.9799998998641968 -1.0199999809265137 -0.6700000762939453 -1.090000033378601 -0.8799999952316284 -1.0399999618530273 -0.8799999952316284 -0.8799999952316284 -0.8700000047683716 -0.8999999761581421 -0.2900000810623169 -0.28000009059906006 -0.3200000524520874 -0.2900000810623169 -0.28000009059906006 -0.28000009059906006 -0.16000008583068848 -0.30000007152557373 -0.2900000810623169 -0.46999990940093994 -0.38999998569488525 -0.5899999141693115 -0.2099999189376831 -0.2099999189376831 -0.26999998092651367 -0.36000001430511475 -0.13999998569488525 -0.10000002384185791 -0.09000003337860107
-0.46000003814697266 -0.7599999904632568 -0.8200000524520874 -0.8200000524520874 -0.6500000953674316 -0.8600000143051147 -0.7699999809265137 -0.6800000667572021 -0.7900000810623169 -0.6500000953674316 -0.9599999189376831 -0.9599999189376831 -0.75 -0.75 -0.75 -0.75 -0.7999999523162842 -1.0699999332427979 -1.21999990940094 -1.21999990940094 -0.940000057220459 -0.6700000762939453 -1.0700000524520874 -1.1200000047683716 -0.6700000762939453 -0.940000057220459 -0.940000057220459 -0.8500000238418579 -0.7200000286102295 -0.23000001907348633 -0.23000001907348633 -0.36000001430511475 -0.31000006198883057 -0.36000001430511475 -0.36000001430511475 -0.3400000333786011 -0.3400000333786011 -0.33000004291534424 -0.41999995708465576 -0.41999995708465576 -0.3500000238418579 -0.3500000238418579 -0.2799999713897705 -0.309999942779541 -0.16999995708465576 -0.28999996185302734 -0.28999996185302734 -0.309999942779541
-0.03000009059906006 -0.6500000953674316 -0.7300000190734863 -0.7300000190734863 -0.8400000333786011 -0.7100000381469727 -0.8000000715255737 -0.7800000905990601 -0.7900000810623169 -0.8000000715255737 -0.869999885559082 -0.869999885559082 -0.75 -1.0799999237060547 -0.9899998903274536 -1.1999999284744263 -1.0499999523162842 -1.2999999523162842 -1.2999999523162842 -1.2399998903274536 -0.6700000762939453 -0.6700000762939453 -0.6700000762939453 -1.2000000476837158 -1.0299999713897705 -0.9300000667572021 -0.9300000667572021 -0.9300000667572021 -0.9900000095367432 -0.31000006198883057 -0.03000009059906006 -0.020000100135803223 -0.010000109672546387 -0.010000109672546387 -0.010000109672546387 -0.010000109672546387 -0.010000109672546387 -0.010000109672546387 -0.10000002384185791 -0.10000002384185791 -0.10000002384185791 -0.10000002384185791 -0.10000002384185791 -0.10000002384185791 -0.10000002384185791 -0.21999990940093994 -0.3399999141693115 -0.48000001907348633
-0.2200000286102295 -0.8200000524520874 -0.7900000810623169 -0.7900000810623169 -0.8500000238418579 -0.7599999904632568 -0.7599999904632568 -0.8400000333786011 -0.7800000905990601 -0.6500000953674316 -0.75 -0.75 -0.9399999380111694 -1.1799999475479126 -1.119999885559082 -1.0199999809265137 -0.8899999856948853 -1.1999999284744263 -1.1999999284744263 -0.9699999094009399 -0.6700000762939453 -0.6700000762939453 -0.7700000405311584 -0.8500000238418579 -0.21000003814697266 -0.2799999713897705 -0.2799999713897705 -0.3200000524520874 -0.30000007152557373 -0.6700000762939453 -0.6600000858306885 -0.6700000762939453 -0.7700001001358032 -0.7599999904632568 -0.7599999904632568 -0.3900001049041748 -0.3900001049041748 -0.3900001049041748 -0.6399999856948853 -0.7200000286102295 -0.7200000286102295 -0.7200000286102295 -0.75 -0.7000000476837158 -0.7100000381469727 -0.75 -0.7000000476837158 -0.6200000047683716
