SimulationData/Scenarios/Waterwolf/Flooding/Uitdammerdijk/300.asc
ncols        561
nrows        278
xllcorner    4.817258165162
yllcorner    52.370746892638
cellsize     0.000511251697
NODATA_value  -9999
[rows 22 to 43 of 278, columns 96 to 143 of 561]
-9999 -9999 -9999 -9999 -9999 -9999 -9999 -9999 -9999 -9999 -9999 -0.7400000095367432 -0.7400000095367432 -0.48000001907348633 -0.49000024795532227 -0.5300002098083496 -0.3299999237060547 -0.5300002098083496 0 -0.440000057220459 -0.440000057220459 -0.2200002670288086 -0.4500002861022949 -0.36999988555908203 -0.21000003814697266 -0.6100001335144043 -0.7999997138977051 -0.7999997138977051 -0.8499999046325684 -1.3299999237060547 -0.46000003814697266 -1.309999704360962 -1.3599998950958252 -1.1600000858306885 -1.2000000476837158 -1.2000000476837158 -1.1100001335144043 -1.0500001907348633 -0.9200000762939453 -1.0999999046325684 -0.809999942779541 -0.5500001907348633 -0.5500001907348633 -0.5500001907348633 -0.5900001525878906 -0.7899999618530273 -0.8600001335144043 -0.32000017166137695
-9999 -9999 -9999 -9999 -9999 -9999 -9999 -4.8100001364946365 -2.260000228881836 -0.03000020980834961 -0.309999942779541 -0.440000057220459 -0.440000057220459 -0.32000017166137695 -0.37000036239624023 -0.3299999237060547 -0.4200000762939453 -0.570000171661377 -0.5 -0.5 -0.5100002288818359 -0.5300002098083496 -0.4200000762939453 -0.48000001907348633 -0.5900001525878906 -0.679999828338623 -0.8499999046325684 -0.8499999046325684 -0.8799998760223389 -1.239999771118164 -1.0899996757507324 -1.2699997425079346 -1.2899997234344482 -1.0999999046325684 -1.3000001907348633 -1.3000001907348633 -1.0300002098083496 -1.1399998664855957 -1.2300000190734863 -1.0900001525878906 -1.1700000762939453 -0.9000000953674316 -0.9000000953674316 -0.7600002288818359 -0.5500001907348633 -0.7200002670288086 -0.7600002288818359 -0.8899998664855957
-9999 -9999 -3.199999988079071 -0.9499998092651367 -0.9499998092651367 -0.6399998664855957 -0.010000228881835938 -0.630000114440918 -0.690000057220459 -0.20000028610229492 -0.5199999809265137 -0.31999969482421875 -0.31999969482421875 -0.3600001335144043 -0.26000022888183594 -0.1400003433227539 -0.3400001525878906 -0.4200000762939453 -0.5399999618530273 -0.5399999618530273 -0.570000171661377 -0.03000020980834961 -0.40000009536743164 -0.5 -0.7599997520446777 -0.8399999141693115 -0.25999975204467773 -0.25999975204467773 -0.8599998950958252 -1.309999704360962 -1.119999885559082 -1.3199996948242188 -1.1399998664855957 -1.2100000381469727 -1.380000114440918 -1.380000114440918 -1.1399998664855957 -1.2599999904632568 -1.2900002002716064 -1.0900001525878906 -1.2400000095367432 -1.130000114440918 -1.130000114440918 -0.619999885559082 -0.6500000953674316 -0.7600002288818359 -0.6599998474121094 -0.880000114440918
-9999 -1.0500001907348633 -0.75 -0.6100001335144043 -0.5500001907348633 -0.49000024795532227 -0.40000009536743164 -0.4100003242492676 -0.3000001907348633 -0.5199999809265137 -0.17999982833862305 -0.5999999046325684 -0.5999999046325684 -0.5799999237060547 -0.6099996566772461 -0.5699996948242188 -0.5899996757507324 -0.48999977111816406 -0.42999982833862305 -0.42999982833862305 -0.619999885559082 -0.46000003814697266 -0.679999828338623 -0.059999942779541016 -1.1600000858306885 -1.1500000953674316 -1.1399998664855957 -1.1399998664855957 -1.0300002098083496 -1.1500000953674316 -1.2200000286102295 -1.3500001430511475 -1.2300000190734863 -0.9200000762939453 -0.9200000762939453 -1.3300001621246338 -1.119999885559082 -1.2900002002716064 -1.070000171661377 -0.5500001907348633 -1.1700000762939453 -1.1700000762939453 -1.1700000762939453 -1.0299997329711914 -0.8899998664855957 -0.46000003814697266 -1.2200000286102295 -0.46000003814697266
-0.7700002193450928 -0.6999998092651367 -0.679999828338623 -0.6999998092651367 -0.6999998092651367 -0.5799999237060547 -0.5399999618530273 -0.37000036239624023 -0.48000001907348633 -0.559999942779541 -0.46000003814697266 -0.6699998378753662 -0.6699998378753662 -0.5499997138977051 -0.6399998664855957 -0.5899996757507324 -0.5899996757507324 -0.5299997329711914 -0.5399999618530273 -0.5399999618530273 -0.5299997329711914 -0.5799999237060547 -0.6099996566772461 -0.679999828338623 -0.8899998664855957 -1.130000114440918 -1.119999885559082 -1.119999885559082 -1.130000114440918 -1.119999885559082 -1.2200000286102295 -1.2200000286102295 -1.1600000858306885 -1.119999885559082 -1.119999885559082 -1.2400000095367432 -1.0199999809265137 -1.1500000953674316 -1.0300002098083496 -0.809999942779541 -1.1600000858306885 -1.1399998664855957 -1.1399998664855957 -1.179999828338623 -1.0699999332427979 -0.9899997711181641 -0.46000003814697266 -1.059999942779541
-0.7000000476837158 -0.5899996757507324 -0.6599998474121094 -0.7399997711181641 -0.7399997711181641 -0.5199999809265137 -0.559999942779541 -0.32000017166137695 -0.440000057220459 -0.5500001907348633 -0.5399999618530273 -0.559999942779541 -0.559999942779541 -0.5899996757507324 -0.5999999046325684 -0.5 -0.42999982833862305 -0.48999977111816406 -0.5299997329711914 -0.5299997329711914 -0.5099997520446777 -0.059999942779541016 -0.6099996566772461 -0.5699996948242188 -1.070000171661377 -1.0799999237060547 -0.9700002670288086 -0.9700002670288086 -1.130000114440918 -1.1600000858306885 -0.5500001907348633 -1.1399998664855957 -1.2200000286102295 -1.6500000953674316 -1.6500000953674316 -1.380000114440918 -0.6399998664855957 -1.070000171661377 -1.1500000953674316 -1.510000228881836 -1.2100000381469727 -0.5500001907348633 -0.5500001907348633 -0.46000003814697266 -1.190000057220459 -1.6399998664855957 -1.3499999046325684 -0.5499997138977051
-0.5699996948242188 -0.630000114440918 -0.619999885559082 -0.5799999237060547 -0.5799999237060547 -0.559999942779541 -0.49000024795532227 -0.3000001907348633 -0.4100003242492676 -0.48000001907348633 -0.48000001907348633 -0.440000057220459 -0.440000057220459 -0.5299997329711914 -0.559999942779541 -0.2999997138977051 -0.4699997901916504 -0.4099998474121094 -0.440000057220459 -0.440000057220459 -0.48999977111816406 -0.5399999618530273 -0.6099996566772461 -0.5399999618530273 -0.9900002479553223 -1.1399998664855957 -1.130000114440918 -1.130000114440918 -1.3300001621246338 -0.8299999237060547 -1.5800001621246338 -1.380000114440918 -1.2900002002716064 -1.7100000381469727 -1.7100000381469727 -1.690000057220459 -1.7900002002716064 -1.0999999046325684 -1.1100001335144043 -0.5100002288818359 -1.6800000667572021 -1.6800000667572021 -1.6800000667572021 -1.3199999332427979 -0.9800000190734863 -0.570000171661377 -0.9800000190734863 -1.0099997520446777
-0.5299997329711914 -0.5799999237060547 -0.5900001525878906 -0.570000171661377 -0.570000171661377 -0.5199999809265137 -0.5399999618530273 -0.6100001335144043 -0.6600000858306885 -0.38000011444091797 -0.37999963760375977 -0.37999963760375977 -0.5 -0.36999988555908203 -0.5799999237060547 -0.4099998474121094 -0.2199997901916504 -0.5799999237060547 -0.48999977111816406 -0.48999977111816406 -0.5099997520446777 -0.5199999809265137 -0.6099996566772461 -0.6299996376037598 -1.1500000953674316 -1.130000114440918 -1.1100001335144043 -1.1100001335144043 -1.2000000476837158 -1.8600001335144043 -1.4100000858306885 -1.6100001335144043 -1.5600001811981201 -1.9700002670288086 -1.9700002670288086 -2.1500000953674316 -1.940000295639038 -1.2200000286102295 -0.559999942779541 -1.4900000095367432 -1.1600000858306885 -1.1100001335144043 -1.1100001335144043 -0.9600000381469727 -1.0199999809265137 -1.0099997520446777 -1.049999713897705 -0.9800000190734863
-0.4500002861022949 -0.039999961853027344 -0.5699996948242188 -0.3599996566772461 -0.3599996566772461 -0.5099997520446777 -0.48000001907348633 -0.039999961853027344 -0.4499998092651367 -0.4499998092651367 -0.4699997901916504 -0.4699997901916504 -0.3399996757507324 -0.04999971389770508 -0.440000057220459 -0.43000030517578125 -0.43000030517578125 -0.5399999618530273 -0.05000019073486328 -0.05000019073486328 -0.5399999618530273 -0.5500001907348633 -0.5300002098083496 -0.46000003814697266 -0.6500000953674316 -0.8300001621246338 -0.8500001430511475 -0.8500001430511475 -0.6700000762939453 -0.8100001811981201 -0.16000032424926758 -1.2200002670288086 -1.2200002670288086 -1.2599999904632568 -1.2599999904632568 -1.5399999618530273 -1.059999942779541 -0.8799998760223389 -1.4499998092651367 -1.3199999332427979 -0.7899999618530273 -0.5099997520446777 -0.5099997520446777 -0.820000171661377 -0.7699999809265137 -0.8000001907348633 -0.7800002098083496 -0.6400003433227539
-0.40000009536743164 -0.5 -0.5499997138977051 -0.5399999618530273 -0.5399999618530273 -0.5899996757507324 -0.4499998092651367 -0.4699997901916504 -0.5099997520446777 -0.48000001907348633 -0.23999977111816406 -0.23999977111816406 -0.4200000762939453 -0.3899998664855957 -0.46000003814697266 -0.4700002670288086 -0.05000019073486328 -0.5300002098083496 -0.619999885559082 -0.619999885559082 -0.559999942779541 -0.5799999237060547 -0.6500000953674316 -0.5300002098083496 -0.6600003242492676 -0.8100001811981201 -0.8100001811981201 -0.7100000381469727 -0.7900002002716064 -1.380000114440918 -1.8500001430511475 -1.2700002193450928 -0.16000032424926758 -0.26999998092651367 -0.26999998092651367 -0.869999885559082 -0.7799997329711914 -0.7699999809265137 -0.8299999237060547 -0.5999999046325684 -0.7899999618530273 -0.7599997520446777 -0.7599997520446777 -0.7300000190734863 -0.7600002288818359 -0.24000024795532227 -0.7200002670288086 -0.7300000190734863
-0.559999942779541 -0.48000001907348633 -0.5199999809265137 -0.5099997520446777 -0.5099997520446777 -0.28999996185302734 -0.5399999618530273 -0.34999990463256836 -0.5199999809265137 -0.5 -0.2999997138977051 -0.25 -0.46000003814697266 -0.23000001907348633 -0.5299997329711914 -0.5799999237060547 -0.5 -0.6500000953674316 -0.5900001525878906 -0.5900001525878906 -0.630000114440918 -0.5399999618530273 -0.5799999237060547 -0.559999942779541 -0.7800002098083496 -0.7700002193450928 -0.7700002193450928 -0.38000011444091797 -0.9800002574920654 -0.5500001907348633 -1.130000114440918 -0.7600002288818359 -0.48000001907348633 -0.679999828338623 -0.679999828338623 -0.7999997138977051 -0.75 -0.7699999809265137 -0.679999828338623 -0.7799997329711914 -0.6999998092651367 -0.6999998092651367 -0.6999998092651367 -0.6700000762939453 -0.570000171661377 -0.75 -0.6400003433227539 -0.5900001525878906
-0.3299999237060547 -0.03000020980834961 -0.46000003814697266 -0.4500002861022949 -0.4500002861022949 -0.5100002288818359 -0.48000001907348633 -0.039999961853027344 -0.48000001907348633 -0.48000001907348633 -0.42999982833862305 -0.42999982833862305 -0.5099997520446777 -0.08999967575073242 -0.5399999618530273 -0.4200000762939453 -0.559999942779541 -0.570000171661377 -0.05000019073486328 -0.05000019073486328 -0.6100001335144043 -1.1000001430511475 -0.4500002861022949 -0.5300002098083496 -0.18000030517578125 -0.8500001430511475 -0.8500001430511475 -0.9300003051757812 -0.1100001335144043 -1.1100001335144043 -0.3600001335144043 -0.690000057220459 -0.5800004005432129 -0.7799997329711914 -0.7799997329711914 -0.7199997901916504 -0.26999998092651367 -0.7899999618530273 -0.7599997520446777 -0.7100000381469727 -0.6999998092651367 -0.6999998092651367 -0.26999998092651367 -0.6500000953674316 -0.6400003433227539 -0.6800003051757812 -0.7200002670288086 -0.6100001335144043
-0.36999988555908203 -0.4500002861022949 -0.4500002861022949 -0.49000024795532227 -0.49000024795532227 -0.5399999618530273 -0.5 -0.5 -0.37999963760375977 -0.5099997520446777 -0.5099997520446777 -0.5099997520446777 -0.5 -0.4499998092651367 -0.2799997329711914 -0.48000001907348633 -0.18000030517578125 -0.7000000476837158 -0.6500000953674316 -0.6500000953674316 -0.940000057220459 -1.2100000381469727 -1.1100001335144043 -0.49000024795532227 -0.8700001239776611 -1.4300003051757812 -1.4300003051757812 -0.8500001430511475 -0.880000114440918 -0.8600001335144043 -1.1000001430511475 -0.6800003051757812 -0.6100001335144043 -0.6599998474121094 -0.6599998474121094 -0.679999828338623 -0.7300000190734863 -0.7300000190734863 -0.7399997711181641 -0.7100000381469727 -0.6999998092651367 -0.6999998092651367 -0.75 -0.690000057220459 -0.7200002670288086 -0.6000003814697266 -0.7300000190734863 -0.7800002098083496
-0.6599998474121094 -0.5100002288818359 -0.440000057220459 -0.440000057220459 -0.46000003814697266 -0.5 -0.440000057220459 -0.5799999237060547 -0.5299997329711914 -0.4699997901916504 -0.4699997901916504 -0.4699997901916504 -0.25999975204467773 -0.5 -0.4200000762939453 -0.5 -0.49000024795532227 -0.940000057220459 -1.070000171661377 -1.070000171661377 -1.0900001525878906 -0.7599999904632568 -1.2200000286102295 -0.7000000476837158 -0.820000171661377 -0.880000114440918 -0.880000114440918 -0.16000032424926758 -0.6400003433227539 -0.6500000953674316 -0.5800004005432129 -0.7000002861022949 -0.16000032424926758 -0.75 -0.75 -0.7199997901916504 -0.679999828338623 -0.6700000762939453 -0.7100000381469727 -0.75 -0.8599996566772461 -0.8599996566772461 -0.7699999809265137 -0.7000002861022949 -0.6000003814697266 -0.6700000762939453 -0.6800003051757812 -0.7800002098083496
-0.5299997329711914 -0.059999942779541016 -0.48999977111816406 -0.48999977111816406 -0.5299997329711914 -0.5199999809265137 -0.5499997138977051 -0.059999942779541016 -0.5199999809265137 -0.5499997138977051 -0.48999977111816406 -0.48999977111816406 -0.48999977111816406 -0.059999942779541016 -0.5 -0.4499998092651367 -0.5299997329711914 -0.5099997520446777 -0.12999963760375977 -0.12999963760375977 -0.009999752044677734 -0.8299999237060547 -0.8199999332427979 -0.7099997997283936 -0.3899998664855957 -1.059999704360962 -1.059999704360962 -1.0899996757507324 -0.8999996185302734 -0.9199995994567871 -0.8299999237060547 -0.7899999618530273 -0.9999997615814209 -0.6100001335144043 -0.6100001335144043 -0.6100001335144043 -0.15000009536743164 -0.559999942779541 -0.6700000762939453 -0.690000057220459 -0.7000002861022949 -0.7000002861022949 -0.24000024795532227 -0.75 -0.7000002861022949 -0.7100000381469727 -0.7899999618530273 -0.37999963760375977
-0.5199999809265137 -0.5299997329711914 -0.7899999618530273 -0.7899999618530273 -0.3299999237060547 -0.5299997329711914 -0.5299997329711914 -0.3599996566772461 -0.5899996757507324 -0.5099997520446777 -0.2999997138977051 -0.2999997138977051 -0.4499998092651367 -0.7499997615814209 -1.3199999332427979 -0.8299999237060547 -1.2599997520446777 -0.6099996566772461 -0.6099996566772461 -0.6299996376037598 -1.1499998569488525 -1.1299998760223389 -0.7299997806549072 -0.6599998474121094 -0.8299999237060547 -0.8999996185302734 -0.8999996185302734 -0.9999997615814209 -0.9199995994567871 -0.8199996948242188 -0.7599997520446777 -0.8199996948242188 -0.8499999046325684 -0.48999977111816406 -0.48999977111816406 -0.630000114440918 -0.5900001525878906 -0.5799999237060547 -0.7400002479553223 -0.7200002670288086 -0.75 -0.75 -0.7600002288818359 -0.7699999809265137 -0.8400001525878906 -0.820000171661377 -0.7699999809265137 -0.5799999237060547
-0.5099997520446777 -0.5299997329711914 -0.619999885559082 -0.619999885559082 -0.6399998664855957 -0.46000003814697266 -0.28999996185302734 -0.5199999809265137 -0.37999963760375977 -0.6099996566772461 -0.8499999046325684 -0.8499999046325684 -0.8999998569488525 -0.5199999809265137 -0.059999942779541016 -0.559999942779541 -0.5899996757507324 -0.6299996376037598 -0.6299996376037598 -0.6299996376037598 -0.7599997520446777 -0.8399999141693115 -0.6699998378753662 -0.6599998474121094 -1.0299997329711914 -1.0099997520446777 -1.0099997520446777 -0.8899998664855957 -0.9099998474121094 -0.8399996757507324 -0.8299999237060547 -0.8299999237060547 -0.8499999046325684 -0.440000057220459 -0.440000057220459 -0.6700000762939453 -0.619999885559082 -0.6700000762939453 -0.559999942779541 -0.7200002670288086 -0.809999942779541 -0.809999942779541 -0.7899999618530273 -0.869999885559082 -0.7200002670288086 -0.869999885559082 -0.7800002098083496 -0.6599998474121094
-0.25 -0.5199999809265137 -0.5199999809265137 -0.5199999809265137 -0.059999942779541016 -0.5399999618530273 -0.48000001907348633 -0.059999942779541016 -0.809999942779541 -0.5099997520446777 -1.1599998474121094 -1.1599998474121094 -1.0799999237060547 -0.809999942779541 -0.5399999618530273 -0.9799997806549072 -0.5999999046325684 -0.6499996185302734 -0.6499996185302734 -0.809999942779541 -0.7099997997283936 -0.6999998092651367 -0.059999942779541016 -0.6899998188018799 -0.9499998092651367 -1.0299997329711914 -1.0299997329711914 -0.8999996185302734 -0.8399996757507324 -1.0099997520446777 -1.0299997329711914 -0.809999942779541 -0.6399998664855957 -0.6399998664855957 -0.4499998092651367 -0.4699997901916504 -0.5699996948242188 -0.5899996757507324 -0.8499999046325684 -0.7599997520446777 -0.8999996185302734 -0.8999996185302734 -0.8999996185302734 -0.8599998950958252 -0.7199997901916504 -0.5300002098083496 -0.7200000286102295 -0.6899998188018799
-0.4200000762939453 -0.48000001907348633 -0.4499998092651367 -0.4499998092651367 -0.5399999618530273 -0.6099996566772461 -1.239999771118164 -1.2599997520446777 -0.42999982833862305 -0.009999752044677734 -1.4600000381469727 -1.4600000381469727 -0.6399998664855957 -0.4200000762939453 -0.5999999046325684 -0.6299996376037598 -0.5899996757507324 -0.7599997520446777 -0.7599997520446777 -0.7499997615814209 -0.7599997520446777 -0.7099997997283936 -0.679999828338623 -0.6499996185302734 -0.9899997711181641 -0.9199995994567871 -0.9199995994567871 -1.0299997329711914 -1.049999713897705 -1.1599998474121094 -1.0399997234344482 -1.0799996852874756 -0.9599995613098145 -0.9599995613098145 -0.4699997901916504 -0.4499998092651367 -0.309999942779541 -0.619999885559082 -0.8999996185302734 -0.8799996376037598 -0.8499999046325684 -0.8499999046325684 -0.8999996185302734 -0.8900001049041748 -0.9100000858306885 -0.7100000381469727 -0.010000228881835938 -2.0199997425079346
-0.42999982833862305 -0.48999977111816406 -0.5199999809265137 -0.5199999809265137 -0.3599996566772461 -1.2099997997283936 -0.8299999237060547 -1.1499998569488525 -0.5099997520446777 -0.8199999332427979 -0.7499997615814209 -0.7499997615814209 -0.48999977111816406 -0.5499997138977051 -0.5299997329711914 -0.5699996948242188 -0.5999999046325684 -0.7099997997283936 -0.7099997997283936 -0.6699998378753662 -0.679999828338623 -0.6299996376037598 -0.6699998378753662 -0.6999998092651367 -0.9999997615814209 -1.0999996662139893 -1.0999996662139893 -0.8899998664855957 -0.8799996376037598 -1.0399997234344482 -0.3899998664855957 -1.0999996662139893 -0.3899998664855957 -0.3899998664855957 -0.5099997520446777 -0.5399999618530273 -0.619999885559082 -0.679999828338623 -0.7699999809265137 -0.9699997901916504 -0.8999996185302734 -0.8999996185302734 -0.8799996376037598 -0.9900002479553223 -0.9700000286102295 -2.109999895095825 -0.039999961853027344 -0.75
-0.8600001335144043 -0.8900001049041748 -0.7100000381469727 -0.7100000381469727 -0.9200000762939453 -0.49000024795532227 -0.5 -0.03000020980834961 -0.4700002670288086 -0.5199999809265137 -0.5199999809265137 -0.6100001335144043 -0.570000171661377 -0.6599998474121094 -0.6100001335144043 -0.570000171661377 -0.7500002384185791 -0.6700000762939453 -0.6700000762939453 -0.690000057220459 -0.5999999046325684 -0.5999999046325684 -0.010000228881835938 -0.6400001049041748 -0.5999999046325684 -0.6099998950958252 -0.6099998950958252 -0.679999828338623 -0.3899998664855957 -0.6299998760223389 -0.7199997901916504 -0.7799999713897705 -0.809999942779541 -0.809999942779541 -0.820000171661377 -0.8000001907348633 -0.7000000476837158 -0.6200001239776611 -0.679999828338623 -0.7099997997283936 -0.6399998664855957 -0.6399998664855957 -1.8599998950958252 -2.059999942779541 -1.4599997997283936 -0.8299999237060547 -0.7599997520446777 -0.75
-0.8600001335144043 -0.07000017166137695 -0.75 -0.75 -0.8100001811981201 -0.8400001525878906 -0.619999885559082 -0.5799999237060547 -1.1800000667572021 -0.3400001525878906 -0.3400001525878906 -0.5300002098083496 -0.630000114440918 -0.5199999809265137 -0.6800000667572021 -0.4500002861022949 -0.34999990463256836 -0.7600002288818359 -0.7600002288818359 -0.5900001525878906 -0.7400002479553223 -0.6600000858306885 -0.7300000190734863 -0.6500000953674316 -0.6999998092651367 -0.5399999618530273 -0.5399999618530273 -0.5699996948242188 -0.5799999237060547 -0.6299998760223389 -0.4499998092651367 -0.7099997997283936 -0.8599998950958252 -0.8599998950958252 -0.8900001049041748 -0.5900001525878906 -0.6800000667572021 -0.7700002193450928 -0.8499999046325684 -0.7400000095367432 -2 -2 -2 -0.31999969482421875 0 -0.8199999332427979 -0.7799999713897705 -0.75
