SimulationData/Scenarios/Waterwolf/Flooding/Uitdammerdijk/300.asc
ncols        561
nrows        278
xllcorner    4.817258165162
yllcorner    52.370746892638
cellsize     0.000511251697
NODATA_value  -9999
[rows 154 to 175 of 278, columns 192 to 239 of 561]
-1.550000011920929 -1.4900000095367432 -1.1800000667572021 -0.12999999523162842 -0.43999993801116943 -0.43999993801116943 -0.7699999213218689 -0.1099998950958252 -0.08999991416931152 -0.309999942779541 -0.15999996662139893 -0.2399998903274536 -0.48000001907348633 -0.48000001907348633 -0.49000000953674316 -0.1499999761581421 -0.21000003814697266 -0.0700000524520874 -0.0700000524520874 -0.0700000524520874 -0.0700000524520874 -0.0700000524520874 -0.03000009059906006 -0.03000009059906006 -0.03000009059906006 -0.25999999046325684 -0.25 -0.26999998092651367 -0.26999998092651367 -0.03000009059906006 -0.03000009059906006 -0.040000081062316895 -0.1700000762939453 -0.12000000476837158 -0.21000003814697266 -0.19000005722045898 -0.19000005722045898 -0.2200000286102295 -0.18000006675720215 -0.040000081062316895 -0.4100000858306885 -0.5800000429153442 -0.5900000333786011 -0.5900000333786011 -0.5099999904632568 -0.2700001001358032 -0.2700001001358032 -0.5400000810623169
-1.5699999928474426 -1.5199999809265137 -1.600000023841858 -0.9199999570846558 -0.7899999618530273 -0.7899999618530273 -0.7899999618530273 -0.7999999523162842 -0.85999995470047 -0.8999999165534973 -1.0399999618530273 -0.7999999523162842 -0.8799999952316284 -0.8799999952316284 -0.8500000238418579 -0.9699999690055847 -0.9699999690055847 -0.9699999690055847 -1.179999977350235 -1.1100000143051147 -1.1100000143051147 -0.38999998569488525 -0.31000006198883057 -0.23000001907348633 -0.03000009059906006 -0.2900000810623169 -0.23000001907348633 -0.0700000524520874 -0.0700000524520874 -0.03000009059906006 -0.03000009059906006 -0.040000081062316895 -0.040000081062316895 -0.1499999761581421 -0.13999998569488525 -0.19000005722045898 -0.19000005722045898 -0.23000001907348633 -0.20000004768371582 -0.18000006675720215 -0.38999998569488525 -0.4200000762939453 -0.690000057220459 -0.690000057220459 -0.3400000333786011 -0.3799999952316284 -0.2700001001358032 -0.46000003814697266
-1.5600000023841858 -1.1699999570846558 -1.7500000298023224 -1.059999942779541 -1.1999999582767487 -1.1999999582767487 -1.0299999713897705 -1 -0.9799998998641968 -1.0199999809265137 -0.9299999475479126 -0.8899999260902405 -1.0699999928474426 -1.0699999928474426 -1.1599999964237213 -0.9300000071525574 -1 -0.7599999904632568 -0.7300000190734863 -1.2999999821186066 -1.2999999821186066 -0.25999999046325684 -0.26999998092651367 -0.20000004768371582 -0.03000009059906006 -0.26999998092651367 -0.28000009059906006 -0.03000009059906006 -0.03000009059906006 -0.03000009059906006 -0.03000009059906006 -0.040000081062316895 -0.2900000810623169 -0.25999999046325684 -0.3400000333786011 -0.040000081062316895 -0.040000081062316895 -0.25 -0.25 -0.25 -0.2700001001358032 -0.38999998569488525 -0.5600000619888306 -0.5600000619888306 -0.43000006675720215 -0.4700000286102295 -0.2700001001358032 -0.2700001001358032
-1.1399999856948853 -1.1299999952316284 -1.1100000143051147 -0.34999990463256836 -1.4999999552965164 -1.4999999552965164 -1.2699999511241913 -0.6599999666213989 -0.5999999642372131 -0.5699999332427979 -0.9699999094009399 -0.7699999213218689 -0.9800000190734863 -0.9800000190734863 -0.949999988079071 -0.9399999976158142 -0.9200000166893005 -0.9699999690055847 -0.7599999904632568 -0.8899999856948853 -0.8899999856948853 -0.0700000524520874 -0.03000009059906006 -0.23000001907348633 -0.26999998092651367 -0.09000003337860107 -0.25 -0.2200000286102295 -0.2200000286102295 -0.03000009059906006 -0.03000009059906006 -0.15999996662139893 -0.20000004768371582 -0.18000006675720215 -0.26999998092651367 -0.24000000953674316 -0.24000000953674316 -0.2799999713897705 -0.23000001907348633 -0.23000001907348633 -0.2700001001358032 -0.3799999952316284 -0.4100000858306885 -0.4100000858306885 -0.36000001430511475 -0.2700001001358032 -0.2700001001358032 -0.2700001001358032
-1.3100000023841858 -1.2900000214576721 -1.3100000023841858 -0.60999995470047 -0.5799999237060547 -0.5799999237060547 -0.7299999594688416 -0.7399999499320984 -0.6699999570846558 -0.7299999594688416 -0.5799999237060547 -0.6599999666213989 -1.1200000047683716 -1.1200000047683716 -0.75 -0.9299999475479126 -0.75 -0.6599999666213989 -0.8500000238418579 -0.6899999976158142 -0.6899999976158142 -0.3500000238418579 -0.03000009059906006 -0.16000008583068848 -0.1700000762939453 -0.19000005722045898 -0.12000000476837158 -0.21000003814697266 -0.21000003814697266 -0.03000009059906006 -0.03000009059906006 -0.040000081062316895 -0.040000081062316895 -0.19000005722045898 -0.15999996662139893 -0.15999996662139893 -0.040000081062316895 -0.040000081062316895 -0.2200000286102295 -0.25999999046325684 -0.2700001001358032 -0.49000000953674316 -0.36000001430511475 -0.36000001430511475 -0.2700001001358032 -0.3799999952316284 -0.40000009536743164 -0.2700001001358032
-1.1899999380111694 -0.9299999475479126 -0.8500000238418579 -0.48000001907348633 -0.4700000286102295 -0.4700000286102295 -0.010000109672546387 -0.7300000786781311 -0.7600000500679016 -0.7700000405311584 -0.7100000381469727 -0.4500000476837158 -0.4500000476837158 -0.5600000619888306 -0.6299999952316284 -0.6100000143051147 -0.7400000095367432 -0.6500000357627869 -0.2900000810623169 -0.13999998569488525 -0.13999998569488525 -0.040000081062316895 -0.19000005722045898 -0.16999995708465576 -0.12999999523162842 -0.16999995708465576 -0.12000000476837158 -0.1499999761581421 -0.1499999761581421 -0.12999999523162842 -0.19000005722045898 -0.040000081062316895 -0.11000001430511475 -0.12999999523162842 -0.19000005722045898 -0.19000005722045898 -0.15999996662139893 -0.19000005722045898 -0.08000004291534424 -0.26999998092651367 -0.40000009536743164 -0.6100000143051147 -0.4500000476837158 -0.4500000476837158 -0.43000006675720215 -0.5 -0.5099999904632568 -0.5099999904632568
-0.9699999690055847 -1.0799999237060547 -1.2799999713897705 -1 -0.6200000643730164 -0.6200000643730164 -0.940000057220459 -0.9500000476837158 -1.0100001096725464 -0.7500000596046448 -0.6500000357627869 -0.9700000286102295 -0.9700000286102295 -1.0299999713897705 -1.0299999713897705 -0.9300000071525574 -0.7900000214576721 -1.3900000303983688 -0.040000081062316895 -0.040000081062316895 -0.040000081062316895 -0.440000057220459 -0.060000061988830566 -0.060000061988830566 -0.060000061988830566 -0.11000001430511475 -0.1499999761581421 -0.24000000953674316 -0.24000000953674316 -0.1499999761581421 -0.21000003814697266 -0.1700000762939453 -0.21000003814697266 -0.18000006675720215 -0.23000001907348633 -0.23000001907348633 -0.31000006198883057 -0.040000081062316895 -0.09000003337860107 -0.23000001907348633 -0.40000009536743164 -0.6399999856948853 -0.440000057220459 -0.440000057220459 -0.4700000286102295 -0.4700000286102295 -0.40000009536743164 -0.48000001907348633
-1.0699999928474426 -0.9599999785423279 -1.350000023841858 -1 -0.9700000286102295 -0.9700000286102295 -0.9000000357627869 -1.040000081062317 -0.8700000643730164 -0.8500000238418579 -0.6700000762939453 -0.7200000286102295 -0.7200000286102295 -0.9300000667572021 -0.7600000500679016 -0.9600000381469727 -0.7300000190734863 -0.4200000762939453 -0.38999998569488525 -0.040000081062316895 -0.040000081062316895 -0.1499999761581421 -0.24000000953674316 -0.28999996185302734 -0.2999999523162842 -0.2799999713897705 -0.2200000286102295 -0.25 -0.25 -0.25999999046325684 -0.25999999046325684 -0.2900000810623169 -0.23000001907348633 -0.1499999761581421 -0.23000001907348633 -0.23000001907348633 -0.13999998569488525 -0.1499999761581421 -0.19000005722045898 -0.19000005722045898 -0.40000009536743164 -0.6600000858306885 -0.43000006675720215 -0.43000006675720215 -0.5099999904632568 -0.4500000476837158 -0.5099999904632568 -0.440000057220459
-1.4000000059604645 -0.9399999976158142 -0.8499999046325684 -0.3500000238418579 -0.4500000476837158 -0.4500000476837158 -0.7900000810623169 -0.5900000333786011 -0.6200000047683716 -0.3400000333786011 -0.5400000810623169 -1.0100001096725464 -1.0100001096725464 -0.7700000405311584 -0.7599999904632568 -0.5800000429153442 -0.6899999976158142 -0.040000081062316895 -0.33000004291534424 -0.3500000238418579 -0.3500000238418579 -0.31000006198883057 -0.3200000524520874 -0.440000057220459 -0.25999999046325684 -1.1699999868869781 -0.060000061988830566 -0.28999996185302734 -0.28999996185302734 -0.12999999523162842 -0.2999999523162842 -0.2900000810623169 -0.36000001430511475 -0.3200000524520874 -0.12999999523162842 -0.12999999523162842 -0.25999999046325684 -0.25 -0.24000000953674316 -0.12000000476837158 -0.40000009536743164 -0.40000009536743164 -0.40000009536743164 -0.40000009536743164 -0.5099999904632568 -0.5600000619888306 -0.5199999809265137 -0.5099999904632568
-1.5699999928474426 -0.9399999976158142 -0.949999988079071 -0.48000001907348633 -0.3400000333786011 -0.3400000333786011 -0.5 -0.4200000762939453 -0.5200001001358032 -0.6500000357627869 -0.6600000262260437 -0.5100001096725464 -0.5100001096725464 -0.7300000190734863 -0.6200000047683716 -0.9100000858306885 -0.040000081062316895 -0.6299999952316284 -0.48000001907348633 -0.36000001430511475 -0.36000001430511475 -0.3799999952316284 -0.440000057220459 -0.3500000238418579 -0.2799999713897705 -0.9800000190734863 -0.060000061988830566 -0.28999996185302734 -0.28999996185302734 -0.2799999713897705 -0.060000061988830566 -0.040000081062316895 -0.12999999523162842 -0.25999999046325684 -0.30000007152557373 -0.30000007152557373 -0.26999998092651367 -0.440000057220459 -0.6699999570846558 -0.31000006198883057 -0.40000009536743164 -0.8600000143051147 -0.40000009536743164 -0.40000009536743164 -0.5600000619888306 -0.5600000619888306 -0.6100000143051147 -0.6200000047683716
-1.5999999940395355 -1.4199999868869781 -1.4699999690055847 -1.0800000429153442 -1.0800000429153442 -1.1000000536441803 -0.9100000262260437 -0.9000000357627869 -0.9100000262260437 -0.7900000810623169 -0.8300000429153442 -0.7800000309944153 -0.7800000309944153 -0.64000004529953 -0.040000081062316895 -0.15999996662139893 -0.24000000953674316 -0.6800000071525574 -0.040000081062316895 -0.040000081062316895 -0.040000081062316895 -0.040000081062316895 -0.2999999523162842 -0.3400000333786011 -0.559999942779541 -0.6799999475479126 -0.9800000190734863 -0.9800000190734863 -0.6700000166893005 -0.23000001907348633 -0.4099999666213989 -0.46000003814697266 -0.31000006198883057 -0.040000081062316895 -0.23000001907348633 -0.23000001907348633 -0.31000006198883057 -0.940000057220459 -0.8000000715255737 -0.7599999904632568 -0.40000009536743164 -0.6700000762939453 -0.6200000047683716 -0.6200000047683716 -0.6200000047683716 -0.6500000953674316 -0.6600000858306885 -0.6299999952316284
-1.10999995470047 -0.8999999165534973 -0.8399999141693115 -1.8799998760223389 -1.8799998760223389 -1.8299999237060547 -1.9299998879432678 -2.009999930858612 -2.0599998831748962 -1.9899998903274536 -2.3099999129772186 -2.1499999165534973 -2.1499999165534973 -1.070000171661377 -1.2300001382827759 -1.220000147819519 -1.070000171661377 -1.8600001335144043 -1.9900001287460327 -2.0400001406669617 -2.0400001406669617 -1.540000081062317 -1.059999942779541 -1.1599998474121094 -1.1699998378753662 -1.059999942779541 -1.059999942779541 -1.059999942779541 -1.059999942779541 -1.059999942779541 -1.059999942779541 -1.0399999618530273 -1.0399999618530273 -1.4399999380111694 -1.5999999046325684 -1.5999999046325684 -1.5699999332427979 -1.6499999165534973 -0.9799998998641968 -1.7399998903274536 -0.9600000381469727 -0.9600000381469727 -1.1399999856948853 -1.1399999856948853 -1.149999976158142 -1.1999999284744263 -1.2400000095367432 -0.9600000381469727
-1.059999942779541 -1.079999953508377 -1.1999999582767487 -2.0499998927116394 -2.0499998927116394 -2.0899999141693115 -1.9999998807907104 -2.3399999141693115 -2.2899999022483826 -1.959999918937683 -1.0399999618530273 -1.1299998760223389 -1.1299998760223389 -1.0900001525878906 -0.9800001382827759 -1.0000001192092896 -0.03000020980834961 -0.03000020980834961 -0.03000020980834961 -0.9000000953674316 -0.9000000953674316 -0.7800000905990601 -0.869999885559082 -0.869999885559082 -0.8799998760223389 -0.8299999237060547 -0.8499999046325684 -0.8499999046325684 -0.8899998664855957 -1.619999885559082 -1.6999998688697815 -1.7699998617172241 -1.5399999618530273 -0.8899998664855957 -1.0399999618530273 -1.0399999618530273 -1.0699999332427979 -1.059999942779541 -1.0799999237060547 -1.059999942779541 -1.0299999713897705 -1.149999976158142 -0.9600000381469727 -0.9600000381469727 -1.1299999952316284 -0.9800000190734863 -1.2200000286102295 -1.1999999284744263
-1.1999999284744263 -0.9699999690055847 -1.079999953508377 -1.9799998998641968 -1.9799998998641968 -2.139999896287918 -1.9799998998641968 -2.1299999058246613 -2.1499999165534973 -1.6299998760223389 -1.0399999618530273 -1.209999918937683 -1.209999918937683 -1.1100001335144043 -1.1400001049041748 -1.0100001096725464 -0.8700001239776611 -0.8400001525878906 -0.970000147819519 -0.9600001573562622 -0.9600001573562622 -1.03000009059906 -0.8899998664855957 -0.8599998950958252 -0.7399998903274536 -0.9199998378753662 -0.869999885559082 -0.869999885559082 -0.869999885559082 -1.1699998378753662 -0.9199998378753662 0 -0.7899999618530273 -0.7499998807907104 -0.8799998760223389 -0.8799998760223389 -0.8599998950958252 -0.809999942779541 -0.8399999141693115 -0.9799998998641968 -0.9600000381469727 -1.1699999570846558 -0.8799999952316284 -0.8799999952316284 -0.7300000190734863 -0.9299999475479126 -1.5799999833106995 -0.9600000381469727
-1.1999999582767487 -0.9899999499320984 -1.1899999380111694 -2.0499998927116394 -2.0499998927116394 -1.869999885559082 -2.209999918937683 -1.96999990940094 -2.269999921321869 -1.0399999618530273 -1.1399998664855957 -0.9999998807907104 -0.9999998807907104 -0.03000020980834961 -0.970000147819519 -1.0100001096725464 -0.7700001001358032 -0.9300000667572021 -0.970000147819519 -0.8500001430511475 -0.8500001430511475 -0.9500001668930054 -0.7499998807907104 -0.8499999046325684 -0.679999828338623 -0.8799998760223389 -0.869999885559082 -0.869999885559082 -0.8899998664855957 -0.8599998950958252 -0.8799998760223389 -0.8899998664855957 -0.48000001907348633 -0.7999999523162842 -0.8499999046325684 -0.8499999046325684 -0.7899999618530273 -0.8399999141693115 -0.9199999570846558 -1.1299998760223389 -0.9600000381469727 0 0 -0.8199999332427979 -0.7899999618530273 -0.7699999809265137 -0.7699999809265137 -0.6899999380111694
-1.1399999558925629 -1.0499999523162842 -1.1299999356269836 -2.0999999046325684 -2.0999999046325684 -2.0599998831748962 -2.1299999058246613 -1.0399999618530273 -1.0399999618530273 0 -1.0699999332427979 -1.0499999523162842 -1.0499999523162842 -1.0100001096725464 -1.03000009059906 -0.9800001382827759 -0.8100000619888306 -0.9800001382827759 -0.8500001430511475 -0.8500001430511475 -0.9600001573562622 -0.5900001525878906 -0.9399999380111694 -0.7899998426437378 -0.7399998903274536 -0.7499998807907104 -0.7599998712539673 -0.7599998712539673 -0.6899999380111694 -0.7299998998641968 -0.8299999237060547 -0.8499999046325684 -0.7599998712539673 -0.8599998950958252 -0.5799999237060547 -0.5799999237060547 -0.779999852180481 -0.8599998950958252 -0.9299999475479126 -1.1099998950958252 -0.9600000381469727 -0.7799999713897705 -0.7799999713897705 -0.7699999809265137 0 -0.75 -0.7899999618530273 0
-0.9999999403953552 -1.1799999475479126 -0.9699999690055847 -2.3499999046325684 -2.3499999046325684 -2.069999933242798 -1.0399999618530273 -1.1899999380111694 -1.209999918937683 -1.1799999475479126 -1.1099998950958252 -1.0899999141693115 -1.0899999141693115 -0.03000020980834961 -1.0200001001358032 -0.970000147819519 -0.9600001573562622 -0.8400001525878906 -0.9500001668930054 -0.9500001668930054 -0.9100000858306885 -0.9300000667572021 -0.7899998426437378 -0.7899998426437378 -0.6999999284744263 -0.6499998569488525 -0.7599998712539673 -0.7599998712539673 -0.7999998331069946 -0.809999942779541 -0.14999985694885254 -0.5899999141693115 -0.7099999189376831 0 -0.779999852180481 -0.779999852180481 -0.7999999523162842 -0.809999942779541 -0.8199999332427979 0 -0.9600000381469727 -0.8599998950958252 -0.8599998950958252 -0.04999995231628418 -0.7499998807907104 -0.7499998807907104 -0.5999999046325684 -0.7099999189376831
-1.64000004529953 -1.3100000619888306 -1.5600000321865082 -2.3199999034404755 -2.3199999034404755 -1.0399999618530273 -1.0399999618530273 -1.1499998569488525 -1.1799999475479126 -1.1699999570846558 -1.0399999618530273 -1.1999999284744263 -1.1999999284744263 -1.0799999237060547 -0.8499999046325684 -1.2399998903274536 -1.0099998712539673 -0.9699999094009399 -0.779999852180481 -0.779999852180481 -0.8799998760223389 -0.8299999237060547 -0.7199999094009399 -0.6299998760223389 -0.5699999332427979 -0.7199999094009399 -0.7199999094009399 -0.7199999094009399 -0.7499998807907104 -0.6999999284744263 -0.8199999332427979 -0.809999942779541 -0.8499999046325684 -0.7899999618530273 -0.5699999332427979 -0.5699999332427979 -0.7899999618530273 -0.8499999046325684 -0.8899998664855957 -0.9599999189376831 -1.149999976158142 -0.7799999713897705 -0.7799999713897705 -0.7699999809265137 -0.7399998903274536 -0.6399999856948853 -0.7299998998641968 -0.7099999189376831
-0.5300000905990601 -0.40000009536743164 -1.3700000643730164 -2.069999933242798 -2.069999933242798 -1.0499999523162842 -1.119999885559082 -0.9699999094009399 -0.7699998617172241 -1.029999852180481 -1.0499999523162842 -1.0899999141693115 -1.0899999141693115 -1.1999999284744263 -1.0399999618530273 -1.0399999618530273 -1.0399999618530273 -1.0399999618530273 -1.1399998664855957 -1.1399998664855957 -0.8299999237060547 -0.809999942779541 -0.7099999189376831 -0.779999852180481 -0.7999999523162842 -0.7699998617172241 -0.7199999094009399 -0.7199999094009399 -0.6799999475479126 -0.4799997806549072 -0.8199999332427979 -0.5799999237060547 -0.8199999332427979 -0.8199999332427979 -0.6299998760223389 -0.6299998760223389 -0.869999885559082 -0.6999999284744263 -0.9099998474121094 -0.9899998903274536 -0.9999998807907104 -0.7699999809265137 -0.7699999809265137 -0.7599999904632568 -0.6899999380111694 -0.6299998760223389 -0.6799999475479126 -0.8399999141693115
-0.33000004291534424 -0.5 -0.38999998569488525 -1.0399999618530273 -1.0399999618530273 -1.1099998950958252 -1.029999852180481 -0.9699999094009399 -0.19999980926513672 -0.8499999046325684 -0.8799998760223389 -0.8799998760223389 -0.8799998760223389 -0.779999852180481 -0.7199999094009399 -0.779999852180481 -0.869999885559082 -0.4499998092651367 -0.5099999904632568 -0.5099999904632568 -0.9199999570846558 -1.0699999332427979 -1.0499999523162842 -1.0499999523162842 -1.2299998998641968 -1.2599998712539673 -1.0499999523162842 -1.0499999523162842 -1.2299998998641968 -0.5199999809265137 -0.8899998664855957 -0.8899998664855957 -0.7499998807907104 -0.7999999523162842 -0.7999999523162842 -0.7399998903274536 -0.8799998760223389 -0.9299999475479126 -0.809999942779541 -1.0999999046325684 -1.209999918937683 -0.7299998998641968 -0.7299998998641968 -0.6699999570846558 -0.6399999856948853 -0.6899999380111694 -0.7599999904632568 -0.809999942779541
-0.40000009536743164 -0.5400000810623169 -0.5 -1.1299998760223389 -1.1299998760223389 -1.0099998712539673 -0.8499999046325684 -0.9599999189376831 -0.9699999094009399 -0.8799998760223389 -0.8899998664855957 -0.8899998664855957 -0.19999980926513672 -0.7999999523162842 -0.8799998760223389 -0.8999998569488525 -0.8199999332427979 -0.6899999380111694 -0.869999885559082 -0.869999885559082 -0.9999998807907104 -0.8999998569488525 -0.6999999284744263 -1.0499999523162842 -1.0999999046325684 -1.1599998474121094 -1.0499999523162842 -1.0499999523162842 -1.2499998807907104 -1.0499999523162842 -1.119999885559082 -1.0099998712539673 -0.8799998760223389 -0.6699999570846558 -0.6699999570846558 -0.8499999046325684 -0.869999885559082 -0.9299999475479126 -0.8299999237060547 -1.0399999618530273 -1.0699999332427979 -0.04999995231628418 -0.04999995231628418 -0.8899999856948853 -0.5499999523162842 -0.7099999189376831 -0.7099999189376831 -0.04999995231628418
-0.5199999809265137 -0.5300000905990601 -0.40000009536743164 -0.8799998760223389 -0.8799998760223389 -0.9599999189376831 -0.9199999570846558 -0.9199999570846558 -0.8599998950958252 -0.19999980926513672 -0.8399999141693115 -0.8399999141693115 -0.8499999046325684 -0.8399999141693115 -0.7899999618530273 -0.19999980926513672 -0.7899999618530273 -0.9199999570846558 -0.8999998569488525 -0.8999998569488525 -0.809999942779541 -1.0199998617172241 -1.0499999523162842 -1.0499999523162842 -0.9099998474121094 -0.9199998378753662 -0.8999998569488525 -0.8999998569488525 -0.9099998474121094 -0.8299999237060547 -0.309999942779541 -1.0999999046325684 -1.0399999618530273 -1.0799999237060547 -1.0799999237060547 -1.0399999618530273 -1.119999885559082 -1.2499998807907104 -1.2699998617172241 -0.9399999380111694 -0.9999998807907104 -0.5699999332427979 -0.5699999332427979 -0.5999999046325684 -0.5899999141693115 -0.6399999856948853 -0.04999995231628418 -0.7599999904632568
