SimulationData/Scenarios/Waterwolf/Flooding/Uitdammerdijk/360.asc
ncols        561
nrows        278
xllcorner    4.817258165162
yllcorner    52.370746892638
cellsize     0.000511251697
NODATA_value  -9999
[rows 168 to 188 of 278, columns 96 to 143 of 561]
-9999 -9999 -9999 -9999 -9999 -9999 -9999 -9999 -9999 -9999 -9999 -9999 -9999 -0.23000001907348633 -6.179999772459269 -3.1400000490248203 -3.1400000490248203 -1.3800000473856926 -3.430000066757202 -1.2000000476837158 -2.7300000190734863 -3.0500000715255737 -2.990000009536743 0 0 0 -3.090000033378601 -3.0799999237060547 -1.7299999743700027 -0.039999961853027344 -0.019999980926513672 -0.019999980926513672 -0.15999996662139893 -0.5699999928474426 -0.059999942779541016 -0.23000001907348633 -0.25 -0.8200000524520874 -0.8600000739097595 -0.8600000739097595 -0.5 -0.04999995231628418 -0.13999998569488525 -0.11000001430511475 -0.059999942779541016 -0.11000001430511475 -0.12999999523162842 -0.12999999523162842
-9999 -9999 -9999 -9999 -9999 -9999 -9999 -9999 -9999 -9999 -9999 -9999 -9999 -9999 -6.709999982267618 -5.800000134855509 -5.800000134855509 -3.620000123977661 -1.2500000447034836 -3.290000081062317 0 0 -1.4800000470131636 -1.4100000485777855 -1.4100000485777855 0 -0.06999993324279785 -1.4499999806284904 -1.7099999785423279 -1.689999982714653 -1.5199999902397394 -1.5199999902397394 -0.43999993801116943 -0.309999942779541 -0.25999999046325684 -0.3200000524520874 -0.21000003814697266 -0.12000000476837158 -0.46000003814697266 -0.46000003814697266 -0.04999995231628418 -0.7000000476837158 -0.04999995231628418 -0.15999996662139893 -0.059999942779541016 -0.24000000953674316 -0.25 -0.25
-9999 -9999 -9999 -9999 -9999 -9999 -9999 -9999 -9999 -9999 -9999 -9999 -9999 -9999 -4.080000042915344 -5.96999990940094 -5.96999990940094 -2.1400000005960464 -4.549999848008156 -6.3399999141693115 -1.4900000467896461 -1.2800000458955765 -1.5400000512599945 -1.120000034570694 -1.120000034570694 -0.6200000643730164 -0.9399999976158142 -0.949999988079071 -1.689999982714653 -1.1199999749660492 -1.609999991953373 -1.609999991953373 -0.5 -0.5699999928474426 -0.3799999952316284 -0.5 -0.48000001907348633 -0.12000000476837158 -0.5300000905990601 -0.5300000905990601 -0.04999995231628418 -0.5400000214576721 -0.5799999833106995 -0.3999999761581421 -0.4700000286102295 -0.3799999952316284 -0.3799999952316284 -0.48000001907348633
-9999 -9999 -9999 -9999 -9999 -9999 -9999 -9999 -9999 -9999 -9999 -9999 -9999 -3.7799999713897705 -3.540000081062317 -9.459999799728394 -9.459999799728394 -8.069999933242798 -6.509999990463257 -0.8699999954551458 -5.20000003837049 -8.68999981880188 -1.9000000357627869 -1.9000000357627869 -1.2900000512599945 -1.2800000458955765 -1.0200000405311584 -0.9200000762939453 0 -0.6700000762939453 -1.2700000405311584 -1.2700000405311584 -1.2000000476837158 -1.840000033378601 -2.4100000262260437 -1.9500000476837158 -2.5700000524520874 -4.03999999165535 -4.639999896287918 -4.639999896287918 -6.159999847412109 -0.25 -0.16999995708465576 -6.039999842643738 -4.589999973773956 -4.450000107288361 -4.450000107288361 -6.289999961853027
-9999 -9999 -9999 -9999 -9999 -9999 -9999 -9999 -9999 -9999 -9999 -2.2500000596046448 -4.1600000858306885 -3.75 -3.3300000429153442 -9.629999876022339 -9.629999876022339 -8.77999997138977 -8.120000123977661 -2.2100000381469727 -3.290000081062317 -1.8300000429153442 -1.8000000417232513 -1.8000000417232513 -2.380000054836273 -4.460000038146973 -4.190000057220459 -6.0400002002716064 -3.629999876022339 -2.8500001430511475 0 0 0 -7.109999895095825 -6.680000066757202 -6.6499998569488525 -3.1600000858306885 -4.330000162124634 -5.240000009536743 -5.240000009536743 -3.930000066757202 -1.5900000482797623 -0.8100000619888306 -0.7300000190734863 0 0 0 0
-9999 -9999 -9999 -9999 -9999 -9999 -9999 -9999 -9999 -9999 -9999 -0.39000004529953003 -3.9200000762939453 -3.540000081062317 -1.1500000357627869 -10.100000143051147 -10.100000143051147 -8.480000257492065 -2.4000000953674316 -0.9200000166893005 -0.7400000095367432 -2.0100000500679016 -1.940000057220459 -1.940000057220459 -1.0300000607967377 -3.7799999713897705 -2.9000000953674316 -6.549999952316284 -4.0299999713897705 -4.000000238418579 0 0 0 -1.2500000447034836 0 -0.6300000548362732 -3.259999990463257 0 -1.1100000441074371 -1.1100000441074371 -1.5400000512599945 -1.2800000458955765 -0.7800000309944153 -0.9800000488758087 -0.7600000500679016 0 0 0
-9999 -9999 -9999 -9999 -9999 -9999 -9999 -9999 -9999 -9999 -1.6500000059604645 -1.620000034570694 -2.75 -3.740000009536743 -2.600000023841858 -10.31000018119812 -10.31000018119812 -7.420000076293945 0 -1.8900001049041748 -4.53000009059906 -3.8000001907348633 -3.880000114440918 -3.880000114440918 -1.5700000524520874 -1.5700000524520874 -10.320000261068344 -5.440000146627426 -0.6099999845027924 -0.5999999940395355 -1.2700000405311584 -1.2700000405311584 -1.830000028014183 -1.1600000262260437 -1.6900000292807817 -1.4500000476837158 -1.5900000482797623 0 -1.3700000494718552 -1.3700000494718552 -1.4900000467896461 -1.5000000484287739 -1.4500000476837158 0 -0.5099999904632568 -0.7900000810623169 -0.7900000810623169 0
-9999 -9999 -9999 -9999 -9999 -9999 -9999 -2.4000000059604645 -2.4000000059604645 -2.560000091791153 -3.0400001108646393 -1.1899999678134918 -1.7200000286102295 -2.2600000500679016 -9.379999876022339 -9.379999876022339 -14.449999570846558 -5.549999952316284 -1.3900001049041748 -1.5899999141693115 -3.0199999138712883 -4.960000038146973 -4.440000057220459 -4.440000057220459 -4.019999980926514 -2.4700000286102295 -1.380000039935112 -0.009999990463256836 -0.7300000190734863 -0.19000005722045898 -0.3799999952316284 -0.3799999952316284 -1.5500000268220901 -1.7000000290572643 -1.9200000315904617 -1.090000033378601 -1.7100000381469727 -1.5100000463426113 -1.5100000463426113 -1.690000057220459 -0.4100000858306885 -1.3800000473856926 -1.7300000488758087 -1.420000048354268 -0.8200000524520874 -0.36000001430511475 -0.36000001430511475 -0.5800000429153442
-9999 -9999 -9999 -9999 -9999 -9999 -0.31999993324279785 -2.370000034570694 -2.370000034570694 -2.6400000154972076 -2.7599999010562897 -1.4399999678134918 -1.660000029951334 -6.3399999141693115 -5.890000104904175 -5.890000104904175 -6.200000047683716 -2.1100000143051147 -2.290000081062317 -3.7899999022483826 -6.349999904632568 -0.7400000691413879 -0.6300000548362732 -0.6300000548362732 -0.7500000596046448 -0.7100000381469727 -0.5800000429153442 -0.5400000214576721 -0.6700000166893005 -0.6500000357627869 -0.8200000524520874 -0.8200000524520874 -1.4500000178813934 -1.4900000244379044 -1.8526590317487717 -1.5000000484287739 -1.3200000524520874 0 0 -1.7300000488758087 -1.5000000484287739 -1.5400000512599945 -1.2800000458955765 0 0 -0.6800000667572021 -0.6800000667572021 -0.5800000429153442
-9999 -9999 -9999 -9999 -4.759999990463257 -5.5 -5.320000052452087 -5.700000047683716 -5.700000047683716 -2.89000004529953 -2.540000021457672 -7.799999952316284 -6.18999981880188 -2.0799999237060547 -4.4999998807907104 -4.4999998807907104 -4.209999918937683 -3.659999966621399 -4.020000100135803 -3.8000000417232513 -3.7900000512599945 -5.150000095367432 -2.5200000405311584 -2.5200000405311584 -0.4100000858306885 -0.5400000214576721 -0.23000001907348633 -0.3600000739097595 -0.3400000333786011 -0.21000003814697266 -0.6399999856948853 -0.6399999856948853 -0.4700000286102295 -3.8700000047683716 -1.6699999757111073 -1.679999977350235 -1.5599999707192183 -1.5499999709427357 -1.5499999709427357 -2.439999997615814 -2.5199999809265137 -2.6899999380111694 -2.299999952316284 -2.4299999475479126 -2.400000035762787 0 0 -0.48000001907348633
-9999 -9999 -9999 -4.879999995231628 -6.319999933242798 -5.009999990463257 -5.419999957084656 -5.210000038146973 -5.210000038146973 -2.7500000596046448 -6.930000066757202 -5.620000123977661 -7.269999980926514 -3.6699999570846558 -0.7199999094009399 -0.7199999094009399 -5.6499998569488525 -3.8500000536441803 -2.4000000953674316 -2.1100000143051147 -3.1800000369548798 -3.200000047683716 -4.920000076293945 -4.920000076293945 -0.7100000381469727 -0.5800000429153442 -0.39000004529953003 -0.2500000596046448 -0.1700000762939453 -0.08000004291534424 -0.699999988079071 -0.699999988079071 -0.2799999713897705 -4.570000052452087 -0.19999992847442627 -1.5499999709427357 -1.7299999743700027 -2.4899999499320984 -2.4899999499320984 -2.459999978542328 -0.07999992370605469 -3.0399999618530273 -4.690000057220459 -3.7699999809265137 -1.7400000393390656 -0.3200000524520874 -0.3200000524520874 0
-9999 -9999 -5.509999990463257 -5.299999952316284 -6.0299999713897705 -2 -0.8900001049041748 -6.309999942779541 -6.309999942779541 -6.5899999141693115 -7.289999961853027 -6.609999895095825 -1.7100000381469727 -0.009999990463256836 -0.9700000286102295 -0.9700000286102295 -4.130000114440918 -3.920000046491623 -2.590000033378601 -1.130000114440918 -3.2700000405311584 -2.4799999445676804 -2.2599999606609344 -2.2599999606609344 -3.1600000858306885 0 -0.550000011920929 -0.5400000214576721 -0.7200000286102295 -0.49000000953674316 -0.49000000953674316 -1.0200000405311584 -4.120000123977661 -4.830000162124634 -4.6600000858306885 -2.549999952316284 -1.3099999725818634 -1.2299999594688416 -1.2299999594688416 -1.1099999845027924 -1.0399999618530273 -1.2599999606609344 -1.4399999678134918 -2.8899999856948853 -1.4400000479072332 -1.4600000474601984 -1.4600000474601984 -1.5900000482797623
-5.120000004768372 -5.579999923706055 -4.810000061988831 -6.130000114440918 -2.5300000309944153 -0.6200001239776611 -5.890000104904175 -5.890000104904175 -6.710000038146973 -5.179999947547913 -2.100000023841858 -0.690000057220459 -0.6700000762939453 -0.6700000762939453 -0.820000171661377 -0.820000171661377 -1.0199999809265137 -1.6600000858306885 -4.990000009536743 -6.049999952316284 -1.2699999809265137 -2.1999999582767487 -1.8899999260902405 -1.8899999260902405 -0.8799999952316284 -2.240000069141388 -0.26999998092651367 -0.019999980926513672 -1.3900000154972076 -3.9700000286102295 -3.9700000286102295 -4.549999952316284 -4.370000123977661 -3.799999952316284 -3.430000066757202 -0.2999999523162842 -0.07999992370605469 -1.129999965429306 -1.129999965429306 -2.0099999606609344 -1.159999966621399 -1.2799999713897705 -1.3399999737739563 -1.6499999687075615 -1.2400000542402267 -1.3300000503659248 -1.3300000503659248 -1.920000046491623
-5.269999980926514 -4.889999985694885 -4.870000004768372 -2.7699999809265137 -0.7200000286102295 -3.820000022649765 -5.039999961853027 -5.039999961853027 -4.639999985694885 -0.8399999141693115 -0.7899999618530273 -0.6500000953674316 -0.6200001239776611 -0.6100001335144043 -0.9200000762939453 -0.9200000762939453 -1.0600001811981201 -0.5 -1.130000114440918 -5.020000100135803 -5.580000162124634 -1.2999999523162842 -2.0200001001358032 -2.0200001001358032 -2.140000104904175 -5.050000071525574 -2.8000000715255737 -3.009999990463257 -1.6799999177455902 -0.2600000202655792 -0.2600000202655792 -2.2600000500679016 -1.8200000524520874 -2.2700001001358032 -3.190000057220459 -0.41999995708465576 -1.1199999749660492 -1.2299999594688416 -1.2299999594688416 -1.2699999809265137 -1.5399999767541885 -1.2599999606609344 -1.419999971985817 -1.389999970793724 -1.4800000470131636 -1.5400000512599945 -1.5400000512599945 -1.8100000619888306
-5.430000066757202 -5.710000038146973 -0.4700000286102295 -0.4200000762939453 -3.990000069141388 -4.040000021457672 -1.0699999332427979 -1.0699999332427979 -0.7100000381469727 -1.2799999713897705 -0.8500001430511475 -1.0900001525878906 -0.7300000190734863 -0.7699999809265137 -0.9300000667572021 -0.9300000667572021 -0.8900001049041748 -1.2000000476837158 -0.9700000286102295 -1.1000001430511475 -4.9700000286102295 -5.569999933242798 -5.490000009536743 -5.490000009536743 -5.360000014305115 -4.890000104904175 -3.0899999141693115 -3.4799998998641968 -0.5899999439716339 -0.31999996304512024 -0.31999996304512024 -0.26999999582767487 -0.3800000101327896 -0.3699999898672104 -0.6899999529123306 -3.0600000619888306 -0.8800000548362732 -1.1800000369548798 -1.1800000369548798 -1.2800000458955765 -0.3999999910593033 -0.26999998837709427 -0.2199999839067459 -0.4699999839067459 -0.6199999898672104 -0.6499999910593033 -0.6499999910593033 -0.6699999868869781
-6.06000018119812 -1.8700001239776611 -0.7899999618530273 -0.9000000953674316 -2.840000033378601 -1.1200001239776611 -0.5299999713897705 -0.5299999713897705 -1.5500000715255737 -1.3700001239776611 -1.3300001621246338 -0.9500000476837158 -0.9300000667572021 -0.9800000190734863 -0.7000000476837158 -0.7000000476837158 -1.1000001430511475 -1.0299999713897705 -0.48000001907348633 -1.2000000476837158 -5.139999985694885 -5.420000076293945 -2.340000033378601 -2.340000033378601 -1.3199999332427979 -3.14000004529953 -0.2999999523162842 -0.6200000047683716 -0.1199999749660492 -0.41999998688697815 -0.41999998688697815 -0.6599999815225601 -0.3800000101327896 -0.4700000435113907 -0.510000005364418 -2.5200001001358032 0 -1.2000000476837158 -1.2000000476837158 -1.7900000512599945 -0.6599999964237213 -0.5399999916553497 -0.4399999864399433 -0.5899999886751175 -0.7699999809265137 -0.7199999988079071 -0.7199999988079071 -0.6499999910593033
-6.680000066757202 -4.1500000804662704 -1.3900001049041748 -1.2300000190734863 -1.1100001335144043 0 -0.21000003814697266 -0.21000003814697266 -1.2599999904632568 -1.2699999809265137 -1.2000000476837158 -1.5800000429153442 -1.2799999713897705 -0.6600000858306885 -0.9100000858306885 -0.9100000858306885 -1.0399999618530273 -1.190000057220459 -1.9500000476837158 -4.990000009536743 -1.3600001335144043 -1.7300000190734863 -1.7300000190734863 -2.0200001001358032 -1.6600000858306885 -1.9900000095367432 -1.9800000190734863 -0.8400001525878906 -0.6799999475479126 -3.060000002384186 -3.060000002384186 -0.3399999886751175 -0.6799999624490738 -0.6400000005960464 -0.4599999934434891 -2.040000021457672 -2.3300000429153442 -0.5500000715255737 -0.5500000715255737 -1.8200000524520874 -0.3499999865889549 -0.4699999839067459 -0.5299999862909317 -0.4299999848008156 -0.5899999886751175 -0.5899999886751175 -0.8899999856948853 -0.800000011920929
-8.850000023841858 -7.880000114440918 -5.360000133514404 -0.9800002574920654 -6.090000152587891 -1.130000114440918 0 0 0 -0.7899999618530273 -2.7500000596046448 -2.1200000047683716 -1.5800000429153442 -1.4700000286102295 -0.9900000095367432 -0.9900000095367432 -1.130000114440918 -1.4900000095367432 -5 -2.440000057220459 -0.7999999523162842 -0.7300000190734863 -0.7300000190734863 -0.6100000143051147 -0.6400001049041748 -0.6800000667572021 -1.78000009059906 -1.9600000381469727 -0.9300000667572021 -3.570000045001507 -3.570000045001507 -3.920000046491623 -3.990000069141388 -0.25 -0.4699999690055847 -1.940000057220459 -2.190000057220459 0 0 -1.3900000490248203 -1.5400000512599945 -1.3000000417232513 -1.4100000485777855 -1.4100000485777855 -0.7100000083446503 -0.7100000083446503 -0.8700000047683716 -0.4000000078231096
-10.379999995231628 -3.4200000762939453 -7.450000047683716 -2.5000001192092896 -4.450000166893005 -5.170000076293945 -4.160000026226044 -4.160000026226044 -1.4200000762939453 -1.7599999904632568 0 0 -1.2999999523162842 -0.9800000190734863 0 0 -5.050000071525574 -4.250000059604645 -1.5800000429153442 -1.7899999618530273 -1.6200000047683716 -0.3400001525878906 -0.3400001525878906 -0.4900001287460327 -0.35000014305114746 -0.5000001192092896 -0.25 -0.5 -0.1700000762939453 -0.4500000476837158 -0.4500000476837158 -0.9800000190734863 -4.420000076293945 -2.6700000762939453 -2.440000057220459 -1.7100000381469727 -1.9700000286102295 -2.380000054836273 -2.380000054836273 0 -1.2800000458955765 -1.4000000469386578 -1.5000000484287739 -1.3000000417232513 -0.25 -0.25 -0.3200000077486038 -0.49000000953674316
-11.559999942779541 0.4099998474121094 -10.180000007152557 -6.039999842643738 -4.189999846741557 -2.4700000286102295 -5.060000061988831 -5.060000061988831 -4.850000023841858 -4.680000066757202 -2.880000054836273 0 0 0 -1.9900000095367432 -1.9900000095367432 -4.980000019073486 -1.0099999904632568 -1.8700000047683716 -1.690000057220459 -1.850000023841858 -0.3600001335144043 -0.3600001335144043 -0.19000005722045898 -0.630000114440918 -0.5600000619888306 0 -0.28999996185302734 -0.08000004291534424 -0.19000005722045898 -0.19000005722045898 -2.0500000715255737 -1.4100000858306885 -2.320000022649765 -2.3000000417232513 -1.940000057220459 -2.0800000429153442 -0.23000001907348633 -0.23000001907348633 -1.9800000190734863 -0.9800000488758087 -1.160000056028366 -1.4100000485777855 -1.5900000482797623 -0.48000000789761543 -0.48000000789761543 -0.6500000059604645 -0.2200000137090683
-10.589999973773956 4.470000267028809 -11.450000047683716 -0.9000000357627869 -1.0699999928474426 -1.5700000077486038 -2.840000107884407 -2.840000107884407 -1.540000081062317 -1.3799999952316284 -4.790000081062317 -3.7900000512599945 0 -0.9700000286102295 -0.9700000286102295 -3.049999952316284 -3.1799999475479126 -0.43000006675720215 -1.9299999475479126 -1.8300000429153442 -1.8600000143051147 -1.6500000953674316 -1.6500000953674316 -1.75 -1.8600000143051147 -2.100000023841858 -2.0600000619888306 -1.7599999904632568 -1.7200000286102295 -1.6100000143051147 -1.6100000143051147 0 -1.4000000953674316 -0.8300000429153442 -2.860000044107437 -1.2100000530481339 -0.2700001001358032 -2.0700000524520874 -2.090000033378601 -2.1700000762939453 0 -1.520000047981739 -0.3700000047683716 -1.5800000429153442 -1.5000000484287739 -1.5000000484287739 -1.420000048354268 -1.0000000596046448
