SimulationData/Scenarios/Waterwolf/Flooding/Uitdammerdijk/360.asc
ncols        561
nrows        278
xllcorner    4.817258165162
yllcorner    52.370746892638
cellsize     0.000511251697
NODATA_value  -9999
[rows 84 to 104 of 278, columns 192 to 239 of 561]
-0.7200000286102295 -0.24000000953674316 -0.24000000953674316 -1.1100000143051147 -0.8899999856948853 -0.9000000953674316 -0.9900000095367432 -0.8500000238418579 -0.8500000238418579 -0.940000057220459 -0.940000057220459 -0.8300000429153442 -0.5199999809265137 0 -0.09000015258789062 -0.6200000047683716 -0.7699999809265137 -0.6899999380111694 -0.6899999380111694 -0.6399999856948853 -0.7699999809265137 -0.6500000953674316 -0.75 -0.6299999952316284 -0.5300000905990601 -0.5300000905990601 -0.6299999952316284 -0.029999971389770508 -0.7200000286102295 -0.7200000286102295 -0.7699999809265137 -0.5099999904632568 -0.6700000762939453 -0.6700000762939453 -0.7000000476837158 -0.7799999713897705 -0.7599999904632568 -0.6100000143051147 -0.6499999761581421 -0.7599999904632568 -0.7899999618530273 -0.7899999618530273 -0.5099999904632568 -0.4700000286102295 -0.6599999666213989 -0.6899999380111694 -0.6799999475479126 -0.5499999523162842
-0.5200001001358032 -0.12999999523162842 -0.12999999523162842 -0.41999995708465576 -0.18999993801116943 -0.20000004768371582 -0.5099999904632568 -0.9300000667572021 -0.9300000667572021 -0.9200000762939453 -0.9200000762939453 -0.8600000143051147 -0.8000000715255737 -0.8200000524520874 -0.7400000095367432 -0.7100000381469727 -0.8199999332427979 -0.8999999761581421 -0.8999999761581421 -0.75 -0.8600000143051147 -0.8799999952316284 -0.8400000333786011 -0.6700000762939453 -0.75 -0.75 -0.8300000429153442 -0.5299999713897705 -0.5499999523162842 -0.75 -0.7300000190734863 -0.7799999713897705 -0.7100000381469727 -0.7100000381469727 -0.5199999809265137 -0.6200000047683716 -0.7200000286102295 -0.6499999761581421 -0.690000057220459 -0.6399999856948853 -0.6399999856948853 -0.7200000286102295 -0.6499999761581421 -0.6999999284744263 -0.7100000381469727 -0.3899998664855957 -0.059999942779541016 -0.059999942779541016
-0.5200001001358032 -0.8500000238418579 -0.8500000238418579 -0.23000001907348633 -0.24000000953674316 -0.26999998092651367 -0.21999990940093994 -0.1799999475479126 -0.1499999761581421 -0.21000003814697266 -0.21000003814697266 -0.1400001049041748 -0.28999996185302734 -0.25999999046325684 -0.19000005722045898 -0.11000001430511475 -0.18999993801116943 -0.23000001907348633 -0.23000001907348633 -0.36000001430511475 -0.16000008583068848 -0.25 -0.23000001907348633 -0.5400000810623169 -0.48000001907348633 -0.48000001907348633 -0.7599999904632568 -0.75 -0.24000000953674316 -0.2799999713897705 -0.5400000810623169 -0.6299999952316284 -0.6299999952316284 -0.6299999952316284 -0.7200000286102295 -0.7599999904632568 -0.6799999475479126 -0.7000000476837158 -0.4100000858306885 -0.039999961853027344 -0.039999961853027344 -0.7200000286102295 -0.7599999904632568 -0.7400000095367432 -0.7200000286102295 -0.7200000286102295 -0.6100000143051147 -0.7000000476837158
-0.8500000238418579 -0.8500000238418579 -0.8500000238418579 -0.4700000286102295 -0.03000009059906006 -0.12000000476837158 -0.12000000476837158 -0.10000002384185791 -0.10000002384185791 -0.13000011444091797 -0.13000011444091797 -0.13000011444091797 -0.23000001907348633 -0.23000001907348633 -0.3200000524520874 -0.49000000953674316 -0.3999999761581421 -0.3999999761581421 -0.3700000047683716 -0.24000000953674316 -0.28000009059906006 -0.3900001049041748 -0.3200000524520874 -0.46000003814697266 -0.3200000524520874 -0.3200000524520874 -0.039999961853027344 -0.7599999904632568 -0.21999990940093994 -0.24000000953674316 -0.6399999856948853 -0.7100000381469727 -0.7200000286102295 -0.7200000286102295 -0.6800000667572021 -0.6699999570846558 -0.6699999570846558 -0.6000000238418579 -0.8899999856948853 -0.7599999904632568 -0.7599999904632568 -0.7400000095367432 -0.6799999475479126 -0.7000000476837158 -0.690000057220459 -0.7000000476837158 -0.7000000476837158 -0.75
-0.21000003814697266 -0.21000003814697266 -0.21000003814697266 -0.1799999475479126 -0.15999996662139893 -0.2099999189376831 -0.2399998903274536 -0.09999990463256836 -0.15999996662139893 -0.18999993801116943 -0.18999993801116943 -0.18999993801116943 -0.19000005722045898 -0.19000005722045898 -0.23000001907348633 -0.21000003814697266 -0.21000003814697266 -0.21000003814697266 -0.09000003337860107 -0.12000000476837158 -0.12000000476837158 -0.19000005722045898 -0.19000005722045898 -0.2700001001358032 -0.2700001001358032 -0.2700001001358032 -0.9000000953674316 -0.6600000858306885 -0.690000057220459 -0.7300000190734863 -0.6700000762939453 -0.7200000286102295 -0.75 -0.75 -0.7699999809265137 -0.7200000286102295 -0.7400000095367432 -0.7400000095367432 -0.26999998092651367 -0.7000000476837158 -0.7000000476837158 -0.7000000476837158 -0.7000000476837158 -0.690000057220459 -0.5800000429153442 -0.6700000762939453 -0.6800000667572021 0
-0.19999992847442627 -0.21999990940093994 -0.21999990940093994 -0.2200000286102295 -0.19000005722045898 -0.23000001907348633 -0.25 -0.25 -0.31999993324279785 0 0 0 -0.2399998903274536 -0.3399999141693115 -0.25 -0.21999990940093994 -0.28000009059906006 -0.28000009059906006 -0.2200000286102295 -0.20000004768371582 -0.20000004768371582 -0.1700000762939453 -0.16000008583068848 -0.15000009536743164 -0.1700000762939453 -0.1700000762939453 -0.9000000953674316 -0.6200000047683716 0 0 0 0 0 0 0 0 -0.43000006675720215 -0.5400000810623169 0 -0.7000000476837158 -0.7000000476837158 -0.7699999809265137 -0.7000000476837158 -0.7599999904632568 -0.8300000429153442 -0.7599999904632568 -0.7699999809265137 -0.7100000381469727
-0.3599998950958252 -0.3599998950958252 0 -0.010000109672546387 -0.010000109672546387 -0.010000109672546387 -0.010000109672546387 0 0 0 0 0 0 0 0 0 -0.1700000762939453 -0.1700000762939453 -0.03000009059906006 -0.03000009059906006 -0.03000009059906006 -0.010000109672546387 -0.010000109672546387 -0.15000009536743164 -0.2600001096725464 -0.2600001096725464 -0.26999998092651367 -0.44999992847442627 -0.5700000524520874 -0.6000000238418579 -0.5400000810623169 -0.49000000953674316 -0.49000000953674316 -0.41999995708465576 -0.6100000143051147 -0.8600001335144043 -0.7500001192092896 0 -0.25999999046325684 -0.9000000953674316 -0.9000000953674316 -0.9000000953674316 -0.4700000286102295 -0.4700000286102295 -0.36000001430511475 -0.36000001430511475 -0.28000009059906006 -0.28000009059906006
-0.19999992847442627 -0.07999992370605469 -0.07999992370605469 -0.21000003814697266 -0.20000004768371582 -0.20000004768371582 -0.24000000953674316 -0.22999989986419678 -0.26999998092651367 -0.18999993801116943 -0.18999993801116943 -0.18999993801116943 -0.15999996662139893 -0.04999995231628418 -0.26999998092651367 -0.25 -0.2200000286102295 -0.2200000286102295 -0.24000000953674316 -0.28000009059906006 -0.25 -0.19000005722045898 -0.1400001049041748 -0.19000005722045898 -0.24000000953674316 -0.24000000953674316 -0.3799999952316284 -0.24000000953674316 -0.41999995708465576 -0.38999998569488525 -0.33000004291534424 -0.3799999952316284 -0.3799999952316284 -0.24000000953674316 -0.25 -0.5200001001358032 -0.4800001382827759 0 -0.4700000286102295 -0.5300000905990601 -0.5300000905990601 -0.5600000619888306 -0.12000000476837158 -0.059999942779541016 -0.09999990463256836 -0.12000000476837158 -0.03000009059906006 -0.12000000476837158
-0.060000061988830566 -0.3400000333786011 -0.3400000333786011 -0.3799999952316284 -0.33000004291534424 -0.23000001907348633 -0.03000009059906006 -0.12999999523162842 -0.3200000524520874 -0.26999998092651367 -0.26999998092651367 -0.24000000953674316 -0.33000004291534424 -0.36000001430511475 -0.3799999952316284 -0.3799999952316284 -0.440000057220459 -0.440000057220459 -0.26999998092651367 -0.36000001430511475 -0.3700000047683716 -0.2999999523162842 -0.2999999523162842 -0.25999999046325684 -0.26999998092651367 -0.26999998092651367 -1.1500000953674316 -0.9800000190734863 -0.7800000905990601 -0.8200000524520874 -0.8200000524520874 -0.8500000238418579 -0.8500000238418579 -0.8100000619888306 -0.7800000905990601 -0.7599999904632568 -0.059999942779541016 -0.4500000476837158 -0.3299999237060547 0 0 0 -0.3900001049041748 -0.4700000286102295 -0.6000000238418579 -0.690000057220459 -0.6800000667572021 -0.7599999904632568
-0.26999998092651367 -0.060000061988830566 -0.060000061988830566 -0.28000009059906006 -0.28000009059906006 -0.26999998092651367 -0.25 -0.28000009059906006 -0.2900000810623169 -0.2900000810623169 -0.28000009059906006 -0.26999998092651367 -0.4100000858306885 -0.33000004291534424 -0.3500000238418579 -0.36000001430511475 -0.31000006198883057 -0.31000006198883057 -0.28000009059906006 -0.26999998092651367 -0.2200000286102295 -0.21999990940093994 -0.19999992847442627 -0.19999992847442627 -0.22999989986419678 -0.22999989986419678 -0.23000001907348633 -0.20000004768371582 -0.20000004768371582 -0.13999998569488525 -0.13999998569488525 -0.10000002384185791 -0.10000002384185791 -0.12000000476837158 -0.029999971389770508 -0.7799999713897705 -0.5099999904632568 -0.28000009059906006 -0.3300001621246338 -0.7400000095367432 -0.7400000095367432 -0.7400000095367432 -0.7599999904632568 -0.7200000286102295 -0.690000057220459 -0.7000000476837158 -0.6000000238418579 -0.6100000143051147
-0.060000061988830566 -0.060000061988830566 -0.060000061988830566 -0.03000009059906006 -0.03000009059906006 -0.03000009059906006 -0.25 -0.26999998092651367 -0.28000009059906006 -0.28000009059906006 -0.25 -0.31000006198883057 -0.4200000762939453 -0.38999998569488525 -0.36000001430511475 -0.31000006198883057 -0.3200000524520874 -0.3200000524520874 -0.2900000810623169 -0.3200000524520874 -0.20000004768371582 -0.21999990940093994 -0.21999990940093994 -0.2099999189376831 -0.2099999189376831 -0.2099999189376831 -0.23000001907348633 -0.18000006675720215 -0.19000005722045898 -0.20000004768371582 0 -0.1700000762939453 -0.1700000762939453 -0.19000005722045898 -0.19000005722045898 -0.20000004768371582 -0.6100000143051147 -0.06000018119812012 -0.15000009536743164 -0.5500000715255737 -0.5500000715255737 -0.6100000143051147 -0.6600000858306885 -0.7100000381469727 -0.7200000286102295 -0.7400000095367432 -0.7400000095367432 -0.7400000095367432
-0.3200000524520874 -0.3200000524520874 -0.3200000524520874 -0.2900000810623169 -0.36000001430511475 -0.25 -0.25 -0.24000000953674316 -0.25999999046325684 -0.25999999046325684 -0.25999999046325684 -0.30000007152557373 -0.36000001430511475 -0.3200000524520874 -0.3500000238418579 -0.31000006198883057 -0.3200000524520874 -0.3200000524520874 -0.31000006198883057 -0.3799999952316284 -0.3400000333786011 -0.26999998092651367 -0.19999992847442627 -0.3399999141693115 -0.36000001430511475 -0.36000001430511475 -0.2799999713897705 -0.2799999713897705 -0.31999993324279785 -0.1799999475479126 -0.1700000762939453 -0.1700000762939453 -0.1700000762939453 -0.8600001335144043 -0.5400000810623169 -0.28999996185302734 -0.31999993324279785 0 0 0 0 -0.75 -0.7400000095367432 -0.7599999904632568 -0.7300000190734863 -0.6299999952316284 -0.8500000238418579 -0.8500000238418579
-0.060000061988830566 -0.060000061988830566 -0.060000061988830566 -0.03000009059906006 -0.20000004768371582 -0.019999980926513672 -0.28000009059906006 -0.3500000238418579 -0.30000007152557373 -0.30000007152557373 -0.30000007152557373 -0.12999999523162842 -0.3700000047683716 -0.3700000047683716 -0.3500000238418579 -0.3400000333786011 -0.3500000238418579 -0.3500000238418579 -0.3500000238418579 -0.3200000524520874 -0.3400000333786011 -0.31999993324279785 -0.21999990940093994 -0.31999993324279785 -0.31999993324279785 -0.309999942779541 -0.2799999713897705 -0.25999999046325684 -0.25999999046325684 -0.25 -0.16999995708465576 -0.10000002384185791 -0.10000002384185791 -0.8899999856948853 -0.019999980926513672 -0.8000000715255737 -0.8100000619888306 -0.2099999189376831 -0.16999995708465576 0 0 -0.75 -0.7000000476837158 -0.690000057220459 -0.8100000619888306 -0.8700000047683716 -0.690000057220459 -0.690000057220459
-0.060000061988830566 -0.060000061988830566 -0.060000061988830566 -0.03000009059906006 -0.03000009059906006 -0.03000009059906006 -0.03000009059906006 -0.03000009059906006 -0.03000009059906006 -0.25999999046325684 -0.26999998092651367 -0.2799999713897705 -0.30000007152557373 -0.24000000953674316 -0.2700001001358032 -0.25999999046325684 -0.24000000953674316 -0.24000000953674316 -0.2700001001358032 -0.24000000953674316 -0.25 -0.2700001001358032 -0.09000003337860107 -0.2700001001358032 -0.2700001001358032 -0.30000007152557373 -0.3400000333786011 -0.33000004291534424 -0.09000003337860107 -0.020000100135803223 -0.15999996662139893 0 0 0 0 0 -0.6800000667572021 -0.8200000524520874 -0.8100000619888306 -0.75 -0.75 -0.75 -0.7000000476837158 -0.7000000476837158 -0.9700000286102295 -0.809999942779541 -0.8700000047683716 -0.8700000047683716
-0.25999999046325684 -0.2900000810623169 -0.2900000810623169 -0.040000081062316895 -0.040000081062316895 -0.040000081062316895 -0.040000081062316895 -0.040000081062316895 -0.040000081062316895 -0.040000081062316895 -0.040000081062316895 -0.040000081062316895 -0.020000100135803223 -0.020000100135803223 -0.020000100135803223 -0.020000100135803223 -0.020000100135803223 -0.020000100135803223 -0.020000100135803223 -0.7700000405311584 -0.5 -0.40000009536743164 -0.31000006198883057 -0.020000100135803223 -0.020000100135803223 -0.09464001655578613 -0.020000100135803223 -0.28000009059906006 -0.25999999046325684 -0.28000009059906006 -0.22999989986419678 -0.25999999046325684 -0.25999999046325684 0 0 -1.1200000047683716 -1.0700000524520874 -1.3200000524520874 -0.7699999809265137 -0.7800000905990601 -0.7800000905990601 -0.8000000715255737 -0.8500000238418579 -0.309999942779541 -1.3799999952316284 -1.1399999856948853 -0.9000000953674316 -0.9000000953674316
-0.20000004768371582 -0.20000004768371582 -0.03000009059906006 -0.15999996662139893 -0.26999998092651367 -0.3400000333786011 -0.26999998092651367 -0.33000004291534424 -0.3400000333786011 -0.3400000333786011 -0.25999999046325684 -0.15999996662139893 -0.020000100135803223 -0.2900000810623169 -0.2700001001358032 -0.2700001001358032 -0.21000003814697266 -0.21000003814697266 -0.2200000286102295 -0.25 -0.23000001907348633 -0.25999999046325684 -0.2700001001358032 -0.25999999046325684 -0.25999999046325684 -0.30000007152557373 -0.31000006198883057 -0.24000000953674316 -0.05000007152557373 -0.020000100135803223 0 0 0 0 0 -0.010000109672546387 -0.24000000953674316 -0.18999993801116943 -0.3299999237060547 -0.3299999237060547 -1.5000000596046448 -1.0500000715255737 -0.9000000953674316 -1.2400000095367432 -0.31999993324279785 -0.2099999189376831 -0.28999996185302734 -0.28999996185302734
-0.21000003814697266 -0.21000003814697266 -0.03000009059906006 -0.24000000953674316 -0.23000001907348633 -0.2799999713897705 -0.1700000762939453 -0.25 -0.23000001907348633 -0.23000001907348633 -0.13999998569488525 -0.040000081062316895 -0.020000100135803223 -0.020000100135803223 -0.020000100135803223 -0.30000007152557373 -0.25999999046325684 -0.25999999046325684 -0.2900000810623169 -0.21000003814697266 -0.2200000286102295 -0.31000006198883057 -0.28000009059906006 -0.31000006198883057 -0.31000006198883057 -0.30000007152557373 -0.3200000524520874 -0.3500000238418579 -0.33000004291534424 -0.09000003337860107 -0.010000109672546387 -0.23000001907348633 -0.23000001907348633 -0.24000000953674316 -0.2200000286102295 -0.2200000286102295 -0.2200000286102295 -0.2900000810623169 -0.1700000762939453 -0.1700000762939453 -0.2200000286102295 -0.2900000810623169 -0.23000001907348633 -0.26999998092651367 -0.309999942779541 -0.4099999666213989 -0.23000001907348633 -0.23000001907348633
-0.03000009059906006 -0.03000009059906006 -0.03000009059906006 -0.040000081062316895 -0.2200000286102295 -0.2900000810623169 -0.36000001430511475 -0.24000000953674316 -0.33000004291534424 -0.33000004291534424 -0.30000007152557373 -0.040000081062316895 -0.020000100135803223 -0.020000100135803223 -0.25 -0.2900000810623169 -0.25 -0.25 -0.30000007152557373 -0.25 -0.28000009059906006 -0.2900000810623169 -0.2900000810623169 -0.2700001001358032 -0.2700001001358032 -0.3200000524520874 -0.33000004291534424 -0.30000007152557373 -0.2200000286102295 -0.020000100135803223 -0.010000109672546387 -0.23000001907348633 -0.23000001907348633 -0.28000009059906006 -0.1700000762939453 -0.23000001907348633 -0.20000004768371582 -0.12000000476837158 -0.12999999523162842 -0.12999999523162842 -0.19000005722045898 -0.20000004768371582 -0.20000004768371582 -0.03000009059906006 -0.4099999666213989 -0.38999998569488525 -0.4599999189376831 -0.4599999189376831
-0.25 -0.25 -0.12999999523162842 -0.23000001907348633 -0.08000004291534424 -0.21000003814697266 -0.24000000953674316 -0.30000007152557373 -0.33000004291534424 -0.33000004291534424 -0.24000000953674316 -0.31000006198883057 -0.020000100135803223 -0.3400000333786011 -0.060000061988830566 -0.020000100135803223 -0.020000100135803223 -0.020000100135803223 -0.020000100135803223 -0.09000003337860107 -0.25999999046325684 -0.25999999046325684 -0.24000000953674316 -0.24000000953674316 -0.24000000953674316 -0.2700001001358032 -0.25999999046325684 -0.13999998569488525 -0.020000100135803223 -0.2900000810623169 -0.2600001096725464 -0.23000001907348633 -0.23000001907348633 -0.2200000286102295 -0.2200000286102295 -0.19000005722045898 -0.2200000286102295 -0.19000005722045898 -0.010000109672546387 -0.010000109672546387 -0.21000003814697266 -0.2200000286102295 -0.11000001430511475 -0.18000006675720215 -0.23000001907348633 -0.23000001907348633 -0.36000001430511475 -0.36000001430511475
-0.18000006675720215 -0.18000006675720215 -0.25999999046325684 -0.25999999046325684 -0.26999998092651367 -0.12999999523162842 -0.2799999713897705 -0.3999999761581421 -0.25 -0.25 -0.08000004291534424 -0.3799999952316284 -0.18000006675720215 -0.040000081062316895 -0.18000006675720215 -0.2799999713897705 -0.2799999713897705 -0.23000001907348633 -0.26999998092651367 -0.21000003814697266 -0.25999999046325684 -0.26999998092651367 -0.25 -0.25 -0.25 -0.26999998092651367 -0.24000000953674316 -0.03000009059906006 -0.24000000953674316 -0.26999998092651367 -0.2700001001358032 -0.21000003814697266 -0.21000003814697266 -0.28000009059906006 -0.020000100135803223 -0.13999998569488525 -0.19000005722045898 -0.19000005722045898 -0.21000003814697266 -0.21000003814697266 -0.5400000810623169 -0.5300000905990601 -0.5400000810623169 -0.5500000715255737 -0.5600000619888306 -0.5700000524520874 -0.40000009536743164 -0.40000009536743164
-0.20000004768371582 -0.20000004768371582 -0.10000002384185791 -0.08000004291534424 -0.08000004291534424 -0.08000004291534424 -0.08000004291534424 -0.309999942779541 -0.3500000238418579 -0.3500000238418579 -0.3500000238418579 -0.33000004291534424 -0.30000007152557373 -0.30000007152557373 -0.11000001430511475 -0.33000004291534424 -0.33000004291534424 -0.25999999046325684 -0.25999999046325684 -0.25 -0.30000007152557373 -0.25999999046325684 -0.2200000286102295 -0.30000007152557373 -0.30000007152557373 -0.03000009059906006 -0.03000009059906006 -0.25999999046325684 -0.3200000524520874 -0.1700000762939453 -0.24000000953674316 -0.16000008583068848 -0.16000008583068848 -0.19000005722045898 -0.020000100135803223 -0.20000004768371582 -0.020000100135803223 -0.21000003814697266 -0.20000004768371582 -0.20000004768371582 -0.40000009536743164 -0.5600000619888306 -0.5900000333786011 -0.5800000429153442 -0.6299999952316284 -0.5900000333786011 -0.46000003814697266 -0.46000003814697266
