SimulationData/Scenarios/Waterwolf/Flooding/Uitdammerdijk/360.asc
ncols        561
nrows        278
xllcorner    4.817258165162
yllcorner    52.370746892638
cellsize     0.000511251697
NODATA_value  -9999
[rows 210 to 230 of 278, columns 240 to 287 of 561]
-1.4200000762939453 -1.130000114440918 -1.1100001335144043 -1.1100001335144043 -1.1200001239776611 -1.3100001811981201 -1.1400001049041748 -1.1400001049041748 -0.5100002288818359 -1.9300003051757812 -3.3500001430511475 -3.81000018119812 -4.780000191181898 -4.830000190064311 -0.8700001239776611 -0.8700001239776611 -0.009999752044677734 -0.9199998378753662 -0.12999963760375977 -3.0899999141693115 -2.5299999713897705 -0.6999998092651367 -0.6999998092651367 -0.9600000381469727 -0.5900001525878906 -0.029999732971191406 -0.029999732971191406 -0.029999732971191406 -0.029999732971191406 -0.04999971389770508 -0.04999971389770508 -0.36999988555908203 -0.3299999237060547 -0.6999998092651367 -0.2200002670288086 -0.7699999809265137 -4.090000212192535 -3.010000228881836 -3.010000228881836 -0.5899999141693115 -0.7999999523162842 -1.059999942779541 -0.6799999475479126 -0.5499999523162842 -0.5399999618530273 -0.5399999618530273 -0.5099999904632568 -0.4299999475479126
-1.3300001621246338 -1.2400002479553223 -1.2100002765655518 -1.1400001049041748 -1.2800002098083496 -1.1500000953674316 -1.750000238418579 -1.750000238418579 -1.1500000953674316 -1.3400001525878906 -1.130000114440918 -1.0300002098083496 -1.380000114440918 -5.200000196695328 -5.8500001430511475 -5.8500001430511475 -1.9100000858306885 -0.24000024795532227 -2.3600001335144043 -0.6400003433227539 -1.0299999713897705 -0.9199998378753662 -0.9199998378753662 -0.5699996948242188 -0.7599997520446777 -0.6399998664855957 -0.2999997138977051 -0.029999732971191406 -0.809999942779541 -0.4699997901916504 -0.4699997901916504 -0.04999971389770508 -0.40000009536743164 -0.309999942779541 -0.25 -0.5900001525878906 -2.320000171661377 -3.070000171661377 -3.070000171661377 -0.46999990940093994 -0.7999999523162842 -1.6299999952316284 -0.6200000047683716 -0.5399999618530273 -0.5299999713897705 -0.5299999713897705 -0.5399999618530273 -0.5299999713897705
-1.4300003051757812 -1.5800001621246338 -1.4300003051757812 -1.3500001430511475 -1.1600000858306885 -1.320000171661377 0 0 -1.130000114440918 -1.2900002002716064 -1.4100000858306885 -1.130000114440918 0 0 -4.680000193417072 -4.680000193417072 -6.610000133514404 -6.650000214576721 -1.4000000953674316 -0.820000171661377 -0.9199998378753662 -0.8599998950958252 -0.8599998950958252 -0.9900000095367432 -0.8199996948242188 -0.630000114440918 -1.0399999618530273 -0.7199997901916504 -0.4499998092651367 -0.5799999237060547 -0.5799999237060547 -0.3299999237060547 -0.7300000190734863 -0.3299999237060547 -0.48000001907348633 -0.440000057220459 0 -3.1400002241134644 -3.2400002479553223 -0.5999999046325684 -0.6699999570846558 -0.8199999332427979 -0.7099999189376831 -0.6299998760223389 -0.5499999523162842 -0.5499999523162842 -0.619999885559082 -0.43999993801116943
-1.820000171661377 -1.510000228881836 -1.3900001049041748 -1.5400002002716064 -1.500000238418579 -1.5300002098083496 -1.200000286102295 -1.200000286102295 -1.450000286102295 -1.5300002098083496 -0.7200002670288086 0 0 -0.6500000953674316 -0.6500000953674316 -3.3800002336502075 -5.459999769926071 -0.18999958038330078 -6.880000114440918 -8.120000123977661 -5.590000092983246 -0.5199999809265137 -0.5199999809265137 -0.6800003051757812 -0.5600004196166992 -1.7400002479553223 -0.7699999809265137 -1.000000238418579 -1.6800003051757812 -0.9100000858306885 -0.9100000858306885 -1.1700000762939453 -0.7600002288818359 -0.8700001239776611 -0.5900001525878906 0 -0.9400002956390381 -0.9400002956390381 -3.2400002479553223 -0.559999942779541 -1.5399999618530273 -0.5199999809265137 -0.6399999856948853 -0.619999885559082 -0.11999988555908203 -0.11999988555908203 -0.6699999570846558 -0.039999961853027344
-1.6400001049041748 -1.760000228881836 0 -1.2700002193450928 -1.3600001335144043 -1.500000238418579 -1.380000114440918 -1.380000114440918 -1.5400002002716064 -1.5400002002716064 -1.190000295639038 -1.2700002193450928 -0.7800002098083496 -0.5600004196166992 -0.5600004196166992 -9.140000343322754 -5.4999998807907104 -0.5199999809265137 -0.6800003051757812 -2.9300001859664917 -8.500000238418579 -8.330000162124634 -8.330000162124634 -1.320000171661377 -0.5199999809265137 -1.0900001525878906 -0.570000171661377 -1.4300003051757812 -1.2700002193450928 -0.8299999237060547 -0.8299999237060547 -1.6400001049041748 -0.9700000286102295 -0.9000000953674316 -0.5100002288818359 0 -0.8100001811981201 -0.8100001811981201 -3.9300001859664917 -0.7300000190734863 -0.7999999523162842 -1.3499999046325684 -1.0699999332427979 -1.0199999809265137 -0.5899999141693115 -0.5899999141693115 -0.6499999761581421 -0.039999961853027344
-1.440000295639038 0 -1.6400001049041748 -1.510000228881836 -1.5800001621246338 0 -1.3000001907348633 -1.3000001907348633 -1.3900001049041748 -1.380000114440918 -1.5300002098083496 -1.260000228881836 -1.260000228881836 -1.2100002765655518 -1.2100002765655518 -1.250000238418579 -0.1700000762939453 -1.0899999141693115 -1.190000057220459 -1.7200000286102295 -1.320000171661377 -1.4600002765655518 -1.4600002765655518 -7.009999752044678 -7.319999694824219 -1.5500001907348633 -1.2700002193450928 -1.0400002002716064 -1.3300001621246338 -1.0200002193450928 -1.0200002193450928 -0.3300001621246338 -0.8299999237060547 -1.5499999523162842 -0.49000024795532227 -1.6200001239776611 -4.010000169277191 -4.010000169277191 -2.510000228881836 -0.5899999141693115 0 -0.6200000047683716 -0.559999942779541 -0.6100000143051147 -0.5699999332427979 -0.5699999332427979 -0.7400000095367432 -0.059999942779541016
-1.5200002193450928 -1.320000171661377 -1.7200002670288086 -1.500000238418579 -1.570000171661377 -1.2100002765655518 -0.25 -0.25 -1.3700001239776611 -1.4200000762939453 -1.4200000762939453 -1.5600001811981201 -1.500000238418579 -1.510000228881836 -1.510000228881836 -1.3100001811981201 -1.5099999904632568 -0.9600000381469727 -1.0899999141693115 -1.059999942779541 -0.8300001621246338 -2.9500001668930054 -2.9500001668930054 -2.019999921321869 -6.7799999713897705 -9.640000343322754 -1.750000238418579 -0.8000001907348633 -1.320000171661377 -0.7500002384185791 -0.7500002384185791 -0.5500001907348633 -1.2300000190734863 -0.8399999141693115 -1.250000238418579 -3.9500001668930054 -3.2400002479553223 -3.2400002479553223 -3.420000195503235 -0.6299999952316284 -0.6599999666213989 -0.6699999570846558 -0.7099999189376831 -0.5899999141693115 -0.6999999284744263 -0.6999999284744263 -0.3999999761581421 -0.6100000143051147
0 -1.690000295639038 -1.5600001811981201 -1.2200002670288086 -1.4700002670288086 -1.4800002574920654 -1.570000171661377 -1.570000171661377 -1.510000228881836 0 -1.3400001525878906 -1.3600001335144043 -1.3900001049041748 -1.6200001239776611 -1.6200001239776611 -1.3500001430511475 -1.3599998950958252 -1.2200000286102295 -1.3299999237060547 -0.009999752044677734 -1.0300002098083496 -4.660000190138817 -4.660000190138817 -0.3999999761581421 -0.7400000095367432 -0.3299999237060547 -2.069999933242798 -10.110000133514404 -4.810000190511346 -3.56000018119812 -3.56000018119812 -3.730000138282776 -3.830000162124634 -2.700000286102295 -3.080000162124634 -3.720000147819519 -0.25999999046325684 -0.25999999046325684 -0.31999993324279785 -1.1999999284744263 -0.7300000190734863 -0.24000000953674316 -0.7199999094009399 -0.9199999570846558 -0.6599999666213989 -0.6599999666213989 -0.6299999952316284 -0.3700000047683716
-1.4300003051757812 -1.2300002574920654 -1.5600001811981201 -1.260000228881836 -1.4600002765655518 -1.5600001811981201 -1.5600001811981201 -1.5400002002716064 -1.3500001430511475 -1.3500001430511475 -1.5500001907348633 -1.4600002765655518 0 -1.4300003051757812 -1.4300003051757812 -1.4100000858306885 -1.5300002098083496 -1.3900001049041748 -1.4300003051757812 0 -2.450000286102295 0 0 -0.8100000619888306 -2.860000044107437 -0.6899999976158142 -0.7000000178813934 -2.400000035762787 -4.464460134506226 -4.464460134506226 -1.7700000405311584 -1.0100000500679016 -1.0000000298023224 -0.7700000405311584 -0.19000005722045898 -0.19000005722045898 -0.9799999594688416 -0.9799999594688416 -1.3099999725818634 -1.879999965429306 -1.3299999833106995 -0.7300000190734863 0 -0.6499999761581421 -0.009999990463256836 -0.009999990463256836 -0.5899999141693115 -0.5799999237060547
-1.4900002479553223 -1.1500000953674316 -1.1700000762939453 -1.3400001525878906 -1.5300002098083496 -1.250000238418579 -1.250000238418579 -1.440000295639038 -1.3900001049041748 -1.3700001239776611 -1.3100001811981201 -1.5200002193450928 -1.6400001049041748 0 0 -1.7100002765655518 -1.3500001430511475 -1.5500001907348633 0 -2.580000162124634 -2.450000286102295 -3.6800001859664917 -3.6800001859664917 -2.850000023841858 -2.920000046491623 -1.7099999785423279 -1.5999999940395355 -1.6500000357627869 0 0 -6.579999923706055 -2.090000033378601 -0.940000057220459 -0.8500000238418579 -0.559999942779541 -0.7100000381469727 -1.5299999415874481 -1.5299999415874481 -1.1899999380111694 -1.4699999690055847 -2.849999964237213 -1.3499999642372131 -0.7300000190734863 -0.009999990463256836 -0.6099998950958252 -0.6099998950958252 -0.6399999856948853 -0.5699999332427979
-1.2400002479553223 -1.200000286102295 -1.2700002193450928 -1.4900002479553223 -1.8700003623962402 -4.330000191926956 -4.330000191926956 -2.4000003337860107 -1.4100000858306885 -1.260000228881836 -1.320000171661377 -1.3400001525878906 -1.6200003623962402 -1.4200000762939453 -1.4200000762939453 -1.380000114440918 -1.8600003719329834 0 -2.1700000762939453 -2.3500001430511475 -3.670000195503235 -5.360000193119049 -5.360000193119049 -1.8800000250339508 0 -1.9900000095367432 -1.3400000408291817 -0.800000011920929 -1.45000003837049 -1.45000003837049 -1.3499999791383743 -3.26999993622303 -6.119999885559082 -0.7299999594688416 -1.4799999445676804 -0.5 -0.559999942779541 -0.559999942779541 -0.5399999618530273 -2.2899999618530273 -1.309999942779541 -1.3799999356269836 -1.2799999713897705 -1.3899999260902405 -0.7400000095367432 -0.7400000095367432 -0.5 -0.5699999332427979
-1.1600000858306885 -1.500000238418579 -0.37000012397766113 -3 -3.090000033378601 -0.5699999332427979 -0.5699999332427979 -4.03000020980835 -4.780000191181898 -1.450000286102295 -1.3000001907348633 -2.56000018119812 -1.5200002193450928 -1.5500001907348633 -1.5500001907348633 -1.6700000762939453 0 -1.4800002574920654 -1.2100002765655518 -1.070000171661377 -1.7599998712539673 -3.46999990940094 -3.46999990940094 -2.0300000309944153 0 -1.7400000393390656 -1.510000042617321 -1.3000000417232513 0 0 -1.1800000369548798 -0.8800000548362732 -2.830000102519989 -4.70000022649765 -0.7300000786781311 -1.420000046491623 -1.1599999368190765 -1.1599999368190765 -1.559999942779541 -0.6799999475479126 -0.7599999308586121 -0.7199999690055847 -0.6599999666213989 -1.409999966621399 -1.209999918937683 -1.209999918937683 -0.7300000190734863 -0.5699999332427979
-4.640000194311142 -1.3700001239776611 -0.1400001049041748 -0.48000001907348633 -0.12000012397766113 -0.7899999618530273 -0.7899999618530273 -1.4100000858306885 -1.6400001049041748 -3.880000114440918 -3.2800002098083496 -4.710000187158585 -5.110000193119049 -1.450000286102295 -1.450000286102295 0 -1.2400002479553223 -1.3500001430511475 -1.9100000858306885 -5.400000214576721 -2.290000081062317 -1.9800000190734863 -1.9800000190734863 0 -1.0400000512599945 -1.3600000366568565 -1.3100000321865082 -1.510000042617321 -1.4400000385940075 -1.4400000385940075 -1.2900000363588333 -1.100000023841858 -1.0999999940395355 -1.3799999952316284 -4.989999949932098 -4.8600000739097595 -0.64000004529953 -0.64000004529953 -1.2600000500679016 -1.5299999415874481 -0.6299999952316284 -0.809999942779541 -0.09999990463256836 -1.4899999499320984 -1.4999999403953552 -1.4999999403953552 -0.7300000190734863 -0.7300000190734863
-1.5200002193450928 -1.3000001907348633 -0.08999991416931152 -0.23000001907348633 -0.38000011444091797 -0.7599999904632568 -0.7599999904632568 -1.6400001049041748 -1.5400002002716064 -2.3400001525878906 -1.6400001049041748 -1.9000003337860107 -2.0200002193450928 0 0 0 -2.2100002765655518 -2.6600000858306885 -4.660000190138817 -5.330000162124634 -1.920000046491623 -1.920000046491623 0 -1.8300000429153442 -0.940000057220459 -1.1600000262260437 -1.5500000417232513 -1.380000039935112 -1.350000038743019 -1.350000038743019 -1.3400000408291817 -1.5300000458955765 -1.0900000035762787 -0.7599999904632568 -0.5200000107288361 -5.040000140666962 -5.260000109672546 -5.260000109672546 -0.6800000667572021 -0.12000000476837158 -0.8399999737739563 -0.08999991416931152 -0.8699999451637268 -1.559999942779541 -1.2999999523162842 -1.2999999523162842 -1.4799999594688416 -1.4599999785423279
-1.5600001811981201 -1.580000400543213 -1.3900001049041748 -1.320000171661377 -1.3900001049041748 -1.5900001525878906 -1.5900001525878906 -1.3700001239776611 -1.3300001621246338 0 0 -1.5600001811981201 -0.9700002670288086 -1.190000295639038 -1.190000295639038 -3.8500002026557922 -1.9399999976158142 -2.209999978542328 -1.4799999594688416 -1.6800000071525574 -2.0200000405311584 -2.0200000405311584 0 -0.6100000236183405 -0.6300000324845314 -0.690000019967556 -0.33000001311302185 -0.7100000232458115 -0.42000001668930054 -0.42000001668930054 -1.120000034570694 -1.4900000374764204 -1.3900000378489494 -1.2900000363588333 -1.4900000002235174 -0.16999995708465576 -2.5399999618530273 -2.5399999618530273 -5.880000114440918 -1.0400000214576721 -1.0200000405311584 -0.8800000548362732 -0.1400001049041748 -1.1799999475479126 -1.1799999475479126 -0.949999988079071 -1.0999999642372131 -0.2200000286102295
-1.4900002479553223 -1.5477502346038818 -1.5500001907348633 -1.3000001907348633 -1.4300003051757812 -1.5800001621246338 -1.5800001621246338 -1.6200001239776611 0 -3.3600001335144043 -1.4000000953674316 -1.250000238418579 -1.250000238418579 -3.3900002241134644 -3.3900002241134644 -4.080000162124634 -1.3699999451637268 -1.6800000071525574 -2.150000035762787 -1.9800000190734863 -0.42159998416900635 -0.42159998416900635 -0.9200000166893005 -0.8500000163912773 -0.050000011920928955 -0.3400000035762787 -0.320000022649765 -0.49000001698732376 -0.48000001907348633 -0.48000001907348633 -1.2000000476837158 -1.5200000368058681 -1.380000039935112 -1.2800000309944153 -1.4800000376999378 -1.5200000368058681 -0.9700000286102295 -0.9700000286102295 -5.570000171661377 -4.169999837875366 0 -0.8800000548362732 -0.8800000548362732 -0.7999999523162842 -0.7999999523162842 -0.6599999666213989 -1.0199999809265137 -1.0999999642372131
-1.440000295639038 -1.2900002002716064 -1.3500001430511475 -1.3600001335144043 -1.3600001335144043 -1.3700001239776611 -1.3700001239776611 0 -1.3000001907348633 -3.720000147819519 -5.090000182390213 -3.570000171661377 -3.1200002431869507 -3.410000205039978 -3.410000205039978 -4.970000192523003 -1.3199999630451202 -1.8199999928474426 -1.9800000190734863 -0.4200000762939453 -1.4800000488758087 -1.4800000488758087 -0.8500000238418579 -0.13999998569488525 -0.320000022649765 -0.3700000196695328 -0.1900000274181366 -0.6400000229477882 -0.3700000196695328 -0.3700000196695328 -1.5700000450015068 -1.370000034570694 -1.4700000379234552 -1.3900000378489494 -1.5800000354647636 -1.8200000524520874 -1.199999988079071 -1.199999988079071 -1.5099999997764826 -5.650000095367432 -4.319999933242798 -0.6600000858306885 -0.6299999952316284 -0.9199999570846558 -0.9199999570846558 -0.4099999666213989 -0.85999995470047 -1.0299999713897705
-1.2900002002716064 -1.3000001907348633 -1.3700001239776611 -1.570000171661377 -1.250000238418579 0 0 -1.3100001811981201 -1.5200002193450928 -1.5500000715255737 -3.4700001180171967 -1.7300000488758087 0 -1.4600000381469727 -1.4600000381469727 -1.870000034570694 -0.20000001043081284 -0.0299999937415123 -0.26999998092651367 -1.3000000417232513 -0.320000022649765 -0.320000022649765 -0.9600000232458115 -0.550000011920929 -0.6700000166893005 -0.9800000004470348 -0.7699999958276749 -0.8599999994039536 -0.7400000095367432 -0.7400000095367432 -1.1499999910593033 -1.2899999916553497 -0.9300000071525574 -1.1299999952316284 -1.1400000154972076 -0.3999999761581421 -0.5200000405311584 -0.5200000405311584 -1.1200000047683716 -0.16999995708465576 -5.2200000286102295 -5.750000238418579 -0.7800000309944153 -0.2200000286102295 -0.2200000286102295 -0.6399999856948853 -0.949999988079071 -0.6299999952316284
-1.3900001049041748 -1.4700002670288086 -1.4100000858306885 -1.2700002193450928 -1.130000114440918 -1.690000295639038 -1.690000295639038 -0.21000003814697266 -0.29000020027160645 -1.6900000423192978 -1.9600000381469727 -0.019999980926513672 -0.5600000023841858 -0.5600000023841858 0 0 -1.2900000363588333 -1.8100000321865082 0 -1.45000003837049 -0.7400000132620335 -0.7400000132620335 -0.850000012665987 -2.380000054836273 -0.9200000166893005 -1.0600000023841858 -1.0799999982118607 -0.699999988079071 -0.7699999958276749 -0.7699999958276749 -0.9199999868869781 -1.2599999979138374 -1.3599999956786633 -0.9699999988079071 -1.3300000131130219 -1.0000000298023224 -0.4099999666213989 -0.4099999666213989 -1.050000011920929 -1.1599999964237213 -0.9900000095367432 -5.040000081062317 -2.149999976158142 -1.0299999713897705 -1.0299999713897705 -0.6399999856948853 -0.6699999570846558 -0.08000004291534424
-1.5400002002716064 -1.2900002002716064 -1.4100000858306885 -1.200000286102295 -1.9300003051757812 -2.900000214576721 -2.900000214576721 -2.0500000715255737 -2.53000009059906 -2.050000011920929 -0.009999990463256836 -1.1100000143051147 -1.2400000244379044 -1.2400000244379044 -1.070000022649765 -1.5300000309944153 -1.100000023841858 -0.7800000309944153 -1.370000034570694 -1.3300000429153442 -0.3400000035762787 -0.3400000035762787 -0.8799999952316284 -0.5200000032782555 -0.32999999821186066 -0.699999988079071 -0.9399999901652336 -0.8899999856948853 -0.13999998569488525 -0.13999998569488525 -0.7200000286102295 -0.5 0 -0.8700000047683716 -0.44999998807907104 -0.7299999892711639 -0.7299999892711639 -0.5099999904632568 -0.4399999678134918 -1.4300000220537186 -1.320000022649765 -1.7600000202655792 -5.430000066757202 -5.309999942779541 -5.309999942779541 -0.3399999141693115 -0.9500000476837158 -0.8100000023841858
-4.750000189989805 -3.0200002193450928 -2.0900001525878906 -2.4900002479553223 -3.2499998807907104 -3.509999930858612 -3.509999930858612 -0.5999999642372131 -1.3899999856948853 -1.9500000178813934 -0.4177299737930298 -1.4700000286102295 -1.2600000202655792 -1.2600000202655792 -1.2400000244379044 -1.1600000262260437 -1.500000037252903 -1.540000043809414 -1.3400000408291817 -1.660000041127205 -0.5700000021606684 -0.5700000021606684 -0.7800000011920929 -0.27000001072883606 -0.030000030994415283 -0.6799999922513962 -0.5699999928474426 -0.9999999925494194 -0.699999988079071 -0.699999988079071 -0.9300000071525574 -0.9799999892711639 -0.8299999833106995 -1.25 -0.24000000953674316 -0.3199999928474426 -0.3199999928474426 -0.3699999749660492 -0.5999999791383743 -1.3400000184774399 -1.2500000149011612 -0.019999980926513672 -0.9100000262260437 -5.949999809265137 -5.949999809265137 -1.1799999475479126 -1.1200000047683716 -0.9800000190734863
