SimulationData/Scenarios/Waterwolf/Flooding/Uitdammerdijk/360.asc
ncols        561
nrows        278
xllcorner    4.817258165162
yllcorner    52.370746892638
cellsize     0.000511251697
NODATA_value  -9999
[rows 231 to 251 of 278, columns 336 to 383 of 561]
-0.1711864471435547 -0.18118643760681152 -0.18118643760681152 -0.19118642807006836 -0.27118635177612305 -0.1711864471435547 -0.21118640899658203 -0.2614554166793823 -0.34145545959472656 -0.471455454826355 -0.471455454826355 -0.6814554333686829 -0.3014554977416992 -0.3014554977416992 -0.04145550727844238 -0.3314554691314697 -0.21631073951721191 -0.21631073951721191 -0.3163107633590698 -0.1863107681274414 -0.016310691833496094 -0.1863107681274414 -0.20631074905395508 -0.06631076335906982 -0.05631077289581299 -0.05631077289581299 0.03116893768310547 0.09116888046264648 0.09116888046264648 0.07116889953613281 0.14116895198822021 0.08116888999938965 -0.04883110523223877 -0.04883110523223877 0.011168956756591797 -0.016021251678466797 -0.026021242141723633 0.06397879123687744 -0.03602123260498047 -0.026021242141723633 -0.026021242141723633 0.14397871494293213 0.14397871494293213 0.003978729248046875 -0.1464395523071289 0.0035604238510131836 0.1335604190826416 0.1335604190826416
-0.3313283920288086 -0.35132837295532227 -0.35132837295532227 -0.24132847785949707 -0.3013284206390381 -0.3013284206390381 -0.3713284730911255 -0.690000057220459 -0.8700000047683716 -0.8700000047683716 -0.5800000429153442 -1.0600000023841858 -0.75 -0.440000057220459 -0.440000057220459 -0.440000057220459 -0.787632942199707 -0.787632942199707 -0.36763298511505127 -0.3376328945159912 -0.23763298988342285 -0.23763298988342285 -0.6476329565048218 -0.48763298988342285 -0.3976329565048218 -0.3976329565048218 0.05360770225524902 0.05360770225524902 0.04360771179199219 0.06360769271850586 0.11360776424407959 0.1436077356338501 0.05360770225524902 0.05360770225524902 0.61360764503479 -0.07831108570098877 -0.07831108570098877 -0.07831108570098877 -0.47831106185913086 -0.02831101417541504 -0.02831101417541504 -0.0583111047744751 -0.038311004638671875 -0.2083110809326172 -0.16835832595825195 0.08164167404174805 0.08164167404174805 0.08164167404174805
-0.22132837772369385 -0.14132845401763916 -0.14132845401763916 -0.19132840633392334 -0.1813284158706665 0.2786715030670166 0.2786715030670166 -1.1299999952316284 -0.9399999380111694 -0.9399999380111694 -0.440000057220459 -1.050000011920929 -0.7200000286102295 -0.6499999761581421 -0.5099999904632568 -0.5099999904632568 -0.3376328945159912 -0.3376328945159912 -0.3376328945159912 -0.22763288021087646 0.20236706733703613 -0.1576329469680786 0.20236706733703613 -0.3976329565048218 -0.4276329278945923 -0.4276329278945923 -0.006392240524291992 -0.1463923454284668 0.1036076545715332 0.1036076545715332 -0.05639231204986572 0.12360775470733643 0.06360769271850586 0.06360769271850586 0.04360771179199219 -0.06831109523773193 -0.07831108570098877 -0.518311083316803 -0.10831105709075928 -0.02831101417541504 -0.02831101417541504 0.011688947677612305 0.061688899993896484 -0.12831103801727295 -0.10835826396942139 -0.16835832595825195 0.08164167404174805 0.08164167404174805
-0.42132842540740967 -0.24132847785949707 -0.24132847785949707 -0.211328387260437 -0.34132838249206543 -0.5613284111022949 -0.7313284873962402 -1.6300000250339508 -2.4600000083446503 -2.4600000083446503 -1.7100000083446503 -0.690000057220459 -0.6200000047683716 -0.6200000047683716 -0.5299999713897705 -0.49000000953674316 -0.29763293266296387 -0.29763293266296387 -0.31763291358947754 0.20236706733703613 -0.3076329231262207 -0.2776329517364502 -0.23763298988342285 -0.31763291358947754 -0.34763288497924805 -0.34763288497924805 0.5436077117919922 -0.016392230987548828 -0.016392230987548828 0.05360770225524902 -0.016392230987548828 -0.15639233589172363 -0.15639233589172363 0.1036076545715332 0.1036076545715332 -0.47831106185913086 -0.2083110809326172 -0.09831106662750244 -0.09831106662750244 0.08168888092041016 0.08168888092041016 -0.07831108570098877 -0.07831108570098877 -0.12831103801727295 -0.11835825443267822 0.08164167404174805 0.08164167404174805 0.08164167404174805
-0.23132848739624023 -0.23132848739624023 -0.23132848739624023 -0.23132848739624023 -0.22132837772369385 0.20867156982421875 -0.5313284397125244 -0.7999999523162842 -1.4500000476837158 -1.4500000476837158 -0.809999942779541 -0.809999942779541 -0.7999999523162842 -0.690000057220459 -0.6100000143051147 -0.5 -0.3276329040527344 -0.3276329040527344 -0.28763294219970703 -0.36763298511505127 -0.2776329517364502 -0.2576329708099365 -0.26763296127319336 -0.2576329708099365 -0.027632951736450195 -0.027632951736450195 0.023607730865478516 0.11360776424407959 0.03360772132873535 0.5436077117919922 -0.03639233112335205 0.03360772132873535 0.03360772132873535 0.1036076545715332 0.01360774040222168 -0.038311004638671875 -0.0883110761642456 -0.10831105709075928 0.08168888092041016 -0.0883110761642456 -0.0883110761642456 -0.06831109523773193 -0.0883110761642456 0.08168888092041016 0.08164167404174805 0.08164167404174805 0.08164167404174805 0.08164167404174805
-0.42132842540740967 -0.32132840156555176 -0.32132840156555176 -0.3013284206390381 -0.2513284683227539 -0.3313283920288086 -0.401328444480896 -0.7699999809265137 -0.7000000476837158 -0.7000000476837158 -0.440000057220459 -0.9800000190734863 -0.48000001907348633 -0.6299999952316284 -0.5199999809265137 -0.21000003814697266 -0.3276329040527344 -0.3276329040527344 -0.23763298988342285 -0.1576329469680786 -0.29763293266296387 0.20236706733703613 -0.3076329231262207 -0.19763290882110596 -0.28763294219970703 -0.28763294219970703 0.11360776424407959 0.13360774517059326 0.13360774517059326 0.03360772132873535 -0.006392240524291992 -0.006392240524291992 -0.006392240524291992 0.0736076831817627 0.5436077117919922 -0.2383110523223877 -0.09831106662750244 -0.008311033248901367 -0.24831104278564453 -0.18831110000610352 -0.18831110000610352 -0.09831106662750244 -0.24831104278564453 -0.10831105709075928 0.08164167404174805 0.08164167404174805 0.08164167404174805 0.08164167404174805
-0.35132837295532227 -0.35132837295532227 -0.23132848739624023 -0.36132848262786865 -0.29132843017578125 -0.24132847785949707 -0.4513283967971802 -0.7300000190734863 -0.7200000286102295 -0.7200000286102295 -0.6799999475479126 -0.6299999952316284 -0.7899999618530273 -0.6399999856948853 -0.8200000524520874 -0.3999999761581421 -0.3076329231262207 -0.3076329231262207 -0.5076329708099365 -0.3976329565048218 -0.38763296604156494 -0.3976329565048218 -0.4576328992843628 -0.18763291835784912 -0.3576328754425049 -0.3576328754425049 0.01360774040222168 0.5436077117919922 -0.05639231204986572 0.0036077499389648438 0.0036077499389648438 -0.026392340660095215 -0.026392340660095215 0.18360769748687744 0.01360774040222168 -0.09831106662750244 -0.04831111431121826 0.08168888092041016 -0.14831101894378662 0.08168888092041016 0.08168888092041016 0.08168888092041016 -0.17831110954284668 -0.17831110954284668 -0.14835822582244873 0.08164167404174805 0.018177151679992676 0.018177151679992676
-0.6006946563720703 -0.6006946563720703 -0.6606947183609009 -0.6106946468353271 -0.48069465160369873 -0.43069469928741455 -0.560694694519043 -0.6499999761581421 -0.6399999856948853 -0.6399999856948853 -0.7699999809265137 -0.5900000333786011 -0.9700000286102295 -0.440000057220459 -0.5900000333786011 -0.7599999904632568 -0.6539928913116455 -0.6539928913116455 -0.8239928483963013 -0.32399284839630127 -0.6339929103851318 -0.4839928150177002 -0.4239928722381592 -0.8139928579330444 -0.5039927959442139 -0.5039927959442139 -0.057299256324768066 -0.017299294471740723 -0.007299304008483887 -0.037299275398254395 0.0027006864547729492 0.03270065784454346 0.03270065784454346 0.0027006864547729492 -0.15729928016662598 -0.252477765083313 0.007522225379943848 -0.2824777364730835 -0.252477765083313 -0.10247766971588135 -0.10247766971588135 0.007522225379943848 0.007522225379943848 0.007522225379943848 0.018177151679992676 0.018177151679992676 0.018177151679992676 0.018177151679992676
-0.46069467067718506 -0.46069467067718506 -0.7106946706771851 -0.7406946420669556 -0.4106947183609009 -0.4506946802139282 -0.5306947231292725 -0.6299999952316284 -0.7599999904632568 -0.7599999904632568 -0.6699999570846558 -0.6200000047683716 -0.8600000143051147 -0.7000000476837158 -0.5099999904632568 -0.49000000953674316 -0.3639928102493286 -0.3639928102493286 -0.47399282455444336 -0.29399287700653076 0.05600714683532715 -0.47399282455444336 -0.47399282455444336 -0.49399280548095703 -0.49399280548095703 -0.4839928150177002 0.20270073413848877 -0.017299294471740723 -0.02729928493499756 0.10270071029663086 -0.04729926586151123 -0.06729936599731445 -0.06729936599731445 -0.3572993278503418 -0.1672992706298828 -0.2124776840209961 -0.312477707862854 0.007522225379943848 -0.24247777462005615 -0.2624777555465698 -0.2624777555465698 -0.22247767448425293 0.007522225379943848 0.007522225379943848 0.018177151679992676 0.018177151679992676 0.018177151679992676 0.018177151679992676
-0.37069475650787354 -0.37069475650787354 -0.6006946563720703 -0.5806946754455566 -0.5206947326660156 -0.5706946849822998 -1.0006946921348572 -0.7100000381469727 -0.5800000429153442 -0.5800000429153442 -0.4299999475479126 -0.5099999904632568 -0.25999999046325684 -0.690000057220459 -0.5800000429153442 -0.559999942779541 -0.3639928102493286 -0.3639928102493286 -0.5039927959442139 -0.4639928340911865 -0.4039928913116455 -0.37399280071258545 -0.2039928436279297 -0.3339928388595581 -0.3339928388595581 -0.683992862701416 0.04270064830780029 0.07270073890686035 0.502700686454773 0.02270066738128662 -0.04729926586151123 -0.2572993040084839 -0.2572993040084839 -0.07729935646057129 -0.15729928016662598 -0.6224777102470398 0.007522225379943848 0.007522225379943848 0.007522225379943848 0.007522225379943848 0.007522225379943848 0.007522225379943848 0.007522225379943848 0.007522225379943848 0.018177151679992676 0.018177151679992676 0.018177151679992676 0.018177151679992676
-0.5906946659088135 -0.5906946659088135 -0.48069465160369873 -0.3906947374343872 -0.31069469451904297 -0.5806946754455566 -0.37069475650787354 -0.75 -0.6100000143051147 -0.6100000143051147 -0.440000057220459 -0.4299999475479126 -0.4299999475479126 -0.6200000047683716 -0.5900000333786011 -0.49000000953674316 -0.3339928388595581 -0.3339928388595581 -0.5039927959442139 -0.4639928340911865 -0.4039928913116455 -0.5539928674697876 -1.0439928770065308 -0.7239928245544434 -0.7239928245544434 -0.38399291038513184 -0.057299256324768066 -0.11729931831359863 0.03270065784454346 0.09270071983337402 0.08270072937011719 -0.15729928016662598 -0.15729928016662598 -0.1672992706298828 0.06270062923431396 -0.2824777364730835 -0.18247771263122559 -0.16247773170471191 -0.16247773170471191 0.007522225379943848 0.007522225379943848 0.007522225379943848 0.007522225379943848 0.007522225379943848 0.018177151679992676 0.018177151679992676 0.018177151679992676 0.018177151679992676
-0.6206947565078735 -0.6206947565078735 -0.4406946897506714 -0.5206947326660156 -0.5206947326660156 -0.4106947183609009 -0.40069472789764404 -0.6100000143051147 -0.48000001907348633 -0.48000001907348633 -0.38999998569488525 -0.5299999713897705 -0.5299999713897705 -0.559999942779541 0 -0.5499999523162842 -0.49399280548095703 -0.49399280548095703 -0.4539928436279297 0.05600714683532715 -0.4639928340911865 -0.5239928960800171 -0.5039927959442139 -0.4639928340911865 -0.4639928340911865 -0.4839928150177002 -0.11729931831359863 -0.007299304008483887 0.04270064830780029 -0.007299304008483887 -0.07729935646057129 -0.14729928970336914 -0.14729928970336914 0.06270062923431396 -0.07729935646057129 -0.22247767448425293 -0.17247772216796875 -0.16247773170471191 0.007522225379943848 0.007522225379943848 0.007522225379943848 0.007522225379943848 0.007522225379943848 0.007522225379943848 0.018177151679992676 0.018177151679992676 0.018177151679992676 0.018177151679992676
-1.0400000214576721 -1.0400000214576721 -0.3500000238418579 -0.4639087915420532 -0.5439087152481079 -0.5039087533950806 -0.5439087152481079 -0.7100000381469727 -0.6699999570846558 -0.6699999570846558 -0.5900000333786011 -0.6200000047683716 -0.5700000524520874 -0.5499999523162842 -0.5 -0.5099999904632568 -0.4584394693374634 -0.4584394693374634 -0.4684394598007202 -0.47843945026397705 -0.47843945026397705 -0.4380878210067749 -0.4680877923965454 -0.4580878019332886 -0.4580878019332886 -0.44808781147003174 -0.1048433780670166 0.01515662670135498 -0.0348433256149292 -0.1048433780670166 -0.14430701732635498 0.015692949295043945 0.015692949295043945 -0.09430694580078125 -0.2743070125579834 -0.2799999713897705 -0.440000057220459 -0.060000061988830566 -0.060000061988830566 -0.2999999523162842 -0.2999999523162842 -0.060000061988830566 -0.060000061988830566 -0.060000061988830566 -0.07620656490325928 -0.07620656490325928 -0.07620656490325928 -0.07620656490325928
-0.48000001907348633 -0.48000001907348633 -0.3200000524520874 -0.5139087438583374 -0.573908805847168 -0.5139087438583374 -0.5239087343215942 -0.7000000476837158 -0.6399999856948853 -0.6399999856948853 -0.5199999809265137 -0.5900000333786011 -0.6599999666213989 -0.3500000238418579 -0.6799999475479126 -0.04999995231628418 -0.04999995231628418 -0.5284394025802612 -0.5284394025802612 -0.4684394598007202 -0.4984394311904907 -0.4980877637863159 -0.26808786392211914 0.0619121789932251 0.0619121789932251 -0.4680877923965454 -0.34484338760375977 0.01515662670135498 0.0051566362380981445 -0.09484338760375977 -0.41430699825286865 0.015692949295043945 0.015692949295043945 -0.2443070411682129 -0.19430696964263916 -0.3200000524520874 -0.3200000524520874 -0.3500000238418579 -0.3200000524520874 -0.2200000286102295 -0.2200000286102295 -0.060000061988830566 -0.060000061988830566 -0.060000061988830566 -0.07620656490325928 -0.07620656490325928 -0.07620656490325928 -0.07620656490325928
-0.6000000238418579 -0.6000000238418579 -0.5199999809265137 -0.5239087343215942 -0.5139087438583374 -0.5139087438583374 -0.5239087343215942 -0.559999942779541 -0.6699999570846558 -0.6699999570846558 -0.6499999761581421 -0.6100000143051147 -0.5800000429153442 -0.5800000429153442 -0.5099999904632568 -0.5199999809265137 -0.5199999809265137 -0.5084394216537476 -0.37843942642211914 -0.40843939781188965 -0.5484393835067749 -0.4580878019332886 -0.6480878591537476 -0.5080878734588623 -0.5080878734588623 -0.9280878305435181 -0.19484341144561768 -0.22484338283538818 -0.15484333038330078 -0.12484335899353027 -0.13430702686309814 -0.054306983947753906 -0.054306983947753906 -0.07430696487426758 -0.13430702686309814 -0.23000001907348633 -0.3400000333786011 -0.25999999046325684 -0.3200000524520874 -0.440000057220459 -0.440000057220459 -0.3500000238418579 -0.3400000333786011 -0.060000061988830566 -0.07620656490325928 -0.07620656490325928 -0.07620656490325928 -0.07620656490325928
-0.559999942779541 -0.559999942779541 -0.5199999809265137 -0.48000001907348633 -0.440000057220459 -0.49000000953674316 -0.6200000047683716 -0.5199999809265137 -0.7100000381469727 -0.7100000381469727 -0.809999942779541 -0.4099999666213989 -0.1700000762939453 -0.16000008583068848 -0.18000006675720215 -0.24000000953674316 -0.24000000953674316 0.00003039836883544922 -0.5199695825576782 -0.6399999856948853 -0.5499999523162842 -0.5632230043411255 -0.5632230043411255 -0.5199999809265137 -0.5199999809265137 -0.25999999046325684 -0.7090436220169067 -0.5990437269210815 -0.5190436840057373 -0.49904370307922363 -0.019423723220825195 -0.0494236946105957 -0.0494236946105957 -0.18942368030548096 -0.18942368030548096 -0.25999999046325684 -0.19000005722045898 -0.5900000333786011 -0.26999998092651367 -0.26999998092651367 -0.25999999046325684 -0.28999996185302734 -0.21000003814697266 -0.060000061988830566 -0.07620656490325928 -0.07620656490325928 -0.07620656490325928 -0.07620656490325928
-0.5199999809265137 -0.5199999809265137 -0.49000000953674316 -0.4700000286102295 -0.41999995708465576 -0.48000001907348633 -0.46000003814697266 -0.6100000143051147 -0.5199999809265137 -0.5199999809265137 -0.6699999570846558 -0.5900000333786011 -0.36000001430511475 -0.31000006198883057 -0.36000001430511475 -0.30000007152557373 -0.30000007152557373 -0.5199999809265137 -0.2799999713897705 -1.2100000381469727 -1.2000000476837158 -1.2043585777282715 -1.3443585634231567 -0.5499999523162842 -0.5499999523162842 -0.5199999809265137 -0.5090436935424805 -0.5590436458587646 -0.5490436553955078 -0.34904372692108154 -0.11942362785339355 -0.09942364692687988 -0.09942364692687988 -0.1494237184524536 -0.1494237184524536 -0.28999996185302734 -0.36000001430511475 -0.24000000953674316 -0.26999998092651367 -0.26999998092651367 -0.15999996662139893 -0.48000001907348633 -0.33000004291534424 -0.2799999713897705 -0.4462064504623413 -0.07620656490325928 -0.07620656490325928 -0.07620656490325928
-0.5900000333786011 -0.5900000333786011 -0.559999942779541 -0.38999998569488525 -0.41999995708465576 -0.4500000476837158 -0.5199999809265137 -0.5399999618530273 -0.5399999618530273 -0.5399999618530273 -0.5099999904632568 -0.6399999856948853 -0.33000004291534424 -0.36000001430511475 -0.28000009059906006 -0.21000003814697266 -0.21000003814697266 -0.5399999618530273 -0.4700000286102295 -1.4100000858306885 -0.9100000858306885 -0.7043585777282715 -1.4643585681915283 -0.019999980926513672 -0.019999980926513672 -0.5099999904632568 -0.5690436363220215 -0.5290436744689941 -0.6090437173843384 -0.40904366970062256 -0.1994236707687378 -0.1994236707687378 -0.1994236707687378 -0.019423723220825195 -0.17942368984222412 -0.26999998092651367 -0.21000003814697266 -0.0700000524520874 -0.24000000953674316 -0.24000000953674316 -0.25999999046325684 -0.2200000286102295 -0.3500000238418579 -0.2799999713897705 -0.3162064552307129 -0.2662065029144287 -0.07620656490325928 -0.07620656490325928
-0.5099999904632568 -0.5099999904632568 -0.4700000286102295 -0.4500000476837158 -0.5700000524520874 -0.3500000238418579 -0.5299999713897705 -0.5199999809265137 -0.5199999809265137 -0.5499999523162842 -1.309999942779541 -1.399999976158142 -2.190000057220459 -2.450000047683716 -1.2799999713897705 -1.5899999141693115 -1.5899999141693115 -1.75 -1.2400000095367432 -0.7000000476837158 -0.49000000953674316 -0.43000006675720215 -0.6800000667572021 -1.3599998950958252 -1.3599998950958252 -1.9700000286102295 -0.6200001239776611 -0.9100000858306885 -0.19999992847442627 -0.38999998569488525 -0.5299999713897705 -0.25 -0.25 -0.38999998569488525 -0.31999993324279785 -0.3700000047683716 -0.19000005722045898 -0.060000061988830566 -0.3700000047683716 -0.3700000047683716 -0.2799999713897705 -0.23000001907348633 -0.25999999046325684 -0.38999998569488525 -0.3714284896850586 -0.05142843723297119 -0.17142844200134277 -0.17142844200134277
-1.7300000190734863 -1.7300000190734863 -1.5799999237060547 -1.2200000286102295 -1.1500000953674316 -1.1700000762939453 -1.3399999141693115 -1.3700001239776611 -1.3700001239776611 -1.2300000190734863 0 -0.25999999046325684 -0.809999942779541 -0.7000000476837158 -0.7899999618530273 -0.7799999713897705 -0.7799999713897705 -0.7999999523162842 -0.7200000286102295 -0.9500000476837158 -0.7799999713897705 -0.2799999713897705 -0.46000003814697266 -0.7000002861022949 -0.7000002861022949 -1.0500000715255737 -0.44999992847442627 -0.5999999046325684 -0.46999990940093994 -0.2399998903274536 -0.31999993324279785 -0.3599998950958252 -0.3599998950958252 -0.3399999141693115 -0.38999998569488525 -0.3200000524520874 -0.33000004291534424 -0.25 -0.2799999713897705 -0.2799999713897705 -0.3200000524520874 -0.20000004768371582 -0.060000061988830566 -0.3500000238418579 -0.6914284229278564 -0.2814284563064575 -0.48142850399017334 -0.48142850399017334
-0.559999942779541 -0.559999942779541 -0.5299999713897705 -0.5099999904632568 -0.48000001907348633 -0.4700000286102295 -0.3399999141693115 -0.3399999141693115 -0.3399999141693115 -0.2999999523162842 -0.49000000953674316 -0.5399999618530273 -0.7400000095367432 -0.8399999141693115 -0.7899999618530273 -0.809999942779541 -0.809999942779541 -0.7799999713897705 -0.6600000858306885 -0.3900001049041748 -0.6400001049041748 -0.4100000858306885 -0.6500000953674316 -1.5500000715255737 -1.5500000715255737 -1.6800000667572021 -0.41999995708465576 0 -0.34999990463256836 -0.25 -0.06999993324279785 -0.06999993324279785 -0.3599998950958252 -0.3399999141693115 -0.3299999237060547 -0.36000001430511475 -0.28999996185302734 -0.28999996185302734 -0.31000006198883057 -0.31000006198883057 -0.26999998092651367 -0.3999999761581421 -0.21000003814697266 -0.25999999046325684 -0.7214285135269165 -1.53142848610878 -4.551428556442261 -4.551428556442261
