SimulationData/Scenarios/Waterwolf/Flooding/Uitdammerdijk/420.asc
ncols        561
nrows        278
xllcorner    4.817258165162
yllcorner    52.370746892638
cellsize     0.000511251697
NODATA_value  -9999
[rows 110 to 131 of 278, columns 96 to 143 of 561]
-0.5799999237060547 -0.5699999332427979 -0.6299999952316284 -0.3700000047683716 -0.8799999356269836 -0.8799999356269836 -0.8899999260902405 -0.33000004291534424 -0.23000001907348633 -0.12000000476837158 -0.12000000476837158 -0.24000000953674316 -0.36000001430511475 -0.36000001430511475 -0.24000000953674316 -0.009999990463256836 -0.5800000429153442 -0.7799999713897705 -0.25 -0.44999998807907104 -0.44999998807907104 -1.4900000095367432 -1.6399999856948853 -1.5 -1.050000011920929 0 -0.8799999356269836 -1.329999953508377 -1.329999953508377 -1.0799999237060547 -1.2199999690055847 -1.3499999642372131 -0.9399999380111694 0 0 0 0 0 0 0 0 0 0 0 0 0 0 0
-0.7499999403953552 -1.1399999856948853 -0.9199999570846558 -1.009999930858612 -0.5799999237060547 -0.5799999237060547 -0.7399998903274536 -0.48000001907348633 -0.12000000476837158 -0.12000000476837158 -0.3400000333786011 -0.38999998569488525 -0.24000000953674316 -0.24000000953674316 -0.5499999523162842 -1.1399999856948853 -1.0099999904632568 -0.9500000476837158 -0.2799999713897705 -0.21999990940093994 -0.21999990940093994 -0.9800000190734863 -0.5299999713897705 -1.5 -1.2799999713897705 -0.7899999618530273 0 0 0 0 0 -1.149999976158142 -0.309999942779541 0 0 0 0 0 0 0 0 0 0 0 0 0 0 0
-0.9299999475479126 -0.7399999499320984 -1.0399999618530273 -1.2199999392032623 -1.0899999737739563 -1.0899999737739563 -0.5499999523162842 -0.5 -0.5399999618530273 -0.44999992847442627 -0.49000000953674316 -0.3999999761581421 -0.18999993801116943 -0.18999993801116943 -0.5499999523162842 0 -0.7400000095367432 -0.7200000286102295 -0.7000000476837158 0 0 -1.6799998879432678 -1.8799998760223389 -0.9599999189376831 -1.6599999070167542 -1.10999995470047 -1.0799999237060547 0 0 0 0 0 0 0 0 0 0 0 0 0 0 0 0 0 0 0 0 0
-0.3700000047683716 -0.559999942779541 -1.0199999809265137 -1.2999999821186066 -0.16999995708465576 -0.16999995708465576 -0.07999992370605469 -0.009999990463256836 -0.19999992847442627 -0.38999998569488525 -0.41999995708465576 -0.009999990463256836 -0.0700000524520874 -0.0700000524520874 -1.5999999940395355 -0.7000000476837158 -0.6399999856948853 -0.440000057220459 -0.8300000429153442 -1.0799999833106995 -1.0799999833106995 -1.5899999141693115 -1.4299999475479126 -1.8899999260902405 -2.0299999117851257 -1.2699999809265137 -1.3199999630451202 -1.4199999570846558 -1.4199999570846558 -1.2299999594688416 0 0 0 0 0 0 0 0 0 0 0 0 0 0 0 0 0 0
-0.4799998998641968 -0.5099999904632568 -1.0999999046325684 -1.0999999642372131 -0.16999995708465576 -0.16999995708465576 -0.3700000047683716 -0.19999992847442627 -0.25999999046325684 -0.2999999523162842 -0.19999992847442627 -0.26999998092651367 -0.009999990463256836 -0.009999990463256836 -1.6399999856948853 -0.7599999904632568 -0.7000000476837158 -0.7899999618530273 -0.7999999523162842 -0.9900000095367432 -0.9900000095367432 -1.529999852180481 -1.5099998712539673 -1.759999930858612 -2.1299999058246613 -1.2999999523162842 -1.3899999558925629 -1.259999930858612 -1.259999930858612 0 0 0 0 0 0 0 0 0 0 0 0 0 0 0 0 0 0 0
-0.16999995708465576 -0.5099999904632568 -0.800000011920929 -0.6800000071525574 -0.6000000238418579 -1.1200000047683716 -0.039999961853027344 -0.15000009536743164 -0.009999990463256836 -0.30000007152557373 -0.09000003337860107 -0.7200000286102295 -0.7200000286102295 -0.5099999904632568 -1.1700000166893005 -0.7599999904632568 -0.7400000095367432 -0.75 -0.9900000095367432 -1.1200000047683716 -1.1200000047683716 -1.6999999284744263 -2.249999910593033 -2.0499998927116394 -2.069999933242798 -1.8299999237060547 -1.4799998998641968 -1.6799998879432678 -1.6799998879432678 -0.7999999523162842 -0.7999999523162842 -0.7999999523162842 -0.7999999523162842 -0.7999999523162842 0 0 0 0 0 0 0 0 0 0 0 0 0 0
-0.7400000095367432 -0.16999995708465576 -0.16999995708465576 -0.699999988079071 -0.9100000262260437 -0.9100000262260437 -0.3700000047683716 -0.009999990463256836 -0.6000000238418579 -0.060000061988830566 -0.009999990463256836 -0.6200000047683716 -0.6200000047683716 -0.16999995708465576 -0.5499999523162842 -0.3500000238418579 -0.7000000476837158 -1.100000023841858 -1.2200000286102295 -1.0299999713897705 -1.0299999713897705 -1.7399998903274536 -2.0299999117851257 -1.8299999237060547 -1.9399998784065247 -1.6899998784065247 -0.7999999523162842 -0.7999999523162842 -0.7999999523162842 -0.7999999523162842 -0.7999999523162842 -0.7999999523162842 -0.7999999523162842 -0.7999999523162842 0 0 0 0 0 0 0 0 0 0 0 0 0 0
-0.16999995708465576 -0.16999995708465576 -0.16999995708465576 -0.16999995708465576 -0.9399999976158142 -0.9399999976158142 -0.5600000619888306 -0.3500000238418579 -0.550000011920929 -0.25 -0.5000000596046448 -0.19000005722045898 -0.19000005722045898 -0.12000000476837158 -0.5499999523162842 -0.6599999666213989 -0.5399999618530273 -1.0099999904632568 -1.050000011920929 -1.2300000190734863 -1.2300000190734863 -1.6899998784065247 -1.959999918937683 -1.9899998903274536 -1.8199999332427979 -1.6599999070167542 -0.7999999523162842 -0.7999999523162842 -0.7999999523162842 -0.7999999523162842 -0.7999999523162842 -0.7999999523162842 -0.7999999523162842 -0.7999999523162842 0 0 0 0 0 0 0 0 0 0 0 0 0 0
-0.36000001430511475 -0.4299999475479126 -0.26999998092651367 -0.16999995708465576 -0.6399999856948853 -0.6399999856948853 -0.6000000238418579 -0.3200000524520874 -0.38999998569488525 -0.20000004768371582 -0.12999999523162842 -0.08000004291534424 -0.08000004291534424 -0.31000006198883057 -0.5499999523162842 -1.5099999904632568 -0.49000000953674316 -0.5199999809265137 -0.6599999666213989 -0.8500000238418579 -0.8500000238418579 -0.9899998903274536 -1.919999897480011 -1.9999998807907104 -1.7499998807907104 -1.6099998950958252 -0.7999999523162842 -0.7999999523162842 -0.7999999523162842 -0.7999999523162842 -0.7999999523162842 -0.7999999523162842 -0.7999999523162842 -0.7999999523162842 0 0 0 0 0 0 0 0 0 0 0 0 0 0
-0.3500000238418579 -0.2799999713897705 -0.25999999046325684 -0.16999995708465576 -0.440000057220459 -0.440000057220459 -0.6800000071525574 -0.019999980926513672 -0.38999998569488525 -0.08000004291534424 -0.18000006675720215 -0.3200000524520874 -0.3200000524520874 -0.5200000405311584 -0.3999999761581421 -1.1999999582767487 -0.36000001430511475 -0.3400000333786011 -0.33000004291534424 -0.6200000047683716 -0.6200000047683716 -1.2299998998641968 -1.869999885559082 -1.759999930858612 -1.7499998807907104 -1.7999998927116394 -1.3899998664855957 -1.3899998664855957 -0.7999999523162842 -0.7999999523162842 -0.7999999523162842 -0.7999999523162842 -0.7999999523162842 -0.7999999523162842 0 0 0 0 0 0 0 0 0 0 0 0 0 0
-0.039999961853027344 -0.19000005722045898 -0.38999998569488525 -0.24000000953674316 -0.24000000953674316 -0.16999995708465576 -0.7400000095367432 -0.009999990463256836 -0.0700000524520874 -0.18000006675720215 -0.009999990463256836 -0.25 -0.25 -0.24000000953674316 -0.36000001430511475 -0.2200000286102295 -0.4700000286102295 -0.3700000047683716 -0.20000004768371582 -0.13999998569488525 -0.13999998569488525 -0.8799998760223389 -0.9999998807907104 -2.0299999117851257 -1.9499999284744263 -1.669999897480011 -1.769999921321869 -1.769999921321869 -2.009999930858612 -1.369999885559082 -1.4199999570846558 -1.4399999380111694 -0.7999999523162842 -0.7999999523162842 -0.25 -0.25 -0.25 -0.25 -0.25 -0.25 -0.25 -0.25 -0.25 -0.25 -1.1000001430511475 -1.1000001430511475 -1.1000001430511475 -1.1000001430511475
-0.10000002384185791 -0.3500000238418579 -0.2799999713897705 -0.18000006675720215 -0.18000006675720215 -0.19000005722045898 -0.4500000476837158 -0.690000057220459 -0.31000006198883057 -0.009999990463256836 -0.28000009059906006 -0.1700000762939453 -0.1700000762939453 -0.5700000524520874 -0.18000006675720215 0 0 -0.15999996662139893 -0.25 -0.25999999046325684 -0.25999999046325684 -0.9199999570846558 -1.0999999046325684 -1.7499998807907104 -2.069999933242798 0 -1.3999998569488525 -1.3999998569488525 -1.5399999618530273 -1.309999942779541 -1.1299998760223389 -1.1499998569488525 -0.7999999523162842 -0.7999999523162842 -0.25 -0.25 -0.25 -0.25 -0.25 -0.25 -0.25 -0.4799998998641968 -0.6599999666213989 -0.6599999666213989 -1.6400001049041748 -2.320000112056732 -2.040000081062317 -1.4200000762939453
-0.039999961853027344 -0.039999961853027344 -0.039999961853027344 -0.3400000333786011 -0.3400000333786011 -0.3999999761581421 -0.24000000953674316 -0.8200000524520874 -0.3700000047683716 -0.5700000524520874 -0.18000006675720215 -0.3900001049041748 -0.3900001049041748 -0.30000007152557373 0 0 -0.7200000286102295 -0.3500000238418579 -0.7200000286102295 -0.2700001001358032 -0.2700001001358032 -0.6499998569488525 -0.5699999332427979 -0.34999990463256836 -0.6499998569488525 -0.7499998807907104 0 0 -0.8499999046325684 -1.3399999141693115 -0.5799999237060547 -1.1699999570846558 -1.7299998998641968 -1.119999885559082 -0.9099999666213989 -0.9099999666213989 -0.7400000095367432 -1.1699999570846558 -0.9900000095367432 -0.25 -0.34999990463256836 -0.8399999141693115 -0.8399999141693115 -1.0299999713897705 -1.1000001430511475 -1.53000009059906 -2.4300000965595245 -1.2600001096725464
-0.039999961853027344 -0.039999961853027344 -0.039999961853027344 -0.18000006675720215 -0.18000006675720215 -0.13999998569488525 -0.4299999475479126 -0.6500000953674316 -0.6800000667572021 -0.6200000643730164 -0.3700000047683716 -0.25999999046325684 -0.25999999046325684 -0.029999971389770508 -0.25999999046325684 -0.3400000333786011 -2.0599998831748962 -0.45999979972839355 -0.5299999713897705 -0.5299999713897705 -0.6299998760223389 -0.5899999141693115 -0.7899999618530273 -0.5999999046325684 -0.5299999713897705 -0.5099999904632568 -0.309999942779541 -0.309999942779541 -0.2799999713897705 -0.3399999141693115 -1.2999999523162842 -1.9099999070167542 -1.1599998474121094 -1.2499998807907104 -0.7199999094009399 -0.7199999094009399 -0.5099999904632568 -0.6499999761581421 -0.8399999141693115 -0.25 -0.25 -0.5499999523162842 -0.5499999523162842 -0.8199999332427979 -2.610000103712082 -2.1600000858306885 -1.1000001430511475 -1.1000001430511475
-0.15999996662139893 -0.039999961853027344 -0.039999961853027344 -0.3200000524520874 -0.3200000524520874 -0.3799999952316284 -0.41999995708465576 -0.4500000476837158 -0.6100000739097595 -0.8200000524520874 -0.28000009059906006 -0.3200000524520874 -0.3200000524520874 -0.3700000047683716 -0.38999998569488525 -0.2799999713897705 -2.0299999117851257 -0.7699998617172241 -0.2799999713897705 -0.2799999713897705 -0.559999942779541 -0.8599998950958252 -0.4199998378753662 -0.7699998617172241 -0.8499999046325684 -0.4699997901916504 -0.5899999141693115 -0.5899999141693115 -0.6799999475479126 -0.49000000953674316 -0.19999980926513672 -0.6599998474121094 -1.9799998998641968 -0.5499999523162842 -0.06999993324279785 -0.06999993324279785 -0.8700000047683716 -0.7999999523162842 -1.0099999904632568 -0.25 -0.25 -0.25 -0.25 -0.25 -1.1000001430511475 -1.1000001430511475 -1.1000001430511475 -1.1000001430511475
-0.039999961853027344 -0.039999961853027344 -0.039999961853027344 -0.2799999713897705 -0.2799999713897705 -0.20000004768371582 -0.039999961853027344 -0.440000057220459 -0.6200000047683716 -0.9500000476837158 -0.49000006914138794 -0.8400000333786011 -0.8400000333786011 -0.8400000333786011 -0.8400000333786011 -0.4099999666213989 -1.1499998569488525 -0.6299998760223389 -0.4399998188018799 -0.4399998188018799 -0.7999999523162842 0 -0.6999999284744263 -0.5099999904632568 -0.559999942779541 -0.6999999284744263 -1.0099998712539673 -1.0099998712539673 -0.4399998188018799 -0.3899998664855957 -0.5199999809265137 -0.37999987602233887 -0.6599998474121094 -0.8999998569488525 -0.7899999618530273 -0.7899999618530273 -0.9900000095367432 -0.9499999284744263 -1.0399999618530273 -0.9399999380111694 -0.25 -0.25 -0.25 -0.25 -1.1000001430511475 -2.6300000846385956 -2.140000104904175 -1.1000001430511475
-0.2799999713897705 -0.25999999046325684 -0.039999961853027344 -0.039999961853027344 -0.039999961853027344 -0.25999999046325684 -0.15999996662139893 0 -0.4099999666213989 -0.690000057220459 -0.8100000619888306 -0.8100000619888306 -0.8100000619888306 -0.8100000619888306 -0.8100000619888306 -0.49000006914138794 -1.1499998569488525 -0.6599998474121094 -0.37999987602233887 -0.37999987602233887 -0.42999982833862305 -0.36999988555908203 -0.36999988555908203 -0.2799999713897705 -0.5799999237060547 -0.5099999904632568 -0.36999988555908203 -0.36999988555908203 -0.4199998378753662 -0.39999985694885254 -0.9099999666213989 -0.8300000429153442 -0.8300000429153442 -0.9199999570846558 -0.9199999570846558 -0.6099998950958252 -1.5899999141693115 -2.109999895095825 -1.869999885559082 -1.6499999165534973 -1.619999885559082 -0.7999999523162842 -0.7999999523162842 -1.759999930858612 -2.28000009059906 -2.290000081062317 -2.1000000834465027 -1.9200000762939453
-0.23000001907348633 -0.11000001430511475 -0.36000001430511475 -0.2200000286102295 -0.2200000286102295 -0.41999995708465576 -0.3700000047683716 -0.8500000238418579 -1.2400000393390656 -0.7600000500679016 -0.8700000643730164 -0.31000006198883057 -0.31000006198883057 -0.8100000619888306 -0.8100000619888306 -1.3000000417232513 -1.3600000441074371 -0.0700000524520874 -0.6699999570846558 -0.6699999570846558 -0.4399998188018799 -0.619999885559082 -1.2599998712539673 -1.3399999141693115 -0.9599999189376831 -1.3199999332427979 -0.5799999237060547 -0.5799999237060547 -1.1799999475479126 -1.3799998760223389 -0.15000009536743164 -0.9199999570846558 -0.8799999952316284 -1.159999966621399 -1.159999966621399 -1.8299999237060547 -1.759999930858612 -1.6899998784065247 -1.8199999332427979 -1.619999885559082 -1.769999921321869 -1.6999999284744263 -1.6999999284744263 -2.0299999117851257 -1.7000000476837158 -1.7000000476837158 -2.820000097155571 -2.7800000980496407
-0.2200000286102295 -0.2999999523162842 -0.20000004768371582 -0.440000057220459 -0.440000057220459 -0.039999961853027344 -0.039999961853027344 0 -1.160000056028366 -1.0200000703334808 -0.89000004529953 -0.89000004529953 -0.6500000357627869 -0.6500000357627869 -1.5700000450015068 -0.3400000333786011 -1.0800000429153442 0 -1.3499999046325684 -1.3499999046325684 -0.5299999713897705 -0.5299999713897705 -0.5299999713897705 -1.3899998664855957 -1.369999885559082 -1.3999998569488525 -1.3799998760223389 -1.3799998760223389 -1.5999999046325684 -1.4299999475479126 -1.3700000047683716 -0.15000009536743164 -1.3700000047683716 -1.5499999523162842 -1.5499999523162842 -1.1899999380111694 -1.8499999046325684 -1.9099999070167542 -1.5899999141693115 -0.8199999332427979 -1.4299999475479126 -1.709999918937683 -1.709999918937683 -1.2399998903274536 -1.8700001239776611 -1.8300000429153442 -2.7800000980496407 -2.040000081062317
-0.28999996185302734 -0.039999961853027344 -0.28999996185302734 -0.26999998092651367 -0.26999998092651367 -0.039999961853027344 -0.20000004768371582 -0.1700000762939453 -0.2900000810623169 -0.7000000476837158 -0.7300000190734863 -0.7300000190734863 -1.3700000494718552 -1.7300000488758087 -1.1800000667572021 -1.1300000548362732 -1.1500000655651093 -1.5400000512599945 -1.1499998569488525 -1.1499998569488525 -0.8599998950958252 -1.0099998712539673 -1.3899998664855957 -1.2299998998641968 -0.7799999713897705 -2.3000000715255737 -2.1100000143051147 -2.1100000143051147 -1.6600000858306885 -1.7600001096725464 -1.2599998712539673 -1.0699999332427979 -1.2599998712539673 -1.4099998474121094 -1.4099998474121094 -1.4799998998641968 -1.71999990940094 -1.059999942779541 -1.3199999332427979 -1.2999999523162842 -1.6499999165534973 -1.7299998998641968 -1.7299998998641968 -1.8799998760223389 -1.6400001049041748 -2.7000000923871994 -0.6800000667572021 -1.6000001430511475
-0.24000000953674316 -0.25999999046325684 -0.039999961853027344 -0.15999996662139893 -0.15999996662139893 -0.2200000286102295 -0.25999999046325684 0 0 -0.18000006675720215 -1.410000056028366 -1.410000056028366 -0.9800000488758087 -1.3300000503659248 -1.6300000548362732 -1.0000000596046448 -1.3800000473856926 0 -1.3800000473856926 -1.3800000473856926 0 -1.8900001049041748 -2.350000098347664 -1.7100000977516174 -1.1800000667572021 -1.4900000095367432 -1.0499999523162842 -1.0499999523162842 -1 -0.9100000858306885 -1.9499999284744263 -1.4999998807907104 -1.5699999332427979 -1.4499999284744263 -1.4499999284744263 -1.3899998664855957 -1.3199999332427979 -1.4799998998641968 -1.4499999284744263 -1.2599998712539673 -1.4499999284744263 -1.619999885559082 -1.619999885559082 -0.37999987602233887 -1.6600000858306885 -1.4200000762939453 -0.6800000667572021 -1.8600001335144043
-0.039999961853027344 -0.23000001907348633 -0.38999998569488525 -0.039999961853027344 -0.039999961853027344 -0.13999998569488525 -0.16999995708465576 -0.12999999523162842 0 -0.33000004291534424 -0.5500000715255737 -0.5500000715255737 -0.8200000524520874 0 -1.2600000500679016 0 -1.4100000485777855 -1.2400000542402267 -2.3700000643730164 -2.3700000643730164 0 -1.4500001072883606 -0.7000000476837158 -0.26999998092651367 -0.4100000858306885 -1.1500000953674316 -1.1500000953674316 -1.0499999523162842 -0.9900000095367432 -0.8900001049041748 -0.8299999237060547 -1.4799998998641968 -1.5199998617172241 -1.4299999475479126 -1.4299999475479126 -0.869999885559082 -2.209999918937683 -1.6399999260902405 -1.4299999475479126 -1.4099998474121094 -0.9899998903274536 -1.8599998950958252 -1.8599998950958252 -1.5999999046325684 -0.6800000667572021 -2.4200001060962677 -1.7600001096725464 -1.440000057220459
