SimulationData/Scenarios/Waterwolf/Flooding/Uitdammerdijk/420.asc
ncols        561
nrows        278
xllcorner    4.817258165162
yllcorner    52.370746892638
cellsize     0.000511251697
NODATA_value  -9999
[rows 176 to 197 of 278, columns 336 to 383 of 561]
-0.4600001573562622 -0.4800001382827759 -0.6700000762939453 -2.0000000447034836 -3.930000066757202 -3.930000066757202 -2.990000009536743 -1.9221214354038239 -1.842121422290802 -1.862121433019638 0.03787851333618164 -1.5089453551918268 -2.3389453291893005 -2.3389453291893005 -2.3789453506469727 -2.3389453291893005 -0.9200000166893005 -0.9800000190734863 -0.20999999344348907 -0.15999999456107616 -0.15999999456107616 -1.3572478480637074 -1.2572478502988815 -1.0865402221679688 -1.7165401577949524 -3.080639362335205 0.12936067581176758 0.19938945770263672 0.19938945770263672 0.17938947677612305 0.21052932739257812 0.18052911758422852 0.16052913665771484 0.2005290985107422 0.14284420013427734 0.33284425735473633 0.33284425735473633 -0.10715579986572266 -0.9371557235717773 0.20284414291381836 0.37284421920776367 -0.057155609130859375 0.542844295501709 0.542844295501709 0.24495744705200195 0.5949578285217285 0.4449577331542969 0.18495750427246094
-0.5200001001358032 -0.5200001001358032 -0.7000000476837158 -2.5200000405311584 -4.070000052452087 -4.070000052452087 -3.0200000405311584 -2.4221214056015015 -2.3721214532852173 -3.3621214628219604 0.03787851333618164 -1.80894535779953 -3.1489453315734863 -3.1489453315734863 -2.3116093277931213 -1.838945358991623 -0.4399999976158142 -0.19999999552965164 -0.14999999478459358 -0.12999999523162842 -0.12999999523162842 -0.5600000023841858 -0.04999999701976776 -3.4600000381469727 -0.010000109672546387 -3.4835540056228638 -0.6235542297363281 -0.0013217926025390625 -0.0013217926025390625 0.5686783790588379 0.21052932739257812 0.16052913665771484 0.3105292320251465 0.5805292129516602 0.4328441619873047 0.5028443336486816 0.5028443336486816 0.17284440994262695 -0.3671555519104004 -0.35715579986572266 0.5728445053100586 0.23284435272216797 0.19284439086914062 0.19284439086914062 0.22495746612548828 0.16495752334594727 0.18495750427246094 0.18495750427246094
-0.3900001049041748 -0.4800001382827759 -0.8000000715255737 -2.5500000417232513 -4.190000057220459 -4.190000057220459 -2.930000066757202 -2.2621214389801025 -2.1121214032173157 -2.5121214389801025 0.03787851333618164 -1.9989453554153442 -2.298945367336273 -2.298945367336273 -2.30894535779953 -1.7789453566074371 -0.4300000071525574 -0.15999999456107616 -0.15999999456107616 -1.4299999475479126 -1.4299999475479126 -1.7799999713897705 -0.6200000047683716 -3.2100000381469727 -0.020000100135803223 -3.569694757461548 -0.23969459533691406 0.026915550231933594 0.026915550231933594 0.006915569305419922 -0.17075157165527344 0.20924854278564453 0.1692485809326172 0.2292485237121582 0.2128443717956543 0.39284420013427734 0.39284420013427734 0.20284414291381836 0.22284412384033203 0.19284439086914062 0.14284420013427734 -0.0371556282043457 0.5728445053100586 0.5728445053100586 -0.7050423622131348 -0.4350423812866211 0.5949578285217285 0.21495771408081055
-0.12999999523162842 -0.060000061988830566 -0.4099999666213989 -2.25 -2.099999874830246 -2.099999874830246 -0.8699999749660492 -2.1994563341140747 -2.2494563460350037 -3.129456400871277 0.0005435943603515625 -4.157939076423645 -2.7279391288757324 -2.7279391288757324 -3.4279391765594482 -2.687939167022705 -1.2200000286102295 -1.1399999856948853 -0.15000000596046448 -1.559999942779541 -1.559999942779541 -3.1999999284744263 -2.96999990940094 -0.020000100135803223 -0.30000007152557373 -3.099694848060608 -0.19969463348388672 0.17691516876220703 0.17691516876220703 0.06691551208496094 0.23924827575683594 0.13924837112426758 0.2292485237121582 0.1692485809326172 0.4628443717956543 0.5728445053100586 0.5728445053100586 0.25284433364868164 0.09284448623657227 0.2628445625305176 0.09284448623657227 -0.8471555709838867 -0.7271556854248047 -0.7271556854248047 -0.17504215240478516 -0.1050424575805664 0.5949578285217285 0.11495780944824219
-0.2999999523162842 -0.23000001907348633 -0.3599998950958252 -0.619999885559082 -3.0600000619888306 -3.0600000619888306 -2.1100000143051147 -3.3694562911987305 -2.0494563579559326 -1.959456354379654 0.0005435943603515625 -3.857939124107361 -2.888309121131897 -2.888309121131897 -2.887939214706421 -2.8079391717910767 -1.25 -1.2699999809265137 -1.2400000095367432 -0.20000000298023224 -0.20000000298023224 -1.7899999469518661 -1.3899999409914017 -2.690000057220459 -2.540000081062317 -0.9445557594299316 -0.024555683135986328 0.12717008590698242 0.12717008590698242 0.09716987609863281 0.12924861907958984 0.07924842834472656 0.2592487335205078 0.20924854278564453 0.36284446716308594 0.20284414291381836 0.20284414291381836 0.12284421920776367 0.2428441047668457 0.5728445053100586 0.17284440994262695 -0.4471554756164551 -0.7471556663513184 -0.7471556663513184 -0.1850423812866211 -0.04504251480102539 -0.04504251480102539 0.5949578285217285
-0.9600000381469727 -1.1700000762939453 -0.4700000286102295 -0.6399999856948853 -1.3899999856948853 -1.3899999856948853 -3 -0.9900000542402267 -0.5599999874830246 -2.1799999475479126 -1.6399999409914017 -1.7500000149011612 -1.1599999815225601 -1.1599999815225601 -0.5899999886751175 -0.3399999886751175 -1.9799999296665192 -1.9699999392032623 -2.8899999856948853 -3.459999918937683 -3.459999918937683 -3.430000066757202 -0.020000100135803223 -3.7982535362243652 -0.5782532691955566 0.0044403076171875 0.09443998336791992 0.1444401741027832 0.1444401741027832 0.13443994522094727 0.3779630661010742 0.037962913513183594 0.18796300888061523 0.09796285629272461 0.23148536682128906 0.23148536682128906 0.5714855194091797 0.23148536682128906 0.2714853286743164 0.3613424301147461 0.15134239196777344 -0.25865793228149414 -0.5986576080322266 -0.5986576080322266 -0.5405402183532715 0.02945995330810547 0.15945959091186523 0.07945966720581055
-0.25 -0.820000171661377 -0.2999999523162842 -0.34999990463256836 -0.3400000333786011 -0.3400000333786011 -2.32999999076128 -1.3900000303983688 -1.0100000351667404 -2.0799999237060547 -1.6999999433755875 -1.1799999624490738 -1.1799999624490738 -1.1499999910593033 -1.610000029206276 -0.09000000357627869 -1.5899999421089888 -1.5999999418854713 -1.8999999463558197 -3.46999990940094 -3.46999990940094 -3.4800000190734863 -1.5900000426918268 -3.808253526687622 -0.19825363159179688 0.10444021224975586 0.5344400405883789 0.2244400978088379 0.2244400978088379 0.07444000244140625 0.1479630470275879 0.12796306610107422 0.16796302795410156 0.5679631233215332 0.1614851951599121 0.1614851951599121 0.17148542404174805 0.09148550033569336 0.2914853096008301 1.0413422584533691 0.3313422203063965 0.3913421630859375 -0.6386575698852539 -0.6386575698852539 -0.2105402946472168 -0.2905402183532715 0.5894598960876465 -0.22054004669189453
-0.3100001811981201 -0.46000027656555176 -0.4100003242492676 -0.6100001335144043 -1.1100001335144043 -1.1100001335144043 -1.4200003147125244 -0.7300000190734863 -3.590000092983246 0 -2.059999942779541 -1.3400000482797623 -1.3400000482797623 -1.319999948143959 -1.8999999910593033 -1.1999999433755875 -2.869999885559082 -2.819999933242798 -2.7899999618530273 0 0 -1.9099999368190765 -2.0799999237060547 -3.720000147819519 -0.7899999618530273 0.09443998336791992 0.16444015502929688 0.07444000244140625 0.07444000244140625 0.21443986892700195 0.12796306610107422 0.3479628562927246 0.11796283721923828 0.037962913513183594 0.22148513793945312 0.22148513793945312 0.5714855194091797 0.31148529052734375 0.1314854621887207 0.3413424491882324 0.20134210586547852 0.5713424682617188 -0.28865766525268555 -0.28865766525268555 -0.4405403137207031 -0.3205404281616211 -0.5505404472351074 -0.42054033279418945
0.2411355972290039 0.041135311126708984 -0.003147602081298828 0.12685251235961914 0.06685256958007812 0.06685256958007812 -0.003147602081298828 -0.9328935146331787 -3.782893419265747 0 -2.259999930858612 -2.951656222343445 -2.951656222343445 -2.9116562604904175 -2.9716562032699585 -2.9016562700271606 0 0 -2.8899999856948853 -1.809999942779541 -1.809999942779541 -1.7199999392032623 -1.7599999457597733 -2.9106431379914284 -1.7106431722640991 -0.22547674179077148 0.1045231819152832 0.18483924865722656 0.18483924865722656 0.5648393630981445 0.18013954162597656 0.020139694213867188 0.1601395606994629 0.13013982772827148 0.1526932716369629 0.1526932716369629 0.39269304275512695 0.4926929473876953 0.42269325256347656 0.2724733352661133 0.17247343063354492 0.24247312545776367 0.012473583221435547 0.012473583221435547 -0.04960060119628906 -0.12960052490234375 0.08730697631835938 0.5673069953918457
-0.0388646125793457 0.2611355781555176 0.48685264587402344 0.18685245513916016 -0.003147602081298828 -0.003147602081298828 0.13685226440429688 -0.5228934288024902 -3.3628934025764465 0 -2.119999945163727 -3.541656255722046 -3.541656255722046 -1.6816562414169312 0.008343696594238281 -2.8216562271118164 -1.6999999433755875 -1.6599999442696571 -1.799999937415123 -3.259999990463257 -3.259999990463257 0 -1.7899999469518661 -3.170643150806427 -1.310643196105957 -0.43547677993774414 0.08452320098876953 0.10483932495117188 0.10483932495117188 0.11483907699584961 0.17013978958129883 0.3001399040222168 0.5701398849487305 0.21013975143432617 0.45269298553466797 0.45269298553466797 0.6826930046081543 0.4026932716369629 0.14269304275512695 0.26247358322143555 0.0024733543395996094 0.2524733543395996 0.5724735260009766 0.5724735260009766 0.049379825592041016 -0.020620346069335938 -0.34711694717407227 -1.8471169471740723
0.1311354637145996 0.10113525390625 0.09685230255126953 0.05685234069824219 -0.12314748764038086 -0.12314748764038086 -0.6631476879119873 -2.8080326318740845 -4.89803259074688 -0.8822605609893799 -2.4579005241394043 -2.501656234264374 -2.501656234264374 -2.62165629863739 -2.3516562581062317 -1.7916562408208847 -1.809999942779541 -1.9799999296665192 -2.8299999237060547 -1.7899999469518661 -1.7899999469518661 -1.509999942034483 -2.8799999952316284 -1.5068826042115688 -1.6168826073408127 -4.8459294736385345 -3.2859294414520264 -0.4657707214355469 -0.4657707214355469 0.5642294883728027 0.0801396369934082 0.06013965606689453 0.26013994216918945 0.26013994216918945 0.4826931953430176 0.4826931953430176 0.47269296646118164 0.3726930618286133 0.2426929473876953 0.15247344970703125 0.10247325897216797 0.17247343063354492 0.18247318267822266 0.18247318267822266 -0.2806205749511719 -0.6906204223632812 -3.187117099761963 -3.307116985321045
0.27860069274902344 0.49860095977783203 0.11141490936279297 -0.028585433959960938 -0.028585433959960938 -0.9372663497924805 -2.7372663021087646 -0.21000003814697266 -2.1399999856948853 0.015030145645141602 0.015030145645141602 0.0311582088470459 0.0311582088470459 0.0311582088470459 -2.688841700553894 -1.788841724395752 -3.0601468086242676 -1.7001467943191528 -1.650146797299385 -2.690146803855896 -2.690146803855896 -1.699547439813614 -1.659547433257103 -0.7695474028587341 0.13045251369476318 -2.650146961212158 -1.0801469385623932 -1.0801469385623932 -3.2700001001358032 -0.3899998664855957 -0.08167266845703125 0.04832744598388672 0.06479787826538086 0.34479808807373047 0.46541500091552734 0.46541500091552734 0.29541492462158203 0.16556262969970703 0.19556283950805664 0.009868621826171875 0.08986854553222656 -0.06426525115966797 -0.3242654800415039 -0.3242654800415039 1.326069712638855 0.45606958866119385 0.25691843032836914 0.15691840648651123
-0.0013990402221679688 -0.2013993263244629 -0.2799999713897705 -1.2599999904632568 -1.2599999904632568 -0.37985801696777344 -1.9598578810691833 -2.353038251399994 -2.9330382347106934 0.007848858833312988 0.007848858833312988 -2.4088417291641235 -2.4088417291641235 -1.5588417332619429 0.0311582088470459 -2.3688417077064514 -1.6401468068361282 -1.6701468080282211 -0.8301467895507812 0.11985313892364502 0.11985313892364502 -3.2095474004745483 -2.9395474195480347 -2.409547448158264 -1.8095474243164062 -1.526410236954689 -0.8664102554321289 -0.8664102554321289 0.005633354187011719 0.4456334114074707 0.8246203660964966 0.4146202802658081 1.5122144222259521 2.64221453666687 -0.2718977928161621 -0.2718977928161621 -0.25189781188964844 0.579838752746582 -0.4001612663269043 2.2632148265838623 0.41321468353271484 0.25525355339050293 0.1252535581588745 0.1252535581588745 0.203971266746521 0.19397127628326416 0.1482311487197876 0.18823111057281494
-0.13139915466308594 -0.5113992691040039 -1.0299999713897705 -2.3300000429153442 -2.3300000429153442 -0.2898578643798828 -3.3098579049110413 -3.0230382680892944 0.01696169376373291 0.007848858833312988 -1.6621510833501816 -1.6088417321443558 -1.6088417321443558 -1.5488417334854603 -1.5688417330384254 0.0311582088470459 -2.240146815776825 0.11985313892364502 -3.24014675617218 -2.99014675617218 -2.99014675617218 -2.429547429084778 -1.9495474100112915 -1.4395474288612604 -1.2695474326610565 -0.03641021251678467 0.37358975410461426 0.37358975410461426 0.4056333303451538 0.2556333541870117 0.24462032318115234 0.8246203660964966 0.8222143650054932 0.8222143650054932 -3.0018978118896484 -3.0018978118896484 -3.1818978786468506 -3.4501614570617676 -3.180161476135254 0.17321479320526123 0.033214688301086426 0.15525352954864502 0.14525353908538818 0.14525353908538818 0.16397130489349365 0.14397132396697998 0.46823108196258545 0.4982311725616455
-0.4853324890136719 -1.3953323364257812 -1.1109600067138672 -0.40095996856689453 -0.40095996856689453 -2.8424834609031677 -3.622483491897583 0.03223228454589844 -1.7777676582336426 -2.357767641544342 -1.9677676558494568 -2.5767412185668945 -2.5767412185668945 0.07325875759124756 0.07325875759124756 -2.266741156578064 -2.533040404319763 -2.443040370941162 -1.6030403673648834 -1.6530403643846512 -1.6530403643846512 0.13508248329162598 0.6550824642181396 0.2350825071334839 0.2350825071334839 0.2802870273590088 0.8202871084213257 0.8202871084213257 0.2902870178222656 0.40028703212738037 0.28788626194000244 0.8278863430023193 0.8278863430023193 0.15788626670837402 0.21532917022705078 0.21532917022705078 0.27532923221588135 0.8653292655944824 0.035329222679138184 0.07976758480072021 0.1297675371170044 0.009767532348632812 0.41976749897003174 0.41976749897003174 0.3951960802078247 0.4251960515975952 0.6751960515975952 0.46519601345062256
-0.7094063758850098 -0.6494064331054688 -0.6423523426055908 -3.392352342605591 -3.392352342605591 -1.5275056082755327 0.002494335174560547 -1.2877676635980606 -2.397767663002014 -1.8377676606178284 -2.3777676820755005 0.07325875759124756 0.07325875759124756 -1.886741191148758 -2.056741178035736 -2.1367411613464355 -1.7330403625965118 -1.5930403769016266 -0.9830403625965118 0.10695958137512207 0.10695958137512207 0.22508251667022705 0.2350825071334839 0.24508249759674072 0.7850825786590576 0.21028709411621094 0.2802870273590088 0.2802870273590088 0.40028703212738037 0.8202871084213257 0.8278863430023193 0.2778862714767456 0.22788631916046143 0.22788631916046143 0.34532928466796875 0.34532928466796875 0.8653292655944824 0.3553292751312256 0.1653292179107666 0.06976759433746338 0.24976754188537598 0.4097675085067749 0.3597675561904907 0.3597675561904907 0.4151960611343384 0.4451960325241089 0.43519604206085205 0.38519608974456787
-1.3594064712524414 -3.3594064712524414 -3.602352261543274 -2.672352284193039 -2.672352284193039 0.002494335174560547 -1.2875055968761444 -2.7877676486968994 -1.7677676528692245 -1.467767659574747 0.03223228454589844 -1.7267411798238754 -1.7267411798238754 0.07325875759124756 -1.5167411845177412 -1.546741183847189 -1.3530403673648834 -0.11304032802581787 0.1869596242904663 0.7669596672058105 0.7669596672058105 0.25508248805999756 0.7850825786590576 0.3050825595855713 0.32508254051208496 0.2902870178222656 0.7902871370315552 0.7902871370315552 0.8202871084213257 0.21028709411621094 0.30788636207580566 0.22788631916046143 0.13788628578186035 0.8278863430023193 0.39532923698425293 0.39532923698425293 0.6453292369842529 0.3253291845321655 0.8653292655944824 0.43976759910583496 0.41976749897003174 0.4097675085067749 0.4297676086425781 0.4297676086425781 0.4151960611343384 0.45258450508117676 0.40188050270080566 0.4118804931640625
-4.689187288284302 -0.6291873455047607 0.02337777614593506 -2.0666221380233765 -2.0666221380233765 0.02337777614593506 -3.5566221475601196 -0.8881664276123047 -1.768166422843933 -1.6881664395332336 -1.4781664330512285 -1.6381664276123047 -1.6381664276123047 -1.588166430592537 -0.12816643714904785 0.031833529472351074 0.7513550519943237 0.23135507106781006 0.7513550519943237 0.7513550519943237 0.22135496139526367 0.2713550329208374 0.2713550329208374 0.7513550519943237 0.31135499477386475 0.26604127883911133 0.1760413646697998 0.1760413646697998 0.15604126453399658 0.286041259765625 0.8160413503646851 0.2960413694381714 0.39604127407073975 0.26604127883911133 0.3443779945373535 0.3443779945373535 0.2843780517578125 0.254378080368042 0.8943780660629272 0.17715251445770264 0.1671525239944458 0.40550386905670166 0.40550386905670166 0.3955038785934448 0.4025845527648926 0.4425845146179199 0.37188053131103516 0.4118804931640625
-3.268133282661438 0.0018666982650756836 0.02337777614593506 -1.4566221684217453 -1.4566221684217453 -1.5566221661865711 0.02337777614593506 -1.4781664330512285 -1.7081664353609085 -1.438166432082653 -1.6481664329767227 0.051833510398864746 0.051833510398864746 0.6318336725234985 0.12183356285095215 0.07183361053466797 0.7513550519943237 0.28135502338409424 0.25135505199432373 0.25135505199432373 0.09135496616363525 0.7513550519943237 0.7513550519943237 0.20135498046875 0.22135496139526367 0.16604125499725342 0.24604129791259766 0.24604129791259766 0.2960413694381714 0.8160413503646851 0.34604132175445557 0.21604132652282715 0.16604125499725342 0.2060413360595703 0.1843780279159546 0.1843780279159546 0.8943780660629272 0.5243780612945557 0.06437802314758301 0.18283724784851074 0.3728371858596802 0.41355323791503906 0.41355323791503906 0.3735532760620117 0.40660393238067627 0.41301703453063965 0.41809380054473877 0.4198724031448364
0.01750326156616211 -1.3924966752529144 0.6755086183547974 -0.1344914436340332 -0.1344914436340332 0.20550858974456787 0.6755086183547974 -0.3581664562225342 0.051833510398864746 0.5018335580825806 0.7018336057662964 0.17183351516723633 0.17183351516723633 0.7018336057662964 0.7018336057662964 0.17183351516723633 0.2913550138473511 0.7513550519943237 0.20135498046875 0.20135498046875 0.2913550138473511 0.1713550090789795 0.7513550519943237 0.25135505199432373 0.31135499477386475 0.476041316986084 0.36604130268096924 0.36604130268096924 0.27604126930236816 0.24604129791259766 0.22604131698608398 0.21604132652282715 -0.11395871639251709 -0.01395869255065918 0.22231757640838623 0.22231757640838623 0.142317533493042 0.12231755256652832 0.062317490577697754 0.21036195755004883 0.3503619432449341 0.2386488914489746 0.2386488914489746 0.33864879608154297 2.479864001274109 2.4797834157943726 2.479827404022217 2.479827404022217
0.01750326156616211 -0.15249669551849365 0.3655085563659668 0.16550862789154053 0.16550862789154053 0.2155085802078247 0.23550856113433838 0.7018336057662964 0.2318335771560669 0.7018336057662964 0.10183358192443848 0.7018336057662964 0.7018336057662964 0.2018336057662964 0.21183359622955322 0.44183361530303955 0.46135497093200684 0.2413550615310669 0.1713550090789795 0.1713550090789795 0.7513550519943237 0.26135504245758057 0.1713550090789795 0.7513550519943237 0.19135499000549316 0.3560413122177124 0.26604127883911133 0.26604127883911133 0.2960413694381714 0.22604131698608398 0.26604127883911133 0.1760413646697998 0.006041288375854492 -0.06395864486694336 0.1723175048828125 0.1723175048828125 0.3223174810409546 0.142317533493042 0.10231757164001465 0.1603618860244751 0.09036195278167725 0.32864880561828613 0.32864880561828613 0.2686488628387451 2.4797160625457764 2.4797693490982056 2.479827404022217 2.479827404022217
0.027503371238708496 0.6675033569335938 0.2655085325241089 0.22550857067108154 0.22550857067108154 0.22550857067108154 0.24550855159759521 0.7018336057662964 0.4318336248397827 0.2018336057662964 0.7018336057662964 0.5418335199356079 0.5418335199356079 0.381833553314209 0.381833553314209 0.27183353900909424 0.31135499477386475 0.2413550615310669 0.7513550519943237 0.2413550615310669 0.7513550519943237 0.7513550519943237 0.16135501861572266 -0.08864498138427734 -0.4486449956893921 -0.4339587092399597 0.12604129314422607 0.12604129314422607 0.22604131698608398 0.04604136943817139 0.08604133129119873 0.016041278839111328 -0.05395865440368652 -0.04395866394042969 0.11231756210327148 0.11231756210327148 0.12231755256652832 0.142317533493042 0.0023175477981567383 0.27142906188964844 0.24142909049987793 0.4789465665817261 0.4789465665817261 2.478946566581726 2.479823350906372 2.4797606468200684 2.4796642065048218 2.4798357486724854
