SimulationData/Scenarios/Waterwolf/Flooding/Uitdammerdijk/480.asc
ncols        561
nrows        278
xllcorner    4.817258165162
yllcorner    52.370746892638
cellsize     0.000511251697
NODATA_value  -9999
[rows 132 to 153 of 278, columns 384 to 431 of 561]
0.2338581085205078 0.22385799884796143 0.12385809421539307 1.0138580799102783 0.7845592498779297 0.22455918788909912 0.22455918788909912 0.1945592164993286 0.27455925941467285 0.22455918788909912 0.22455918788909912 -0.3154407739639282 0.3745591640472412 0.3745591640472412 0.2750399112701416 0.9150398969650269 0.9150398969650269 0.2950400114059448 0.25503993034362793 0.2450399398803711 0.07503998279571533 0.07503998279571533 0.40503990650177 0.10051977634429932 0.430519700050354 0.11051976680755615 0.10051977634429932 0.42337942123413086 0.42337942123413086 0.06337940692901611 0.16337943077087402 0.34337949752807617 0.25003814697265625 0.480038046836853 0.2900381088256836 0.28003811836242676 0.28003811836242676 0.2797865867614746 0.4897865056991577 0.2853732109069824 0.21537315845489502 0.4571129083633423 2.498802661895752 0.4386775493621826 0.4386775493621826 0.2084890604019165 0.3689239025115967 0.4488104581832886
0.7638580799102783 0.18385803699493408 0.15385806560516357 0.283858060836792 0.33455920219421387 0.33455920219421387 0.2945592403411865 0.15455925464630127 0.17455923557281494 0.27455925941467285 0.3745591640472412 0.1345592737197876 0.32455921173095703 0.32455921173095703 0.33503997325897217 0.9150398969650269 0.30504000186920166 0.26503992080688477 0.05504000186920166 0.40503990650177 0.0650399923324585 0.0650399923324585 0.21503996849060059 0.1277163028717041 0.04771625995635986 0.06771624088287354 0.0577162504196167 0.4730187654495239 0.4730187654495239 0.2130187749862671 0.17301881313323975 0.0030188560485839844 0.2737913131713867 0.34379124641418457 0.30834996700286865 0.2983499765396118 0.2983499765396118 0.18406331539154053 0.2940633296966553 0.29647064208984375 0.43805158138275146 2.498917818069458 2.4988332986831665 2.4987841844558716 2.4987841844558716 2.4987841844558716 2.4989129304885864 2.4989129304885864
0.24385809898376465 0.2538580894470215 0.3138580322265625 0.343858003616333 0.2845592498779297 0.2845592498779297 0.22455918788909912 0.3445591926574707 0.03455924987792969 -0.26544076204299927 0.15455925464630127 0.2445591688156128 0.3445591926574707 0.3445591926574707 0.26503992080688477 0.33503997325897217 0.20503997802734375 0.1250399351119995 0.15503990650177002 0.19503998756408691 0.07503998279571533 0.07503998279571533 0.03504002094268799 0.44771623611450195 0.03771626949310303 0.02771627902984619 0.21771633625030518 0.22301876544952393 0.22301876544952393 0.1630188226699829 0.1330188512802124 0.27301883697509766 0.2437913417816162 0.2737913131713867 0.35834991931915283 0.3283499479293823 0.3283499479293823 0.3340632915496826 0.3040633201599121 0.23733913898468018 2.498859405517578 2.498808264732361 2.498765707015991 2.4987841844558716 2.4987841844558716 2.4987841844558716 2.4989129304885864 2.4989129304885864
0.32385802268981934 0.35385799407958984 0.3838580846786499 0.33385801315307617 0.23455917835235596 0.23455917835235596 0.2545592784881592 0.1345592737197876 -0.7154407799243927 0.20455920696258545 0.20455920696258545 0.2545592784881592 0.2845592498779297 0.2845592498779297 0.4150400161743164 0.19503998756408691 0.15503990650177002 0.19503998756408691 0.2950400114059448 0.26503992080688477 0.23503994941711426 0.23503994941711426 0.40503990650177 0.29771625995635986 -0.04228365421295166 0.14771628379821777 0.227716326713562 0.4730187654495239 0.4730187654495239 0.253018856048584 0.2130187749862671 0.2130187749862671 0.16719865798950195 0.2071986198425293 0.30320918560028076 0.30320918560028076 0.30320918560028076 0.437014102935791 0.44875121116638184 2.498773694038391 2.4987640380859375 2.4987409114837646 2.4987409114837646 2.498717784881592 2.498717784881592 2.498717784881592 0.19843220710754395 0.3504217863082886
0.4122745990753174 0.532274603843689 0.36227452754974365 0.40227460861206055 0.3301490545272827 0.3301490545272827 -0.5098509192466736 0.3601490259170532 0.19014906883239746 0.39014899730682373 -0.02985095977783203 0.2301490306854248 0.15014910697937012 0.15014910697937012 0.3400164842605591 0.3200165033340454 0.2800164222717285 0.190016508102417 0.3000164031982422 0.3200165033340454 0.2200164794921875 0.2200164794921875 0.20001649856567383 0.21104705333709717 0.03104710578918457 0.08104705810546875 0.46104705333709717 0.2022014856338501 0.2022014856338501 0.1722015142440796 0.16220152378082275 0.2322014570236206 0.19144558906555176 0.29144561290740967 0.4951212406158447 0.28634047508239746 0.28634047508239746 0.49862420558929443 2.4987447261810303 2.4987586736679077 2.4987586736679077 2.4987504482269287 2.4987504482269287 2.4987504482269287 2.4988131523132324 2.49853777885437 0.28843438625335693 0.9522782564163208
0.4422745704650879 0.40227460861206055 0.2922745943069458 0.4222745895385742 -0.4298509359359741 -0.4298509359359741 0.39014899730682373 0.3201490640640259 -0.02985095977783203 -0.4298509359359741 0.030149102210998535 0.31014907360076904 0.5401490926742554 0.5401490926742554 0.4000164270401001 0.3700164556503296 0.4300163984298706 0.36001646518707275 0.3200165033340454 0.09001648426055908 0.17001640796661377 0.17001640796661377 0.2200164794921875 0.43104708194732666 0.24104714393615723 0.21104705333709717 0.22104716300964355 0.10220146179199219 0.10220146179199219 0.21220147609710693 0.2022014856338501 0.1722015142440796 0.2514456510543823 0.22144556045532227 0.24634480476379395 0.4786379337310791 0.4786379337310791 2.498681902885437 2.4987077713012695 2.4987586736679077 2.4987586736679077 2.4987504482269287 2.4987504482269287 2.4987504482269287 2.49868106842041 0.3881415128707886 0.39140212535858154 0.41407203674316406
0.3222745656967163 0.3922746181488037 -0.12772536277770996 0.36227452754974365 0.34014904499053955 0.34014904499053955 0.34014904499053955 0.29014909267425537 0.31014907360076904 0.3601490259170532 0.2601490020751953 0.14014899730682373 0.1301490068435669 0.1301490068435669 0.2200164794921875 0.4300163984298706 0.23001646995544434 0.3000164031982422 0.09001648426055908 0.33001649379730225 0.33001649379730225 0.11001646518707275 0.20001649856567383 0.10104715824127197 0.12104713916778564 0.22104716300964355 0.13104712963104248 0.21220147609710693 0.21220147609710693 0.15220153331756592 0.2722015380859375 0.28220152854919434 0.4945632219314575 0.4345632791519165 0.44870150089263916 2.4986352920532227 2.4986352920532227 2.4986629486083984 2.4986629486083984 2.4986778497695923 2.498722195625305 0.4484463930130005 0.22898399829864502 0.22898399829864502 0.4382370710372925 0.3831639289855957 0.345264196395874 0.39526426792144775
0.34227454662323 0.36227452754974365 0.36227452754974365 0.21227455139160156 0.3301490545272827 0.3301490545272827 0.2601490020751953 0.9001489877700806 0.29014909267425537 0.21014904975891113 0.2601490020751953 0.1301490068435669 0.1301490068435669 0.1301490068435669 0.060016512870788574 0.3200165033340454 0.1500164270401001 0.4300163984298706 0.2800164222717285 0.190016508102417 0.190016508102417 0.250016450881958 0.3400164842605591 0.19048714637756348 0.21048712730407715 0.11048722267150879 0.35048723220825195 0.3388620615005493 0.3388620615005493 0.3288620710372925 0.19039547443389893 0.27039551734924316 0.3441520929336548 0.43862593173980713 2.4986321926116943 2.498608350753784 2.498608350753784 2.4986088275909424 2.4986088275909424 2.4986265897750854 0.4383978843688965 0.36102116107940674 0.34102118015289307 0.34102118015289307 0.3546353578567505 0.2946354150772095 0.31340277194976807 0.46340274810791016
-0.7077254056930542 -0.07772541046142578 0.23227453231811523 0.15227460861206055 0.2501490116119385 0.2501490116119385 0.34014904499053955 0.9001489877700806 0.41014909744262695 0.2301490306854248 0.16014909744262695 0.08014905452728271 0.1701490879058838 0.1701490879058838 0.14001643657684326 0.24001646041870117 0.190016508102417 0.4300163984298706 0.16001641750335693 0.1800163984298706 0.1800163984298706 0.3100165128707886 0.21001648902893066 0.2604871988296509 0.19048714637756348 0.3704872131347656 0.3704872131347656 0.2960209846496582 0.2960209846496582 0.27602100372314453 0.4932878017425537 0.35328781604766846 0.17781031131744385 2.4985636472702026 2.498560905456543 2.498560905456543 2.498560905456543 2.498595714569092 2.4986034631729126 0.16830790042877197 0.7603917121887207 0.4745897054672241 0.32458972930908203 0.32458972930908203 0.279171347618103 0.33917129039764404 0.3434027433395386 0.43340277671813965
-0.16772544384002686 0.23227453231811523 0.10227453708648682 0.8722745180130005 0.2301490306854248 0.2301490306854248 0.3001490831375122 0.37014901638031006 0.3001490831375122 0.19014906883239746 0.3001490831375122 0.12014901638031006 0.21014904975891113 0.21014904975891113 0.16001641750335693 0.13001644611358643 0.2200164794921875 0.33001649379730225 0.4300163984298706 0.4300163984298706 0.4300163984298706 0.4300163984298706 0.4300163984298706 0.15048718452453613 0.35048723220825195 0.31048715114593506 0.3204871416091919 0.2660210132598877 0.2660210132598877 0.3960210084915161 0.3632878065109253 0.32328784465789795 0.49854159355163574 2.4985086917877197 2.498560905456543 2.498560905456543 2.498560905456543 2.498602509498596 0.44842398166656494 0.24908506870269775 0.22155165672302246 0.30458974838256836 0.27458977699279785 0.27458977699279785 0.33917129039764404 0.3291712999343872 0.4434027671813965 0.43340277671813965
0.3021430969238281 0.012143135070800781 0.3221430778503418 0.3021430969238281 0.4056239128112793 0.4056239128112793 0.4256240129470825 0.3556239604949951 0.9156239032745361 0.2756239175796509 0.4056239128112793 0.17562401294708252 0.24562394618988037 0.24562394618988037 0.2938265800476074 0.2538266181945801 0.24382662773132324 0.2938265800476074 0.27141833305358887 0.29141831398010254 0.29141831398010254 0.24141836166381836 0.45141828060150146 0.49325382709503174 0.4732537269592285 0.24325382709503174 0.2932537794113159 0.32830357551574707 0.32830357551574707 0.36830365657806396 0.3746289014816284 0.49839913845062256 2.4984230995178223 2.498440384864807 2.498487949371338 2.498487949371338 2.498487949371338 2.4984554052352905 0.22783982753753662 0.35156893730163574 0.3615689277648926 0.36108148097991943 0.44108152389526367 0.44108152389526367 0.9610815048217773 0.4510815143585205 0.49820780754089355 0.46820783615112305
0.41214311122894287 0.34214305877685547 0.3021430969238281 0.36214303970336914 0.5456240177154541 0.5456240177154541 0.33562397956848145 0.3756239414215088 0.3256239891052246 0.33562397956848145 0.4056239128112793 0.4456239938735962 0.17562401294708252 0.17562401294708252 0.4338265657424927 0.3238266706466675 0.31382668018341064 0.2838265895843506 0.27141833305358887 0.23141837120056152 0.23141837120056152 0.3514183759689331 0.42141830921173096 0.4732537269592285 0.22325372695922852 0.39325380325317383 0.30325376987457275 0.3418177366256714 0.3418177366256714 0.36181771755218506 0.2372417449951172 2.498366355895996 2.4983869791030884 2.4983869791030884 2.498440146446228 2.498440146446228 2.4984402656555176 2.4982690811157227 0.2873814105987549 0.3646416664123535 0.5746417045593262 0.40108156204223633 0.5810815095901489 0.5810815095901489 0.5610815286636353 0.46108150482177734 0.4482078552246094 0.46820783615112305
0.31214308738708496 0.2721431255340576 0.2621431350708008 0.2721431255340576 0.33562397956848145 0.33562397956848145 0.3456239700317383 0.26562392711639404 0.2956240177154541 0.36562395095825195 0.2256239652633667 0.23562395572662354 0.21562397480010986 0.21562397480010986 0.4338265657424927 0.163826584815979 0.2338266372680664 0.2538266181945801 0.1814182996749878 0.24141836166381836 0.24141836166381836 0.2514183521270752 0.45141828060150146 0.04325377941131592 0.1632537841796875 0.37325382232666016 0.24325382709503174 0.2918177843093872 0.2918177843093872 0.24181771278381348 2.4983484745025635 2.4983139038085938 2.4983869791030884 2.4983869791030884 2.4984536170959473 2.4984536170959473 2.4984700679779053 0.43782174587249756 0.442285418510437 0.4246417284011841 0.7246416807174683 0.3910815715789795 0.5210815668106079 0.5210815668106079 0.5710815191268921 0.40108156204223633 0.4282078742980957 0.40820789337158203
0.18214309215545654 0.23214304447174072 0.372143030166626 0.3521430492401123 0.4156240224838257 0.4156240224838257 0.33562397956848145 0.3256239891052246 0.30562400817871094 0.20562398433685303 0.1256239414215088 0.17562401294708252 0.17562401294708252 0.20562398433685303 0.4409092664718628 0.2909092903137207 0.25090932846069336 0.15090930461883545 0.08819234371185303 0.09819233417510986 0.09819233417510986 0.16819226741790771 0.17819225788116455 0.3603208065032959 0.30032074451446533 0.4242868423461914 0.3742868900299072 0.3839750289916992 0.3839750289916992 2.4981892108917236 2.498166799545288 2.4982144832611084 2.4983333349227905 2.4983333349227905 0.44768619537353516 0.44768619537353516 0.32978057861328125 0.47353076934814453 0.5835307836532593 0.6170185804367065 0.5670186281204224 0.5132901668548584 0.5132901668548584 0.5132901668548584 0.8132902383804321 0.44329023361206055 0.5140036344528198 0.534003734588623
-0.4678569436073303 -0.1078568696975708 0.8921430110931396 0.43214309215545654 0.3756239414215088 0.3756239414215088 0.48562395572662354 0.3856239318847656 0.3156239986419678 0.20562398433685303 0.4256240129470825 0.20562398433685303 0.20562398433685303 0.0456240177154541 0.2309093475341797 0.10090935230255127 0.3609093427658081 0.34090936183929443 0.23819231986999512 0.16819226741790771 0.16819226741790771 0.008192300796508789 0.1881922483444214 0.2598435878753662 0.4098435640335083 0.365917444229126 0.41591739654541016 0.41690969467163086 0.41690969467163086 2.4979264736175537 2.498043417930603 2.4981093406677246 2.4982866048812866 2.4981106519699097 0.2774059772491455 0.2774059772491455 0.47170770168304443 0.5451673269271851 0.5351673364639282 0.5287023782730103 0.5787023305892944 0.63329017162323 0.5832902193069458 0.5832902193069458 0.5832902193069458 0.5232902765274048 0.444003701210022 0.4840036630630493
-0.3727535605430603 -0.6727536022663116 0.19724643230438232 0.38724637031555176 0.43188512325286865 0.43188512325286865 0.3918851613998413 0.9418851137161255 0.411885142326355 0.37188518047332764 0.2918851375579834 0.16188514232635498 0.16188514232635498 0.2618851661682129 0.3795158863067627 0.41951584815979004 0.19951581954956055 0.1895158290863037 0.2851898670196533 0.305189847946167 0.305189847946167 0.2851898670196533 0.38518989086151123 0.08392107486724854 0.25392115116119385 0.20429301261901855 0.42429304122924805 0.4229809045791626 0.4229809045791626 0.14685487747192383 0.43707597255706787 0.1774691343307495 0.38851189613342285 0.3985118865966797 0.42127716541290283 0.42127716541290283 0.36127710342407227 0.4480302333831787 0.4780302047729492 0.6280301809310913 0.6180301904678345 0.555740237236023 0.5457402467727661 0.5457402467727661 0.615740180015564 0.5457402467727661 0.4481858015060425 0.7681857347488403
-0.282753586769104 -0.42275357246398926 0.4372464418411255 0.45724642276763916 0.411885142326355 0.411885142326355 0.37188518047332764 0.4918851852416992 0.4518852233886719 0.411885142326355 0.17188513278961182 0.3318852186203003 0.3318852186203003 0.24188518524169922 0.3095158338546753 0.31951582431793213 0.11951589584350586 0.2295159101486206 0.24518990516662598 0.2751898765563965 0.2751898765563965 0.3351898193359375 0.4651898145675659 0.28392112255096436 0.243921160697937 0.20429301261901855 0.42429304122924805 2.4930132627487183 2.4930132627487183 0.17160475254058838 0.4334843158721924 0.25343501567840576 0.2385118007659912 0.36851179599761963 0.4412771463394165 0.4412771463394165 0.4412771463394165 0.4680302143096924 0.6280301809310913 0.8480302095413208 0.5680302381515503 0.555740237236023 0.9657402038574219 0.9657402038574219 0.5457402467727661 0.45574021339416504 0.478185772895813 0.40818583965301514
0.09724640846252441 0.38724637031555176 0.42724645137786865 0.3772463798522949 0.25188517570495605 0.25188517570495605 0.13188517093658447 0.28188514709472656 0.47188520431518555 0.22188520431518555 0.40188515186309814 0.34188520908355713 0.34188520908355713 0.2718851566314697 0.31951582431793213 0.21951591968536377 0.33951592445373535 0.3295159339904785 0.24518990516662598 0.4651898145675659 0.4651898145675659 0.3351898193359375 0.16518986225128174 0.4608886241912842 0.350888729095459 0.32051312923431396 0.4205131530761719 0.28829967975616455 0.28829967975616455 0.2982996702194214 0.30965352058410645 0.3196535110473633 0.4636974334716797 0.30369746685028076 0.2506897449493408 0.2506897449493408 0.40068984031677246 0.4680302143096924 0.42803025245666504 0.6080302000045776 0.5480302572250366 0.5357402563095093 0.43574023246765137 0.43574023246765137 0.48574018478393555 0.48574018478393555 0.5381858348846436 0.5481858253479004
0.13724637031555176 -0.002753615379333496 0.19724643230438232 -0.3027535676956177 0.06188523769378662 0.06188523769378662 0.25188517570495605 0.19188523292541504 0.34188520908355713 0.37188518047332764 0.3618851900100708 0.9418851137161255 0.9418851137161255 0.43188512325286865 0.3190683126449585 0.24906837940216064 0.2390683889389038 0.19906830787658691 0.46842873096466064 0.48842883110046387 0.48842883110046387 0.5984288454055786 0.2484288215637207 0.7741305828094482 0.8241305351257324 0.4741305112838745 0.3141305446624756 0.3141305446624756 0.4475032091140747 0.30750322341918945 0.20750319957733154 0.3275032043457031 0.3285282850265503 0.23852825164794922 0.31852829456329346 0.31852829456329346 0.41852831840515137 0.21389508247375488 0.4638950824737549 0.9592105150222778 0.88921058177948 0.7910352945327759 0.5410352945327759 0.5410352945327759 0.5210351943969727 0.4010353088378906 0.741527795791626 0.4215278625488281
0.1872464418411255 0.14724647998809814 0.07724642753601074 -0.282753586769104 -0.282753586769104 -0.07811486721038818 -0.028114795684814453 0.28188514709472656 0.47188520431518555 0.43188512325286865 0.34188520908355713 0.35188519954681396 0.35188519954681396 0.22188520431518555 0.30906832218170166 0.40906834602355957 0.45906829833984375 0.3590683937072754 0.43842875957489014 0.6084288358688354 0.6084288358688354 0.5484287738800049 0.47842884063720703 0.7241305112838745 0.8141305446624756 0.7841305732727051 0.5541305541992188 0.5541305541992188 0.3275032043457031 0.2875032424926758 0.3875032663345337 0.4775031805038452 0.1785283088684082 0.21852827072143555 0.28852832317352295 0.28852832317352295 0.25852835178375244 0.32389509677886963 0.2638951539993286 0.3992105722427368 0.40921056270599365 0.4010353088378906 0.43103528022766113 0.43103528022766113 0.5910352468490601 0.5110352039337158 0.45152783393859863 0.46152782440185547
0.017246484756469727 0.38724637031555176 -0.12275362014770508 0.38724637031555176 0.38724637031555176 0.0018851757049560547 0.03188514709472656 0.18188512325286865 0.2618851661682129 0.32188522815704346 0.3318852186203003 0.44188523292541504 0.44188523292541504 0.40188515186309814 0.289068341255188 0.11906838417053223 0.479068398475647 0.5090683698654175 0.5784287452697754 0.5084288120269775 0.5084288120269775 0.5084288120269775 0.5284287929534912 0.5541305541992188 0.37413060665130615 0.5341305732727051 0.7741305828094482 0.7741305828094482 0.9075032472610474 0.33750319480895996 0.3175032138824463 0.3475031852722168 0.46852827072143555 0.21852827072143555 0.31852829456329346 0.31852829456329346 0.28852832317352295 0.16350030899047852 0.19350028038024902 0.17078804969787598 0.31078803539276123 0.43103528022766113 0.34103524684906006 0.34103524684906006 0.41103529930114746 0.39103519916534424 0.5015277862548828 0.39152777194976807
0.22749650478363037 0.2374964952468872 0.3674964904785156 0.2874964475631714 0.2874964475631714 0.16604828834533691 0.34604835510253906 0.9660482406616211 0.1360483169555664 -0.0508803129196167 0.3591197729110718 0.2891197204589844 0.2891197204589844 0.21911978721618652 0.3359640836715698 0.41596412658691406 0.5059641599655151 0.5259641408920288 0.4959641695022583 0.5559641122817993 0.5559641122817993 0.4259641170501709 0.5259641408920288 0.4725196361541748 0.5325196981430054 0.4725196361541748 0.33251965045928955 0.33251965045928955 0.7570991516113281 0.8970991373062134 0.4768252372741699 0.24682533740997314 0.3101792335510254 0.3801792860031128 0.4831045866012573 0.4831045866012573 0.2631046772003174 0.42533576488494873 0.33381903171539307 0.12195134162902832 0.4219512939453125 0.2933298349380493 0.24332976341247559 0.24332976341247559 0.21332979202270508 0.3933297395706177 0.2282865047454834 -0.08171349763870239
