SimulationData/Scenarios/Waterwolf/Flooding/Uitdammerdijk/480.asc
ncols        561
nrows        278
xllcorner    4.817258165162
yllcorner    52.370746892638
cellsize     0.000511251697
NODATA_value  -9999
[rows 44 to 65 of 278, columns 144 to 191 of 561]
-0.7099997997283936 -0.7199997901916504 -0.6699998378753662 -0.5699996948242188 -0.6899998188018799 -0.7099997997283936 -0.7399997711181641 -0.7599999904632568 -0.7599999904632568 -0.8899998664855957 -0.8299999237060547 -0.7799999713897705 -0.5799999237060547 -0.8400001525878906 -0.8600001335144043 -0.8600001335144043 -0.8400001525878906 -0.8300001621246338 -0.6700000762939453 -0.690000057220459 -0.5500001907348633 -0.8300001621246338 -1.2300000190734863 -1.2300000190734863 -1.0600001811981201 -1.5200002193450928 -0.9000000953674316 -1.8000001907348633 -0.809999942779541 -0.809999942779541 -0.8499999046325684 -0.8499999046325684 -0.46000003814697266 -0.5999999046325684 -0.7599997520446777 -0.7199997901916504 -0.7799997329711914 -0.7399997711181641 -0.7399997711181641 -0.7799997329711914 -0.059999942779541016 -0.6999998092651367 -0.6899998188018799 -0.6699998378753662 -0.5 -0.7199997901916504 -0.7199997901916504 -0.7399997711181641
-0.7300000190734863 -0.6499998569488525 -0.6699998378753662 -0.6999998092651367 -0.75 -0.679999828338623 -0.38000011444091797 -0.8399999141693115 -0.8399999141693115 -0.7099997997283936 -0.8199999332427979 -0.8399999141693115 -0.9199998378753662 -0.8500001430511475 -0.8400001525878906 -0.8400001525878906 -0.8400001525878906 -0.7899999618530273 -0.07000017166137695 -0.7100000381469727 -0.8300001621246338 -0.8400001525878906 -0.37000036239624023 -0.37000036239624023 -0.21000003814697266 -0.26000022888183594 -0.7600002288818359 -0.75 -0.7699999809265137 -0.8299999237060547 -0.8299999237060547 -0.8700001239776611 -0.5699996948242188 -0.6399998664855957 -0.679999828338623 -0.7099997997283936 -0.7599997520446777 -0.7399997711181641 -0.7399997711181641 -0.679999828338623 -0.7799997329711914 -0.6999998092651367 -0.7099997997283936 -0.6999998092651367 -0.7099997997283936 -0.6299996376037598 -0.6299996376037598 -0.5899996757507324
-0.5899996757507324 -0.679999828338623 -0.7300000190734863 -0.7199997901916504 -0.7299997806549072 -0.019999980926513672 -0.679999828338623 -0.7399997711181641 -0.7399997711181641 -0.6899998188018799 -0.7599999904632568 -0.809999942779541 -0.809999942779541 -0.6700000762939453 -1.0099999904632568 -1.0099999904632568 -0.9800000190734863 -0.9200000762939453 -0.75 -0.07000017166137695 -1.6600000858306885 -1.2100000381469727 -0.26000022888183594 -0.26000022888183594 -0.9500000476837158 -0.820000171661377 -1.2300000190734863 -0.7300000190734863 -0.7100000381469727 -0.24000024795532227 -0.24000024795532227 -0.690000057220459 -0.6099996566772461 -0.6299996376037598 -0.5999999046325684 -0.6499996185302734 -0.7199997901916504 -0.48999977111816406 -0.48999977111816406 -0.8299999237060547 -0.6299996376037598 -0.6599998474121094 -0.7199997901916504 -0.6999998092651367 -0.7099997997283936 -0.7099997997283936 -0.7099997997283936 -0.039999961853027344
-0.6899998188018799 -0.6599998474121094 -0.7699999809265137 -0.7099997997283936 -0.630000114440918 -0.6600000858306885 -0.8500001430511475 -0.7699999809265137 -0.7699999809265137 -0.36999988555908203 -0.8000001907348633 -0.7200000286102295 -0.7599999904632568 -0.9100000858306885 -1.130000114440918 -1.130000114440918 -1.6400001049041748 -0.9600000381469727 -0.1700000762939453 -0.690000057220459 -0.1700000762939453 -1.5199999809265137 -1.700000286102295 -1.700000286102295 -0.9500000476837158 -0.9100000858306885 -0.869999885559082 -0.25 -0.7800002098083496 -0.869999885559082 -0.869999885559082 -0.9600000381469727 -0.36999988555908203 -0.630000114440918 -0.5900001525878906 -0.5199999809265137 -0.5199999809265137 -0.559999942779541 -0.559999942779541 -0.5899996757507324 -0.679999828338623 -0.6200001239776611 -0.5900001525878906 -0.6800000667572021 -0.6800000667572021 -0.6800000667572021 -0.7099997997283936 -0.7099997997283936
-0.7299997806549072 -0.7099997997283936 -0.7799999713897705 -0.7499997615814209 -0.09999990463256836 -0.7300000190734863 -0.7000000476837158 -0.5 -0.5 -0.7400000095367432 -0.75 -0.7699999809265137 -0.8500001430511475 -0.21000003814697266 -0.05000019073486328 -0.05000019073486328 -0.940000057220459 -0.9300000667572021 -0.8600001335144043 -0.6700000762939453 -0.75 -0.9200000762939453 -1.1500000953674316 -1.1500000953674316 -0.940000057220459 -0.8299999237060547 -0.9000000953674316 -0.9100000858306885 -1.5400002002716064 -0.9500000476837158 -0.9500000476837158 -1.0300002098083496 -0.1100001335144043 -0.7100000381469727 -0.7100000381469727 -0.48000001907348633 -0.039999961853027344 -0.6099996566772461 -0.6099996566772461 -0.6899998188018799 -0.7299997806549072 -0.2200002670288086 -0.6500000953674316 -0.6700000762939453 -0.7300000190734863 -0.7300000190734863 -0.6999998092651367 -0.75
-0.7299997806549072 -0.7899999618530273 -0.7199997901916504 -0.6399998664855957 -0.7800002098083496 -0.6100001335144043 -0.7599999904632568 -0.7599999904632568 -0.8700001239776611 -0.8500001430511475 -0.8100001811981201 -0.7599999904632568 -1.7200000286102295 -0.9200000762939453 -1 -1 -1.2300000190734863 -0.7300000190734863 -0.8600001335144043 -0.690000057220459 -0.75 -0.8700001239776611 -0.8899998664855957 -0.8899998664855957 -1.0600001811981201 -0.9000000953674316 -0.9100000858306885 -0.8299999237060547 -0.8600001335144043 -1.0600001811981201 -1.0600001811981201 -1.0300002098083496 -0.8100001811981201 -0.8100001811981201 -0.7100000381469727 -0.75 -0.7299997806549072 -0.6299998760223389 -0.6299998760223389 -0.019999980926513672 -0.8299999237060547 -0.6800000667572021 -0.7000000476837158 -0.820000171661377 -0.7600002288818359 -0.7600002288818359 -0.7899999618530273 -0.7799999713897705
-0.7299997806549072 -0.039999961853027344 -0.6999998092651367 -0.7199997901916504 -0.7800002098083496 -0.7800002098083496 -0.8400001525878906 -0.8400001525878906 -1.2599999904632568 -1.1000001430511475 -0.05000019073486328 -1.070000171661377 -0.7699999809265137 -1.6500000953674316 -0.8500001430511475 -0.8500001430511475 -1.1500000953674316 -0.8100001811981201 -0.8000001907348633 -0.7599999904632568 -0.7400000095367432 -0.8000001907348633 -1.0400002002716064 -1.0400002002716064 -1.0300002098083496 -1.070000171661377 -0.8499999046325684 -0.8400001525878906 -0.8000001907348633 -0.3000001907348633 -0.3000001907348633 -0.8299999237060547 -0.75 -0.7400000095367432 -0.8299999237060547 -0.6999998092651367 -0.7300000190734863 -0.7300000190734863 -0.7300000190734863 -0.619999885559082 -0.7199997901916504 -0.6999998092651367 -0.6999998092651367 -0.5 -0.869999885559082 -0.869999885559082 -0.9700000286102295 -1.010000228881836
-0.6999998092651367 -0.5399999618530273 -0.679999828338623 -0.7499997615814209 -0.75 -0.820000171661377 -1.7100000381469727 -1.7100000381469727 -0.6399998664855957 -1.1700000762939453 -1.130000114440918 -0.940000057220459 -0.8700001239776611 -0.8400001525878906 -0.4100003242492676 -0.4100003242492676 -0.09000015258789062 -0.9300000667572021 -0.8600001335144043 -0.05000019073486328 -0.8100001811981201 -0.49000024795532227 -0.49000024795532227 -1.0900001525878906 -1.1100001335144043 -1.0300002098083496 -1.130000114440918 -0.9100000858306885 -0.8299999237060547 -0.820000171661377 -0.820000171661377 -0.9800000190734863 -0.75 -0.7799999713897705 -0.6999998092651367 -0.7899999618530273 -0.6599998474121094 -0.75 -0.75 -0.7099997997283936 -0.7599999904632568 -0.7699999809265137 -0.7699999809265137 -0.8399999141693115 -0.7699999809265137 -0.7699999809265137 -0.9800000190734863 -0.8299999237060547
-0.9799997806549072 -0.809999942779541 -0.809999942779541 -0.8499999046325684 -0.05000019073486328 -0.05000019073486328 -0.7800002098083496 -0.7800002098083496 -0.9600000381469727 -1.0600001811981201 -1.320000171661377 -0.9300000667572021 -0.8700001239776611 -0.940000057220459 -0.8300001621246338 -0.8300001621246338 -0.820000171661377 -0.880000114440918 -0.8600001335144043 -0.3299999237060547 -0.8100001811981201 -0.6700000762939453 -0.6700000762939453 -1.0600001811981201 -1.1200001239776611 -1.1800000667572021 -1.0800001621246338 -0.9700000286102295 -0.25 -0.7899999618530273 -0.7899999618530273 -0.9000000953674316 -1.0799999237060547 -0.7400000095367432 -0.6599998474121094 -0.4099998474121094 -0.7799999713897705 -0.75 -0.75 -0.8599998950958252 -0.8499999046325684 -0.7999999523162842 -0.75 -0.8799998760223389 -0.23999977111816406 -0.23999977111816406 -1.4599997997283936 -4.50999990105629
-1.0699999332427979 -0.15999984741210938 -1.0099999904632568 -1.0999999046325684 -0.7200000286102295 -0.7599999904632568 -0.7599999904632568 -0.7599999904632568 -0.7699999809265137 -0.7200000286102295 -0.619999885559082 -0.880000114440918 -0.8300001621246338 -0.6800000667572021 -0.8400001525878906 -0.8400001525878906 -0.880000114440918 -0.940000057220459 -0.6600000858306885 -0.8300001621246338 -0.7400000095367432 -0.05000019073486328 -0.05000019073486328 -1.0500001907348633 -0.37000036239624023 -1.0900001525878906 -1.0400002002716064 -0.9000000953674316 -0.9100000858306885 -0.7899999618530273 -0.7899999618530273 -0.9300000667572021 -0.9300003051757812 -0.440000057220459 -0.9100003242492676 -0.820000171661377 -0.9200000762939453 -0.9200000762939453 -0.8600001335144043 -0.8999998569488525 0 -1.0199999809265137 -4.639999903738499 -4.099999904632568 -3.6999999284744263 -3.6999999284744263 -0.0700000524520874 -0.25
-0.21000003814697266 -0.9800000190734863 -0.9600000381469727 -1.0499999523162842 -0.9700000286102295 -0.7400000095367432 -0.7900002002716064 -0.7900002002716064 -0.7100000381469727 -0.7800002098083496 -0.8100001811981201 -0.8500001430511475 -0.8300001621246338 -0.05000019073486328 -0.8600001335144043 -0.8600001335144043 -0.8900001049041748 -0.9500000476837158 -0.880000114440918 -0.8500001430511475 -0.6500000953674316 -0.8500001430511475 -0.8500001430511475 -1.0300002098083496 -1.010000228881836 -1.0600001811981201 -1.0800001621246338 -0.9000000953674316 -0.8700001239776611 -0.8000001907348633 -0.8000001907348633 -0.35000038146972656 -0.9900002479553223 -1.000000238418579 -1.6000001430511475 -0.9700002670288086 -0.9099998474121094 -0.9099998474121094 -0.04999971389770508 -0.010000228881835938 -2.1000001430511475 -2.9800000190734863 -3.1400000154972076 -0.039999961853027344 -0.1499999761581421 -0.1499999761581421 -0.16999995708465576 -1.0999999642372131
-1.0299999713897705 -0.940000057220459 -0.9600000381469727 -0.7599997520446777 -0.8000001907348633 -0.8400001525878906 -0.7599999904632568 -0.7599999904632568 -0.7599999904632568 -0.7200000286102295 -0.7800002098083496 -0.7000000476837158 -0.8900001049041748 -0.7100000381469727 -0.9800000190734863 -0.9800000190734863 -0.880000114440918 -0.9300000667572021 -0.8600001335144043 -0.8600001335144043 -0.75 -0.7800002098083496 -0.7800002098083496 -0.619999885559082 -0.6999998092651367 -0.7599997520446777 -0.7399997711181641 -0.8900001049041748 -0.809999942779541 -0.8700001239776611 -0.8700001239776611 -0.8400001525878906 -0.7899999618530273 -1.1399998664855957 -1.1599998474121094 -2.4099998474121094 -2.6699999570846558 -2.6699999570846558 -4.099999904632568 -1.969999946653843 -0.5199999809265137 -0.12999999523162842 -0.18999993801116943 -0.13999998569488525 -2.199999988079071 -2.199999988079071 -0.2099999189376831 -0.019999980926513672
-0.929999828338623 -0.8599998950958252 -0.9700000286102295 -0.929999828338623 -0.7900002002716064 -0.7699999809265137 -0.7800002098083496 -0.7800002098083496 -0.8100001811981201 -0.8600001335144043 -0.25 -0.8000001907348633 -0.8400001525878906 -0.8900001049041748 -0.8300001621246338 -0.8300001621246338 -0.6800000667572021 -0.9200000762939453 -0.7800002098083496 -0.6800000667572021 -0.7400000095367432 -0.7699999809265137 -0.7699999809265137 -0.7799997329711914 -1.0099997520446777 -0.059999942779541016 -0.8199999332427979 -0.9600002765655518 -0.7899999618530273 -0.8000001907348633 -0.8000001907348633 -0.8700001239776611 -0.8599998950958252 -0.8999998569488525 -0.019999980926513672 -5.529999911785126 -4.099999904632568 -4.099999904632568 -3.3399999141693115 -0.13999998569488525 -0.13999998569488525 -0.309999942779541 -0.24000000953674316 -2.2899999618530273 -0.18999993801116943 -0.18999993801116943 -0.44999992847442627 -0.07999992370605469
-0.929999828338623 -0.8899998664855957 -0.9700000286102295 -0.929999828338623 -0.7699999809265137 -0.8700001239776611 -0.630000114440918 -0.630000114440918 -0.8300001621246338 -0.820000171661377 -0.8500001430511475 -0.8600001335144043 -0.7200000286102295 -0.5100002288818359 -0.5100002288818359 -0.9600000381469727 -0.8000001907348633 -0.9000000953674316 -0.8300001621246338 -0.8000001907348633 -0.820000171661377 -0.619999885559082 -0.619999885559082 -0.7599997520446777 -0.809999942779541 -0.7199997901916504 -0.7799997329711914 -0.9300000667572021 -0.809999942779541 -0.7800002098083496 -0.7800002098083496 -0.7200002670288086 0 -2.0799999237060547 -3.310000002384186 -1.9800000190734863 -0.0700000524520874 -0.0700000524520874 -0.0700000524520874 -0.48000001907348633 -0.07999992370605469 -1.4000000953674316 -1.1299999952316284 -0.7400000095367432 -1 -1 -0.8700000047683716 -0.7800000905990601
-0.7599997520446777 -0.039999961853027344 -0.7899999618530273 -0.7399997711181641 -0.7599999904632568 -0.7599999904632568 -0.3399996757507324 -0.3399996757507324 -0.7599999904632568 -0.679999828338623 -0.6299998760223389 -0.7300000190734863 -0.5799999237060547 -0.9399998188018799 -0.9399998188018799 -0.8999998569488525 -0.869999885559082 -0.869999885559082 -0.809999942779541 -0.8799998760223389 -0.13000011444091797 -0.7799999713897705 -0.7799999713897705 -0.820000171661377 -0.6600000858306885 -0.75 -0.8300001621246338 -0.4499998092651367 -0.059999942779541016 -0.8799998760223389 -0.8799998760223389 -1.2199997901916504 -1.2199997901916504 -4.049999892711639 -0.440000057220459 -0.30000007152557373 -0.1700000762939453 -0.1700000762939453 -0.12999999523162842 -0.6600000858306885 -0.5900000333786011 -0.5900000333786011 -0.6600000858306885 0 -0.5600000619888306 -0.5600000619888306 -0.6399999856948853 -0.7799999713897705
-0.809999942779541 -0.7099997997283936 -0.7899999618530273 -0.7299997806549072 -0.7400000095367432 -0.6999998092651367 -0.7799999713897705 -0.7799999713897705 -0.7300000190734863 -0.7099997997283936 -0.679999828338623 -0.7699999809265137 -0.8899998664855957 -0.9800000190734863 -0.9800000190734863 -0.9800000190734863 -0.5 -0.8799998760223389 -0.8799998760223389 -0.8399999141693115 -0.8599998950958252 -0.8199999332427979 -0.8199999332427979 -0.7800002098083496 -0.05000019073486328 -0.9200000762939453 -0.820000171661377 -0.869999885559082 -0.9499998092651367 -0.9499998092651367 -0.6599998474121094 -0.7599997520446777 -1.25 -3.5899999141693115 -0.12000000476837158 -0.09000003337860107 -0.15000009536743164 -0.15000009536743164 -0.1700000762939453 -0.5900000333786011 -0.5900000333786011 -0.20000004768371582 -0.6500000953674316 -0.43000006675720215 -0.6700000762939453 -0.6700000762939453 -0.5700000524520874 -0.690000057220459
-0.8299999237060547 -0.6299996376037598 -0.809999942779541 -0.6299996376037598 -0.809999942779541 -0.929999828338623 -0.8399999141693115 -0.8399999141693115 -0.9199998378753662 0 -0.679999828338623 -0.7199997901916504 -0.9099998474121094 -0.9399998188018799 -0.9399998188018799 -0.869999885559082 -0.8799998760223389 -0.869999885559082 -0.8199999332427979 -0.7599999904632568 -0.8299999237060547 -0.8299999237060547 -0.8299999237060547 -0.05000019073486328 -0.7900002002716064 -0.8100001811981201 -0.8100001811981201 -0.8299999237060547 -0.9999997615814209 -0.9999997615814209 -0.9699997901916504 -0.929999828338623 -4.040000151842833 -3.370000123977661 -0.15999996662139893 -0.12000000476837158 -0.12999999523162842 -0.12999999523162842 -1.959999956190586 -0.8000000715255737 -0.8700000047683716 -0.3500000238418579 -0.19000005722045898 -0.38000011444091797 -0.6100000143051147 -0.6100000143051147 -0.6000000238418579 -0.6000000238418579
-0.8499999046325684 -0.7899999618530273 -0.7599999904632568 -0.6399998664855957 -0.8299999237060547 -0.8899998664855957 -0.4099998474121094 -0.4099998474121094 -0.9499998092651367 -0.6699998378753662 -0.7199997901916504 -0.6499998569488525 -0.23000001907348633 -0.8999998569488525 -0.8999998569488525 -0.7799999713897705 -0.809999942779541 -0.8899998664855957 -0.75 -0.9199998378753662 -0.7999999523162842 -0.8199999332427979 -0.8199999332427979 -0.8299999237060547 -0.8199999332427979 -0.8199999332427979 -0.8499999046325684 -0.9599997997283936 -0.679999828338623 -0.679999828338623 -0.9800000190734863 -0.7699999809265137 -3.959999918937683 -2.1699999570846558 -0.12000000476837158 -0.029999971389770508 -2.7100000381469727 -2.7100000381469727 -0.49000000953674316 -0.9000000953674316 -0.9100000858306885 -0.8600000143051147 -1.0600000619888306 -0.5199999809265137 -0.5099999904632568 -0.5099999904632568 -0.6100000143051147 -0.6200000047683716
-0.9099998474121094 -0.8599998950958252 -0.7899999618530273 -0.5999999046325684 -0.09999990463256836 -0.8399999141693115 -0.8399999141693115 -0.8299999237060547 -0.8599998950958252 -0.7400000095367432 -0.6599998474121094 -0.7400000095367432 -0.8199999332427979 -0.7599999904632568 -0.7599999904632568 -0.6599998474121094 -0.40000009536743164 -1.0499999523162842 -0.8999998569488525 -0.8799998760223389 -0.7699999809265137 -0.9099998474121094 -0.9099998474121094 -0.8799998760223389 -0.8499999046325684 -0.8199999332427979 -0.7799999713897705 -0.9100000858306885 -1.1100001335144043 -1.1100001335144043 -0.929999828338623 -1.6999998092651367 -0.9899998903274536 -0.2999999523162842 -2.4600000381469727 -0.8899999856948853 -0.6399999856948853 -0.6399999856948853 -0.5700000524520874 -0.5099999904632568 -0.6200000047683716 -0.48000001907348633 0 -0.5900000333786011 -0.5900000333786011 -0.6200000047683716 -0.5900000333786011 -0.6200000047683716
-0.8199999332427979 -0.7999999523162842 -0.7599999904632568 -0.7799999713897705 -0.7599999904632568 -0.8399999141693115 -0.8399999141693115 -0.8799998760223389 -0.9699997901916504 -0.5699996948242188 -0.7599999904632568 -0.75 -0.7300000190734863 -0.6899998188018799 -0.6899998188018799 -0.15999984741210938 -0.7300000190734863 -0.7099997997283936 -0.619999885559082 -0.7999999523162842 -0.8299999237060547 -0.9199998378753662 -0.9199998378753662 -0.6899998188018799 -0.7999999523162842 -0.8899998664855957 -0.7999999523162842 -0.8900001049041748 -0.8500001430511475 -0.8500001430511475 -0.8799998760223389 -3.6899998784065247 -0.7499998807907104 -1.3299999237060547 -1.190000057220459 -0.5900000333786011 -0.46000003814697266 -0.46000003814697266 -0.6600000858306885 -0.5600000619888306 -0.5900000333786011 -0.4700000286102295 -0.43000006675720215 -0.7400000095367432 -0.7400000095367432 -0.6200000047683716 -0.5800000429153442 -0.5700000524520874
-0.6099998950958252 -0.8599998950958252 -0.809999942779541 -0.8399999141693115 -0.8299999237060547 -0.7899999618530273 -0.7899999618530273 0 -0.9900000095367432 -0.5100002288818359 -0.8700001239776611 -0.8500001430511475 -0.570000171661377 -0.5 -0.5 -0.5799999237060547 -0.75 -0.8799998760223389 0 -0.8899998664855957 -0.8799998760223389 -0.8999998569488525 -0.8999998569488525 -0.8600001335144043 -0.7300000190734863 -0.630000114440918 -0.6100001335144043 -1.4099998474121094 -2.9899998903274536 -2.9899998903274536 -2.909999907016754 -2.3899999260902405 -0.5900000333786011 -0.9300000667572021 -0.6299999952316284 0 -0.6399999856948853 -0.6399999856948853 -0.5 -0.6399999856948853 -0.5300000905990601 -0.5199999809265137 -0.5600000619888306 -0.5700000524520874 -0.5700000524520874 -0.5300000905990601 -0.5800000429153442 -0.5300000905990601
-1.559999942779541 -1.7300000190734863 -1.5199999809265137 -0.75 -0.6899998188018799 -0.8299999237060547 -0.8299999237060547 -0.8499999046325684 -0.7899999618530273 -0.8400001525878906 -1.0500001907348633 -0.8700001239776611 -0.8300001621246338 -0.6699998378753662 -0.6699998378753662 -0.75 -0.8700001239776611 -0.6100001335144043 -0.38000011444091797 -0.869999885559082 -3.879999876022339 -3.879999876022339 -3.6899998784065247 -0.7499977350234985 -0.769997775554657 -0.7899999618530273 -1.2499999403953552 -0.25999999046325684 -0.9500000476837158 -0.9500000476837158 -1.89000004529953 -0.5900000333786011 -0.6800000667572021 -0.6600000858306885 -0.19000005722045898 -0.28000009059906006 -0.6600000858306885 -0.6600000858306885 -0.690000057220459 -0.6399999856948853 -0.6000000238418579 0 -0.5500000715255737 -0.5199999809265137 -0.5199999809265137 -0.5400000810623169 -0.5500000715255737 -0.5500000715255737
