SimulationData/Scenarios/Waterwolf/Flooding/Uitdammerdijk/480.asc
ncols        561
nrows        278
xllcorner    4.817258165162
yllcorner    52.370746892638
cellsize     0.000511251697
NODATA_value  -9999
[rows 132 to 153 of 278, columns 432 to 479 of 561]
-0.461275577545166 0.2022463083267212 0.5060197114944458 0.5060197114944458 0.48601973056793213 -0.14913976192474365 0.18086028099060059 0.5151028633117676 -0.5148971080780029 -0.2218284010887146 0.058171629905700684 0.058171629905700684 0.3087046146392822 0.46873462200164795 2.518736481666565 2.518737554550171 2.5187392234802246 2.5187392234802246 2.5187398195266724 2.5187398195266724 2.5187398195266724 2.518739700317383 -4.171260476112366 -9999 -9999 -9999 -9999 -9999 -9999 -9999 -9999 -9999 -9999 -9999 -9999 -9999 -9999 -9999 -9999 -9999 -9999 -9999 -9999 -9999 -9999 -9999 -9999 -9999
0.3474668264389038 0.42229020595550537 0.5066453218460083 0.5066453218460083 0.3266453742980957 0.3418675661087036 0.3118675947189331 0.46637487411499023 0.5163748264312744 0.4685410261154175 0.44868457317352295 0.44868457317352295 2.5187273025512695 2.5187329053878784 2.5187395811080933 2.5187395811080933 2.518742322921753 2.518742322921753 2.518741726875305 2.518741726875305 2.518741726875305 0.4687415361404419 -2.88126003742218 -9999 -9999 -9999 -9999 -9999 -9999 -9999 -9999 -9999 -9999 -9999 -9999 -9999 -9999 -9999 -9999 -9999 -9999 -9999 -9999 -9999 -9999 -9999 -9999 -9999
0.46976780891418457 0.33377206325531006 0.36664533615112305 0.36664533615112305 0.43664538860321045 0.22186756134033203 0.5118675231933594 0.09637486934661865 0.44637489318847656 2.5186374187469482 2.5186927318573 2.5186927318573 2.518723487854004 2.5187339782714844 2.5187395811080933 2.5187395811080933 2.518742322921753 2.518742322921753 2.518741726875305 2.518741726875305 2.518741726875305 0.14874184131622314 -9999 -9999 -9999 -9999 -9999 -9999 -9999 -9999 -9999 -9999 -9999 -9999 -9999 -9999 -9999 -9999 -9999 -9999 -9999 -9999 -9999 -9999 -9999 -9999 -9999 -9999
0.4441033601760864 0.3863692283630371 0.38929712772369385 0.38929712772369385 0.3692970275878906 0.3536412715911865 0.3936413526535034 0.5172983407974243 0.3872983455657959 0.34858739376068115 2.518723487854004 2.518723487854004 2.5187355279922485 2.5187355279922485 2.518746018409729 2.518746018409729 2.5187430381774902 2.5187430381774902 2.5187430381774902 2.5187418460845947 -2.0012572407722473 -9999 -9999 -9999 -9999 -9999 -9999 -9999 -9999 -9999 -9999 -9999 -9999 -9999 -9999 -9999 -9999 -9999 -9999 -9999 -9999 -9999 -9999 -9999 -9999 -9999 -9999 -9999
0.4071321487426758 0.3671320676803589 0.49504387378692627 0.49504387378692627 0.46504390239715576 0.27504396438598633 0.355043888092041 0.3985532522201538 0.46855318546295166 -0.031027793884277344 0.31897222995758057 0.31897222995758057 2.5187145471572876 2.518778085708618 2.5187841653823853 2.518729329109192 2.5187312364578247 2.5187350511550903 2.5187350511550903 2.5187389850616455 -1.3600000143051147 -9999 -9999 -9999 -9999 -9999 -9999 -9999 -9999 -9999 -9999 -9999 -9999 -9999 -9999 -9999 -9999 -9999 -9999 -9999 -9999 -9999 -9999 -9999 -9999 -9999 -9999 -9999
0.710518479347229 0.460518479347229 0.355043888092041 0.355043888092041 0.30504393577575684 0.355043888092041 0.355043888092041 0.7012466192245483 0.3712465763092041 0.3633077144622803 0.35330772399902344 0.35330772399902344 0.37460994720458984 0.5246099233627319 0.04929161071777344 0.11872172355651855 -0.401275634765625 0.1787320375442505 0.1787320375442505 -1.8600000441074371 -9999 -9999 -9999 -9999 -9999 -9999 -9999 -9999 -9999 -9999 -9999 -9999 -9999 -9999 -9999 -9999 -9999 -9999 -9999 -9999 -9999 -9999 -9999 -9999 -9999 -9999 -9999 -9999
0.4305185079574585 0.4105185270309448 0.3750438690185547 0.3750438690185547 0.40504395961761475 0.9650439023971558 0.36504387855529785 0.33124661445617676 0.40124666690826416 0.3433077335357666 0.38330769538879395 0.38330769538879395 0.37460994720458984 0.22460997104644775 0.41769492626190186 0.19201016426086426 -0.16581296920776367 0.11416804790496826 0.11416804790496826 -0.4099999964237213 -9999 -9999 -9999 -9999 -9999 -9999 -9999 -9999 -9999 -9999 -9999 -9999 -9999 -9999 -9999 -9999 -9999 -9999 -9999 -9999 -9999 -9999 -9999 -9999 -9999 -9999 -9999 -9999
0.2534027099609375 0.33340275287628174 0.3614615201950073 0.3614615201950073 0.3614615201950073 0.5414615869522095 0.9714615345001221 0.49787187576293945 0.43787193298339844 0.40787196159362793 0.39787185192108154 0.39787185192108154 0.3904794454574585 0.4404795169830322 0.29343271255493164 0.37343263626098633 0.24475359916687012 -1.6352463960647583 -1.6352463960647583 -0.6599999964237213 -9999 -9999 -9999 -9999 -9999 -9999 -9999 -9999 -9999 -9999 -9999 -9999 -9999 -9999 -9999 -9999 -9999 -9999 -9999 -9999 -9999 -9999 -9999 -9999 -9999 -9999 -9999 -9999
0.4234027862548828 0.40340280532836914 0.47146153450012207 0.47146153450012207 0.9714615345001221 0.5414615869522095 0.9714615345001221 0.4878718852996826 0.4778718948364258 0.37787187099456787 0.43787193298339844 0.43787193298339844 0.43447554111480713 0.4844754934310913 0.5473027229309082 0.5373026132583618 -0.07163232564926147 -1.7616323232650757 -1.7616323232650757 -0.3700000010430813 -0.39000000059604645 -9999 -9999 -9999 -9999 -9999 -9999 -9999 -9999 -9999 -9999 -9999 -9999 -9999 -9999 -9999 -9999 -9999 -9999 -9999 -9999 -9999 -9999 -9999 -9999 -9999 -9999 -9999
0.43340277671813965 0.40340280532836914 0.39146149158477783 0.39146149158477783 0.5114614963531494 0.4314615726470947 0.46146154403686523 0.43787193298339844 0.39787185192108154 0.6878719329833984 0.5178718566894531 0.5178718566894531 0.5344754457473755 0.4744755029678345 0.4773026704788208 0.527302622795105 0.19836771488189697 -0.06163233518600464 -0.06163233518600464 -0.699999988079071 -9999 -9999 -9999 -9999 -9999 -9999 -9999 -9999 -9999 -9999 -9999 -9999 -9999 -9999 -9999 -9999 -9999 -9999 -9999 -9999 -9999 -9999 -9999 -9999 -9999 -9999 -9999 -9999
0.3582078218460083 0.46820783615112305 0.46307194232940674 0.46307194232940674 0.9830719232559204 0.46307194232940674 0.31307196617126465 0.46307194232940674 0.5230718851089478 0.5230718851089478 0.5230718851089478 0.5130718946456909 0.5007956027984619 0.5407955646514893 0.5607956647872925 0.5307955741882324 0.6633507013320923 0.5533506870269775 0.5533506870269775 -2.0866492986679077 -1.0766492560505867 -9999 -9999 -9999 -9999 -9999 -9999 -9999 -9999 -9999 -9999 -9999 -9999 -9999 -9999 -9999 -9999 -9999 -9999 -9999 -9999 -9999 -9999 -9999 -9999 -9999 -9999 -9999
0.46820783615112305 0.3882077932357788 0.43307197093963623 0.43307197093963623 0.6230719089508057 0.5030719041824341 0.4230719804763794 0.7430719137191772 0.543071985244751 0.6130719184875488 0.6130719184875488 0.49307191371917725 0.5707956552505493 0.5207955837249756 0.5607956647872925 0.6207956075668335 0.02335071563720703 0.30335068702697754 0.30335068702697754 0.5533506870269775 -1.8566492795944214 -9999 -9999 -9999 -9999 -9999 -9999 -9999 -9999 -9999 -9999 -9999 -9999 -9999 -9999 -9999 -9999 -9999 -9999 -9999 -9999 -9999 -9999 -9999 -9999 -9999 -9999 -9999
1.028207778930664 0.43820786476135254 0.4830719232559204 0.4830719232559204 0.46307194232940674 0.41307199001312256 0.46307194232940674 0.8930718898773193 0.5030719041824341 0.543071985244751 0.49307191371917725 0.9830719232559204 0.5499049425125122 0.47990500926971436 0.3699049949645996 0.20990502834320068 -0.01288527250289917 0.227114737033844 0.227114737033844 0.49711471796035767 0.5171146988868713 0.4529258608818054 0.37292593717575073 -0.3370741009712219 -1.7570741176605225 -4.026574552059174 -4.026574552059174 -2.746574580669403 -1.0636657997965813 -1.0536658018827438 -1.0117076113820076 -1.0017076097428799 -1.0516216605901718 -1.0516216605901718 -9999 -9999 -0.220000009983778 -0.16000000573694706 -0.15000000596046448 -9999 -9999 -9999 -9999 -9999 -9999 -9999 -9999 -9999
0.5640037059783936 0.5540037155151367 0.49307191371917725 0.49307191371917725 0.4530719518661499 0.5030719041824341 0.4730719327926636 0.46307194232940674 0.9730719327926636 0.4830719232559204 0.4830719232559204 0.6430718898773193 0.5199049711227417 0.5099049806594849 0.47990500926971436 0.03990495204925537 -0.41288524866104126 -0.6028853058815002 -0.6028853058815002 0.5971147418022156 0.5171146988868713 0.5429258942604065 0.5529258847236633 0.47292596101760864 0.35292595624923706 0.6034253239631653 0.6034253239631653 0.4334253668785095 0.09633415937423706 -0.08366578817367554 -1.1517076045274734 -2.9217076301574707 -1.8316216468811035 -1.8316216468811035 -1.031621664762497 -0.2600000109523535 -0.3000000100582838 -0.040000006556510925 -0.2900000065565109 -0.28999999165534973 -9999 -9999 -9999 -9999 -9999 -9999 -9999 -9999
0.5740036964416504 0.5840036869049072 0.49307191371917725 0.49307191371917725 0.4530719518661499 0.34307193756103516 0.4730719327926636 0.5230718851089478 0.4830719232559204 0.44307196140289307 0.44307196140289307 0.4730719327926636 0.3999049663543701 0.3899049758911133 0.5499049425125122 0.999904990196228 -0.41288524866104126 0.07711464166641235 0.07711464166641235 0.6071147322654724 0.5771146416664124 1.0429258942604065 0.6029259562492371 0.572925865650177 0.5229259133338928 0.5051619410514832 0.5051619410514832 0.5651618838310242 0.5048630833625793 2.6183379888534546 2.6183866262435913 2.6184082627296448 0.5684206485748291 0.5684206485748291 0.5583012104034424 -4.291707277297974 -1.4723979234695435 -0.9150780253112316 -0.9450780246406794 -0.9199999868869781 -9999 -9999 -9999 -9999 -9999 -9999 -9999 -9999
0.478185772895813 0.5681858062744141 0.5495262145996094 0.5495262145996094 0.509526252746582 0.3495262861251831 -0.0904737114906311 0.42952632904052734 0.41952621936798096 0.4395263195037842 0.4395263195037842 0.28952622413635254 0.005260348320007324 0.2552603483200073 1.0352603197097778 0.5652602910995483 0.525260329246521 0.6552603244781494 0.6552603244781494 0.6952602863311768 0.5552603006362915 0.49888110160827637 0.51888108253479 0.5688810348510742 1.0488810539245605 1.0488810539245605 0.5450975894927979 0.6150976419448853 2.618223190307617 2.618348479270935 2.6183964014053345 2.6183964014053345 2.618370771408081 2.618370771408081 2.618370771408081 2.6184256076812744 0.5465982556343079 0.538038969039917 0.5180389881134033 0.5204206109046936 0.5804205536842346 0.5804205536842346 0.2100270390510559 -1.8174421787261963 -4.587621808052063 -1.8876039385795593 -1.3668641149997711 -1.0568641126155853
0.4281858205795288 0.4481858015060425 0.5395262241363525 0.5395262241363525 0.6095262765884399 0.6495262384414673 -0.04047369956970215 -0.07047367095947266 0.3495262861251831 0.23952627182006836 0.23952627182006836 0.1295262575149536 0.38526034355163574 1.0352603197097778 0.48526036739349365 0.4552602767944336 0.5352603197097778 0.5652602910995483 0.5652602910995483 0.6152603626251221 0.5552603006362915 0.5488810539245605 0.6088811159133911 0.618881106376648 0.7288811206817627 0.7288811206817627 0.48509764671325684 0.5450975894927979 0.5683609247207642 2.618380129337311 2.6183964014053345 2.6183964014053345 2.618370771408081 2.618370771408081 2.618370771408081 2.618116021156311 0.4360106587409973 0.4680389165878296 0.45803892612457275 0.49042052030563354 0.5504205822944641 0.5504205822944641 0.47929704189300537 2.6529141068458557 2.652946889400482 0.6022959351539612 0.31313592195510864 0.6531358361244202
0.4481858015060425 0.6181857585906982 0.6181857585906982 0.4395263195037842 0.38952624797821045 0.4395263195037842 0.48952627182006836 -0.05047374963760376 0.9995262622833252 0.6795263290405273 0.6795263290405273 0.4095262289047241 0.4552602767944336 0.5452603101730347 0.48526036739349365 0.585260272026062 1.0352603197097778 0.4952603578567505 0.4952603578567505 0.5352603197097778 0.6452603340148926 0.7088810205459595 0.6888810396194458 0.6588810682296753 0.6488810777664185 0.6488810777664185 0.6549173593521118 0.5449173450469971 0.5683600902557373 2.6183727383613586 2.618432581424713 2.618432581424713 2.618387222290039 2.618387222290039 2.618387222290039 0.3568893074989319 0.4709705710411072 0.3507228493690491 0.450722873210907 0.5155889987945557 0.5055890083312988 0.5055890083312988 2.652367055416107 2.6525452733039856 2.653001070022583 2.6522701382637024 0.4535784125328064 0.5935783982276917
0.491527795791626 0.7315278053283691 0.7315278053283691 0.4995262622833252 0.3795262575149536 0.20952630043029785 0.28952622413635254 0.4095262289047241 0.48952627182006836 0.41952621936798096 0.41952621936798096 0.32952630519866943 0.4052603244781494 0.6852602958679199 0.48526036739349365 0.46526038646698 0.5552603006362915 0.5752602815628052 0.5752602815628052 0.5452603101730347 0.6752603054046631 1.0517661571502686 0.7217661142349243 0.771766185760498 0.6917661428451538 0.6917661428451538 1.0557922720909119 0.6457923054695129 0.6182886362075806 2.618294060230255 2.6184319853782654 2.6185640692710876 2.618562161922455 2.618562161922455 2.618306577205658 0.39612245559692383 0.5029650330543518 0.4747834801673889 0.5447835326194763 0.44211000204086304 0.6023082137107849 0.6023082137107849 2.6520537734031677 2.651560366153717 2.653059661388397 2.6525612473487854 0.4635118246078491 0.5935118198394775
0.5015277862548828 0.4115278720855713 0.4115278720855713 0.3495262861251831 -0.0904737114906311 0.2995262145996094 0.38952624797821045 0.4095262289047241 0.4395263195037842 0.42952632904052734 0.42952632904052734 0.41952621936798096 0.5152603387832642 1.0352603197097778 0.4352602958679199 0.5552603006362915 0.525260329246521 0.5352603197097778 0.5352603197097778 0.585260272026062 1.0352603197097778 0.6317662000656128 0.6617661714553833 0.6317662000656128 0.9517661333084106 0.9517661333084106 0.6884841322898865 0.658484160900116 0.5544031858444214 0.484403133392334 0.45735448598861694 0.42938822507858276 0.5677891969680786 0.5677891969680786 0.44112175703048706 0.5094020366668701 0.4894019365310669 0.5187718272209167 0.3687717318534851 0.43273383378982544 0.6019106507301331 0.6019106507301331 0.6013472676277161 0.46251946687698364 2.6541295051574707 2.653639018535614 0.4631306529045105 0.5931306481361389
-0.0584721565246582 0.26152777671813965 0.26152777671813965 0.26952624320983887 0.41952621936798096 0.3495262861251831 0.449526309967041 0.41952621936798096 0.6595262289047241 0.449526309967041 0.449526309967041 0.449526309967041 0.4352602958679199 0.48526036739349365 0.6652603149414062 0.46526038646698 1.0352603197097778 0.4752603769302368 0.4752603769302368 0.5552603006362915 0.6452603340148926 0.6517661809921265 0.6317662000656128 1.0517661571502686 0.6417661905288696 0.6417661905288696 0.6084840893745422 0.658484160900116 0.6444032192230225 0.5644031763076782 0.45715123414993286 0.45943009853363037 0.4605744481086731 0.4605744481086731 0.43417614698410034 0.6594020128250122 0.49940192699432373 0.5287718176841736 0.4987717270851135 0.43288475275039673 0.5891669392585754 0.5891669392585754 0.4012812376022339 0.4423389434814453 0.5945375561714172 2.6538567543029785 0.45313066244125366 0.5931306481361389
0.24828648567199707 0.4482865333557129 0.4482865333557129 0.41958898305892944 0.47958904504776 0.48958903551101685 0.48958903551101685 0.4495890736579895 0.8895890116691589 0.4695890545845032 0.4695890545845032 0.45958906412124634 0.44973480701446533 0.849734902381897 0.44973480701446533 0.5097348690032959 0.42973482608795166 0.5297348499298096 0.5297348499298096 0.5297348499298096 0.659734845161438 0.5428336262702942 0.6728336215019226 0.6728336215019226 0.6328336596488953 0.6328336596488953 0.6527597308158875 0.5727596879005432 0.9627596735954285 0.5727596879005432 0.5196749567985535 0.609674870967865 0.4648493528366089 0.4648493528366089 0.4348493814468384 0.557586669921875 0.6075866222381592 0.4575866460800171 0.5075865983963013 0.5857554078102112 0.5857554078102112 0.5157553553581238 0.43187612295150757 0.6318760514259338 0.5953638553619385 0.4234809875488281 0.6291206479072571 0.4891206622123718
