SimulationData/Scenarios/Waterwolf/Flooding/Uitdammerdijk/540.asc
ncols        561
nrows        278
xllcorner    4.817258165162
yllcorner    52.370746892638
cellsize     0.000511251697
NODATA_value  -9999
[rows 110 to 131 of 278, columns 288 to 335 of 561]
-0.6700000762939453 -0.8200000524520874 -0.6800000667572021 -0.16000008583068848 -0.16000008583068848 -0.40000009536743164 -0.6200000047683716 0 -0.6100000143051147 -0.5499999523162842 -0.5800000429153442 -0.5800000429153442 -0.6399999856948853 -0.5800000429153442 -0.6200000047683716 -0.6399999856948853 -0.5700000524520874 -0.6699999570846558 -0.5900000333786011 -0.5900000333786011 -0.6699999570846558 -0.6200000047683716 0 -0.5700000524520874 -0.6100000143051147 -0.4700000286102295 -0.5099998712539673 -0.5099998712539673 -0.5899999141693115 -0.4299999475479126 0 -0.14999985694885254 -0.5799999237060547 -0.6299998760223389 -0.6299998760223389 -0.6799999475479126 -0.6899999380111694 -0.6399998664855957 -0.6399998664855957 -0.6499998569488525 -0.7199999094009399 -0.619999885559082 -0.619999885559082 -0.7599998712539673 -0.31999993324279785 -0.529999852180481 -0.5499999523162842 -0.4799998998641968
-0.49000000953674316 -0.4299999475479126 -0.6399999856948853 -0.690000057220459 -0.690000057220459 -0.75 -0.690000057220459 -0.46000003814697266 -0.7100000381469727 -0.6200000047683716 -0.6499999761581421 -0.6499999761581421 -0.7100000381469727 -0.6499999761581421 -0.6499999761581421 -0.6699999570846558 -0.6200000047683716 -0.690000057220459 -0.6399999856948853 -0.6399999856948853 -0.3999999761581421 -0.6499999761581421 -0.6200000047683716 -0.559999942779541 -0.5199999809265137 -0.28999996185302734 -0.5499999523162842 -0.5499999523162842 -0.5799999237060547 -0.529999852180481 -0.34999990463256836 0 -0.529999852180481 -0.5699999332427979 -0.5699999332427979 -0.6999999284744263 -0.6999999284744263 -0.6999999284744263 -0.5999999046325684 -0.619999885559082 -0.5799999237060547 -0.4899998903274536 -0.4899998903274536 -0.6399998664855957 0 -0.6599998474121094 -0.4799998998641968 -0.49999988079071045
-0.3799999952316284 -0.4099999666213989 -0.6399999856948853 -1.3299999833106995 -1.3299999833106995 -0.809999942779541 -0.809999942779541 -0.690000057220459 -0.7100000381469727 -0.6299999952316284 -0.6699999570846558 -0.6699999570846558 -0.6599999666213989 -0.6499999761581421 -0.6599999666213989 -0.6499999761581421 -0.6799999475479126 -0.7000000476837158 -0.690000057220459 -0.690000057220459 -0.18000006675720215 -0.5800000429153442 -0.6299999952316284 -0.5399999618530273 -0.5499999523162842 -0.4099999666213989 -0.4099999666213989 -0.5899999141693115 -0.559999942779541 -0.529999852180481 -0.6399998664855957 -0.41999995708465576 -0.5499999523162842 -0.559999942779541 -0.559999942779541 -0.6999999284744263 -0.6899999380111694 -0.6999999284744263 0 -0.7099999189376831 -0.6699999570846558 -0.6699999570846558 -0.6699999570846558 -0.5899999141693115 -0.7099999189376831 -0.6299998760223389 -0.6499998569488525 -0.559999942779541
-0.38999998569488525 -0.46000003814697266 -0.6599999666213989 -0.5700000524520874 -0.5700000524520874 -0.1499999761581421 -0.7999999523162842 -0.7400000095367432 -0.7400000095367432 -0.6399999856948853 -0.7799999713897705 -0.7799999713897705 -0.7400000095367432 -0.7300000190734863 -0.7599999904632568 -0.7799999713897705 -0.7799999713897705 -0.75 -0.7200000286102295 -0.7200000286102295 -0.559999942779541 -0.46000003814697266 -0.5800000429153442 -0.5499999523162842 -0.5099999904632568 -0.49000000953674316 -0.49000000953674316 -0.6099998950958252 -0.529999852180481 -0.619999885559082 -0.6899999380111694 -0.6499998569488525 -0.6699999570846558 -0.6899999380111694 -0.6899999380111694 -0.6499998569488525 -0.5099998712539673 -0.6799999475479126 -0.6599998474121094 -0.7399998903274536 -0.6599998474121094 -0.6799999475479126 -0.6799999475479126 -0.619999885559082 -0.7299998998641968 -0.5399999618530273 -0.5999999046325684 -0.5799999237060547
-0.38999998569488525 -0.4299999475479126 -0.6599999666213989 -0.6599999666213989 -1.1299999952316284 -0.8200000524520874 -0.7999999523162842 -0.7200000286102295 -0.7699999809265137 -0.4299999475479126 -0.2799999713897705 -0.2799999713897705 -0.25999999046325684 -0.7400000095367432 -0.7899999618530273 -0.7699999809265137 -0.6000000238418579 -0.75 -0.7400000095367432 -0.7400000095367432 -0.7000000476837158 -0.559999942779541 -0.5800000429153442 -0.5399999618530273 -0.5 -0.5 -0.5 -0.6799999475479126 -0.46999990940093994 -0.6599998474121094 -0.7499998807907104 -0.6399998664855957 -0.6599998474121094 -0.6999999284744263 -0.6999999284744263 -0.6799999475479126 -0.040000200271606445 -0.690000057220459 -0.690000057220459 -0.6200001239776611 -0.5899999141693115 -0.6999999284744263 -0.6999999284744263 -0.6999999284744263 -0.6699999570846558 -0.5799999237060547 -0.559999942779541 -0.5399999618530273
-0.3799999952316284 -0.3500000238418579 -0.5 -0.5 -0.559999942779541 -0.2799999713897705 -0.9099999666213989 -0.9199999570846558 -0.7400000095367432 -0.7100000381469727 -0.7300000190734863 -0.7300000190734863 -0.6599999666213989 -0.7400000095367432 -0.7999999523162842 -0.8400000333786011 -0.8400000333786011 -0.6299999952316284 -0.6299999952316284 -0.6299999952316284 -0.7000000476837158 -0.6499999761581421 -0.6499999761581421 -0.6100000143051147 -0.5199999809265137 -0.5 -0.5 -0.5999999046325684 -0.5499999523162842 -0.6799999475479126 -0.5799999237060547 -0.7399998903274536 -0.7499998807907104 -0.529999852180481 -0.529999852180481 -0.6599998474121094 -0.630000114440918 -0.7000000476837158 -0.7800000905990601 -0.7100001573562622 -0.7299998998641968 -0.5999999046325684 -0.5999999046325684 -0.6399998664855957 -0.559999942779541 -0.7399998903274536 -0.7699998617172241 0
-0.4099999666213989 -0.3299999237060547 -0.6499999761581421 -0.6499999761581421 -0.12000000476837158 -0.28999996185302734 -0.8700000047683716 -1.1100000143051147 -0.7000000476837158 -0.6599999666213989 -0.7100000381469727 -0.7100000381469727 -0.75 -0.8200000524520874 -0.8799999952316284 -0.8700000047683716 -0.8999999761581421 -0.7899999618530273 -0.6299999952316284 -0.6299999952316284 -0.7400000095367432 -0.6599999666213989 -0.6699999570846558 -0.6299999952316284 -0.5399999618530273 -0.5700000524520874 -0.5700000524520874 -0.619999885559082 -0.5699999332427979 -0.619999885559082 -0.6099998950958252 -0.6899999380111694 -0.7099999189376831 -0.5999999046325684 -0.5999999046325684 -0.7599998712539673 -0.6800000667572021 -0.690000057220459 -0.9300000667572021 -0.6100001335144043 -0.5499999523162842 -0.5499999523162842 0 -0.6299998760223389 -0.6499998569488525 -1.029999852180481 -0.6299998760223389 -0.1099998950958252
-0.25 -0.25 -0.25 -0.25 -0.3399999141693115 -0.4599999189376831 -0.26999998092651367 -0.36999988555908203 -0.3299999237060547 -0.3399999141693115 -0.7300000190734863 -0.7300000190734863 -0.690000057220459 -0.28999996185302734 -0.5199999809265137 -0.44999992847442627 -0.2399998903274536 -0.690000057220459 -0.9299999475479126 -0.9299999475479126 -0.31999993324279785 -0.31999993324279785 -0.8899999856948853 -0.690000057220459 -0.7699999809265137 -0.6100000143051147 -0.6100000143051147 -0.4299999475479126 -0.4099999666213989 -0.7499998807907104 -0.6999999284744263 -0.4599999189376831 -0.4799998998641968 0 0 -0.6599998474121094 -0.7699998617172241 -0.7499998807907104 -0.7499998807907104 -0.6399998664855957 -0.3299999237060547 -0.3299999237060547 -0.6299998760223389 -0.23000001907348633 -0.23000001907348633 -0.8199999332427979 -0.9699999094009399 -0.6999999284744263
-0.19999992847442627 -0.25 -0.5299999713897705 -0.5299999713897705 -0.19999992847442627 -0.18999993801116943 -0.1499999761581421 -0.13999998569488525 -0.1499999761581421 -0.13999998569488525 -0.10000002384185791 -0.10000002384185791 -0.1400001049041748 -0.13999998569488525 -0.15999996662139893 -0.010000109672546387 -0.40000009536743164 -0.020000100135803223 -0.020000100135803223 -0.20000004768371582 -0.11000001430511475 -0.1700000762939453 -0.23000001907348633 -0.6700000762939453 -0.26999998092651367 -0.060000061988830566 -0.060000061988830566 -0.8500000238418579 -0.6999999284744263 -0.7499998807907104 -0.7499998807907104 -0.7700001001358032 -0.8100000619888306 -0.20999979972839355 -0.20999979972839355 -0.6999999284744263 -0.7299998998641968 -0.7199999094009399 -0.6999999284744263 -0.7399998903274536 -0.6899999380111694 -0.6899999380111694 -0.7399998903274536 0 -0.7299998998641968 -0.7399998903274536 -1.3099998235702515 -0.3700000047683716
-0.2399998903274536 -0.41999995708465576 -0.5099999904632568 -0.5099999904632568 -0.1799999475479126 -0.38999998569488525 -0.19999992847442627 -0.18999993801116943 -0.1499999761581421 -0.15999996662139893 -0.010000109672546387 -0.010000109672546387 -0.12000000476837158 -0.15999996662139893 -0.16999995708465576 -0.23000001907348633 -0.25 -0.16000008583068848 -0.16000008583068848 -0.2200000286102295 -0.23000001907348633 -0.20000004768371582 -0.12999999523162842 -0.010000109672546387 -0.2799999713897705 -0.21000003814697266 -0.21000003814697266 -1.6899999380111694 -0.7200000286102295 -0.9799998998641968 -0.9499999284744263 -0.9600001573562622 -0.9500001668930054 -0.6599998474121094 -0.6599998474121094 -0.8199999332427979 -0.7699998617172241 -0.7099999189376831 -0.5999999046325684 -0.7999999523162842 -0.6899999380111694 -0.6899999380111694 -0.8799998760223389 -1.0099998712539673 -0.8199999332427979 -1.0899999141693115 -0.7899999618530273 -0.8699999451637268
-0.21999990940093994 -0.26999998092651367 -0.25 -0.25 -0.05000007152557373 -0.25 -0.25999999046325684 -0.2200000286102295 -0.20000004768371582 -0.33000004291534424 -0.21000003814697266 -0.21000003814697266 -0.30000007152557373 -0.1700000762939453 -0.2200000286102295 -0.23000001907348633 -0.31000006198883057 -0.31000006198883057 -0.31000006198883057 -0.31000006198883057 -0.2900000810623169 -0.2799999713897705 -0.3799999952316284 -0.38999998569488525 -0.3700000047683716 -0.16000008583068848 -0.16000008583068848 -0.2200000286102295 -0.3700000047683716 -0.1499999761581421 -0.2200000286102295 -0.0700000524520874 -0.020000100135803223 -0.25 -0.25 -0.12999999523162842 -0.9599999189376831 -0.9899998903274536 -1.8299999237060547 -1.5699999332427979 -1.209999918937683 -1.209999918937683 -1.0099998712539673 -0.1499999761581421 -0.21999990940093994 -0.2799999713897705 -0.30000007152557373 -0.2489304542541504
-0.22999989986419678 -0.25 -0.3299999237060547 -0.3299999237060547 -0.20000004768371582 -0.440000057220459 -0.2799999713897705 -0.33000004291534424 -0.20000004768371582 -0.2200000286102295 -0.20000004768371582 -0.20000004768371582 -0.1700000762939453 -0.25 -0.25 -0.31000006198883057 -0.30000007152557373 -0.040000081062316895 -0.040000081062316895 -0.040000081062316895 -0.019999980926513672 -0.18000006675720215 -0.36000001430511475 -0.26999998092651367 -0.33000004291534424 -0.3200000524520874 -0.3200000524520874 -0.2200000286102295 -0.26999998092651367 -0.2200000286102295 -0.25 -0.11999988555908203 -0.1099998950958252 -0.2099999189376831 -0.2099999189376831 -0.1499999761581421 -0.2882101535797119 -0.23821008205413818 -0.8199999332427979 -1.079999953508377 -0.31999993324279785 -0.31999993324279785 -0.25 -0.2099999189376831 -0.22999989986419678 -0.15999996662139893 -0.2889362573623657 1.9910659790039062
-0.40000009536743164 -0.3799999952316284 -0.4200000762939453 -0.4200000762939453 -0.1499999761581421 -0.060000061988830566 -0.060000061988830566 -0.28999996185302734 -0.3500000238418579 -0.1700000762939453 -0.24000000953674316 -0.24000000953674316 -0.13999998569488525 -0.28999996185302734 -0.3200000524520874 -0.26999998092651367 -0.05000007152557373 -0.48000001907348633 -0.48000001907348633 -0.19000005722045898 -0.440000057220459 -0.3799999952316284 -0.31000006198883057 -0.3500000238418579 -0.2600001096725464 -0.3500000238418579 -0.3500000238418579 -0.2799999713897705 -0.3299999237060547 -0.3299999237060547 -0.12999999523162842 -0.22230839729309082 -0.17230844497680664 -0.17230844497680664 -0.1923084259033203 -0.21230840682983398 -0.22546756267547607 -0.19546759128570557 -0.23546767234802246 -0.18546760082244873 -0.1799999475479126 -0.1799999475479126 -0.16999995708465576 -0.21000003814697266 -0.3489415645599365 1.991058588027954 1.9910621643066406 1.9910780191421509
-0.3200000524520874 -0.3200000524520874 -0.4200000762939453 -0.4200000762939453 -0.060000061988830566 -0.26999998092651367 -0.26999998092651367 -0.6200000047683716 -0.16000008583068848 -0.25 -0.020000100135803223 -0.020000100135803223 -0.31000006198883057 -0.2799999713897705 -0.3799999952316284 -0.33000004291534424 -0.25999999046325684 -0.3799999952316284 -0.3799999952316284 -0.41999995708465576 -0.38999998569488525 -0.3799999952316284 -0.30000007152557373 -0.3900001049041748 -0.10000002384185791 -0.31000006198883057 -0.31000006198883057 -0.3399999141693115 -0.2999999523162842 -0.12000000476837158 -0.3299999237060547 -0.21230840682983398 -0.03230845928192139 -0.03230845928192139 -0.21230840682983398 -0.002308487892150879 -0.18546760082244873 -0.16546761989593506 -0.2054675817489624 -0.22546756267547607 -0.2399998903274536 -0.2399998903274536 -0.019999980926513672 -0.28999996185302734 -0.24000000953674316 -0.058937907218933105 1.9910666942596436 1.9910780191421509
-0.36000001430511475 -0.7400000095367432 -0.6000000238418579 -0.6000000238418579 -0.19000005722045898 -0.26999998092651367 -0.060000061988830566 -0.060000061988830566 -0.12000000476837158 -0.020000100135803223 -0.020000100135803223 -0.1700000762939453 -0.25999999046325684 -0.05000007152557373 -0.28999996185302734 -0.28999996185302734 -0.31000006198883057 -0.33000004291534424 -0.33000004291534424 -0.46000003814697266 -0.559999942779541 -0.5099999904632568 -0.3200000524520874 -0.3200000524520874 -0.3200000524520874 -0.23000001907348633 -0.23000001907348633 -0.22999989986419678 -0.3599998950958252 -0.25999999046325684 -0.12000000476837158 -0.18230843544006348 -0.17230844497680664 -0.17230844497680664 -0.14230847358703613 -0.1323084831237793 0.014532327651977539 -0.13546764850616455 -0.15546762943267822 -0.3054676055908203 -0.2099999189376831 -0.2099999189376831 -0.21999990940093994 -0.21000003814697266 -0.2200000286102295 -0.2099999189376831 -0.267535924911499 -0.25999999046325684
-0.2900000810623169 -0.2700001001358032 -0.5800000429153442 -0.5800000429153442 -0.2200000286102295 -0.2700001001358032 -0.2700001001358032 -0.23000001907348633 -0.09000003337860107 -0.2900000810623169 -0.2900000810623169 -0.2900000810623169 -0.2700001001358032 -0.26999998092651367 -0.5199999809265137 -0.43999993801116943 -0.25 -0.6200000047683716 -0.6200000047683716 -0.6500000953674316 -0.6200000047683716 -0.6399999856948853 -0.43999993801116943 -0.25 -0.43999993801116943 -0.38999998569488525 -0.38999998569488525 -0.16925501823425293 -0.23925507068634033 -0.059255123138427734 -0.18925511837005615 -0.07104063034057617 -0.08104062080383301 -0.08104062080383301 0.038959383964538574 -0.09104061126708984 -0.01091623306274414 -0.20091629028320312 0.01852095127105713 -0.2014789581298828 0.011911749839782715 0.011911749839782715 0.061911821365356445 0.15257930755615234 -0.017420649528503418 -0.09352219104766846 -0.07352221012115479 -0.010373711585998535
-0.33000004291534424 -0.5900000333786011 -0.4700000286102295 -0.4700000286102295 -0.3200000524520874 -0.2200000286102295 -0.2200000286102295 -0.25 -0.30000007152557373 -0.010000109672546387 -0.010000109672546387 -0.28000009059906006 -0.24000000953674316 -0.44999992847442627 -0.4299999475479126 -0.46999990940093994 -0.5199999809265137 -0.5800000429153442 -0.5800000429153442 -0.5800000429153442 -0.6100000143051147 -0.6399999856948853 -0.44999992847442627 -0.4099999666213989 -0.24000000953674316 -0.38999998569488525 -0.38999998569488525 -0.1592550277709961 -0.14925503730773926 -0.199255108833313 -0.20925509929656982 0.058959364891052246 0.058959364891052246 0.058959364891052246 0.058959364891052246 -0.07104063034057617 -0.06091618537902832 -0.0009162425994873047 0.09852099418640137 0.03852105140686035 0.09191179275512695 0.09191179275512695 0.08191180229187012 0.12257933616638184 0.052579402923583984 -0.06352221965789795 -0.023522257804870605 0.02962625026702881
-0.2700001001358032 -0.4700000286102295 -0.48000001907348633 -0.48000001907348633 -0.20000004768371582 -0.20000004768371582 -0.2200000286102295 -0.31000006198883057 -0.24000000953674316 -0.2700001001358032 -0.2700001001358032 -0.010000109672546387 -0.2700001001358032 -0.3599998950958252 -0.4599999189376831 -0.15999996662139893 -0.25 -0.4700000286102295 -0.4700000286102295 -0.5199999809265137 -0.48000001907348633 -0.5800000429153442 -0.4799998998641968 -0.3599998950958252 -0.26999998092651367 -0.24000000953674316 -0.24000000953674316 -0.09925508499145508 -0.10925507545471191 -0.08925509452819824 -0.12925505638122559 0.018959403038024902 0.058959364891052246 0.058959364891052246 0.058959364891052246 0.07895946502685547 0.1251143217086792 0.06511425971984863 0.04164314270019531 0.1516430377960205 -0.2562391757965088 -0.2562391757965088 0.8137608766555786 1.3540045022964478 1.7340046167373657 0.8830533027648926 0.19305336475372314 0.1910780668258667
-0.16000008583068848 -0.19000005722045898 -0.24000000953674316 -0.24000000953674316 -0.13999998569488525 -0.03000009059906006 -0.2900000810623169 -0.31000006198883057 -0.25999999046325684 -0.25999999046325684 -0.25999999046325684 -0.309999942779541 -0.6499999165534973 -0.36000001430511475 -0.2700001001358032 -0.38999998569488525 -0.3700000047683716 -0.26999998092651367 -0.26999998092651367 -0.3400000333786011 -0.30999934673309326 -0.2399994134902954 -0.5399999618530273 -0.5199999809265137 -0.4299999475479126 -0.4299999475479126 -0.3700000047683716 -0.5099999904632568 -0.5099999904632568 -1.8899999856948853 -1.9300000667572021 -2.7986955642700195 -2.838695526123047 -2.838695526123047 -3.0413780212402344 -3.0013779401779175 -1.3036282062530518 -1.0036282539367676 -0.11051750183105469 -0.38051748275756836 -0.31968021392822266 -0.31968021392822266 -0.3896799087524414 -0.299680233001709 -0.15967988967895508 -0.5763487815856934 -2.8563486337661743 0.2904258966445923
-0.020000100135803223 -0.23000001907348633 -0.23000001907348633 -0.23000001907348633 -0.25 -0.33000004291534424 -0.28000009059906006 -0.24000000953674316 -0.1700000762939453 -0.1700000762939453 -0.1700000762939453 -0.5399999618530273 -0.7799999713897705 -3.0199999809265137 -3.129999876022339 -2.9799998998641968 -2.909999966621399 -2.8499999046325684 -2.8499999046325684 -2.869999885559082 -2.9799998998641968 -3.209999918937683 -3.198198676109314 -3.083998680114746 -3.0789623260498047 -3.0789623260498047 -3.3189622163772583 -3.345329523086548 -1.5353295803070068 -0.45392751693725586 -0.2939276695251465 -0.14863967895507812 -0.03863954544067383 -0.03863954544067383 0.019024372100830078 0.019024372100830078 0.10754060745239258 0.2275404930114746 0.03806018829345703 0.12806034088134766 0.24031972885131836 0.24031972885131836 0.13032007217407227 0.04031991958618164 0.15032005310058594 -0.021812915802001953 -0.21181297302246094 -1.0388305187225342
-0.2200000286102295 -0.24000000953674316 -0.24000000953674316 -0.08000004291534424 -0.24000000953674316 -0.2200000286102295 -0.21000003814697266 -0.18000006675720215 -0.09000003337860107 -0.0700000524520874 -0.0700000524520874 -0.4599999189376831 -0.6100000143051147 -3.1699999570846558 -2.319999933242798 -1.5299999713897705 -1.3799998760223389 -1.309999942779541 -1.309999942779541 -1.1699998378753662 0 -0.5299997329711914 -0.6139984130859375 -0.7039985656738281 -0.3889622688293457 -0.3889622688293457 -0.17896223068237305 -0.14532947540283203 -0.12532949447631836 0.02607250213623047 0.02607250213623047 0.07136011123657227 0.09136009216308594 0.09136009216308594 0.11902427673339844 0.3090243339538574 0.21754074096679688 0.3075404167175293 0.3380603790283203 0.31806039810180664 0.3003201484680176 0.3003201484680176 0.09032011032104492 0.0003199577331542969 0.3403201103210449 0.048187255859375 -0.07181262969970703 -0.5388305187225342
-0.08000004291534424 -0.28999996185302734 -0.28999996185302734 -0.28999996185302734 -0.1799999475479126 -0.18999993801116943 -0.020000100135803223 -0.11000001430511475 -1.7899987697601318 -1.779998779296875 -1.779998779296875 -3.0199999809265137 -2.240000009536743 -0.8879308700561523 -0.597930908203125 -0.6379308700561523 -0.3179311752319336 -0.02663898468017578 -0.02663898468017578 -0.2766389846801758 -0.3866391181945801 -0.10663890838623047 -0.03186798095703125 -0.06186819076538086 0.018131732940673828 0.018131732940673828 -0.06186819076538086 -0.021996021270751953 0.008004188537597656 0.058003902435302734 -0.011995792388916016 0.1394195556640625 0.08941936492919922 0.08941936492919922 0.2794194221496582 0.1694197654724121 0.2684316635131836 0.17843198776245117 0.33843183517456055 0.5384316444396973 0.41625356674194336 0.41625356674194336 0.08625364303588867 0.05625343322753906 0.6162533760070801 0.1340174674987793 0.12401771545410156 0.12401771545410156
