SimulationData/Scenarios/Waterwolf/Flooding/Uitdammerdijk/540.asc
ncols        561
nrows        278
xllcorner    4.817258165162
yllcorner    52.370746892638
cellsize     0.000511251697
NODATA_value  -9999
[rows 110 to 131 of 278, columns 384 to 431 of 561]
0.03442955017089844 0.014429569244384766 -0.005570411682128906 0.05442953109741211 0.12707757949829102 0.007077693939208984 -0.14292240142822266 -0.14292240142822266 0.08707761764526367 0.12707757949829102 0.13707780838012695 0.15707778930664062 0.007077693939208984 0.2514190673828125 0.2514190673828125 0.021419048309326172 -0.12858057022094727 -0.25858068466186523 -0.26727724075317383 -0.3172769546508789 0.4627227783203125 -0.2872772216796875 -0.2872772216796875 -0.27808570861816406 0.0019140243530273438 -0.8080859184265137 -0.908085823059082 -1.0799999237060547 -1.1899998188018799 -1.3199999332427979 -1.3199999332427979 -2.3399999141693115 -1.3003813326358795 0.1696186065673828 0.16509437561035156 0.16509437561035156 -1.374122992157936 -1.374122992157936 0.32587695121765137 -1.9541230201721191 -1.8441230058670044 0.361958384513855 0.361958384513855 -0.48804157972335815 -0.948041558265686 -0.948041558265686 -1.3280415534973145 -0.9380415678024292
0.007903099060058594 0.04790306091308594 0.06790304183959961 -0.20209693908691406 -0.23292255401611328 -0.6729223728179932 -0.39292240142822266 -0.39292240142822266 0.4570775032043457 0.4570775032043457 -0.1529221534729004 0.05707740783691406 -0.05292224884033203 0.0016565322875976562 0.0016565322875976562 0.021656513214111328 -0.0683431625366211 0.22165679931640625 -0.01339101791381836 -0.11339092254638672 -0.11339092254638672 -0.20339107513427734 -0.20339107513427734 -0.6897730827331543 -0.6597728729248047 -0.7197728157043457 -0.769773006439209 -0.8899998664855957 -1.0999999046325684 -0.9099998474121094 -0.9099998474121094 -3.909999907016754 -0.8206676840782166 0.1893322467803955 -1.0299999713897705 -1.1699999272823334 -0.49803948402404785 -0.49803948402404785 -0.37803953886032104 -0.2080395221710205 0.34196043014526367 -0.1580415964126587 -0.5780415534973145 -0.38804155588150024 -0.14804160594940186 -0.14804160594940186 -0.3780415654182434 -1.1680415570735931
0.19790315628051758 0.15790319442749023 0.11790323257446289 -0.0020971298217773438 -0.0729222297668457 -0.812922477722168 -0.6429224014282227 -0.6429224014282227 0.07707738876342773 0.11707782745361328 0.16707754135131836 0.1470775604248047 0.4770774841308594 0.17165660858154297 0.17165660858154297 0.10165691375732422 0.08165645599365234 0.0016565322875976562 0.03660917282104492 -0.10339069366455078 -0.14339065551757812 -0.26339101791381836 -0.26339101791381836 -0.5397729873657227 -0.639772891998291 -0.6697731018066406 -0.6297731399536133 -0.34999990463256836 -0.6599998474121094 0.22872602939605713 0.22872602939605713 0.5587259531021118 0.20144915580749512 -0.18855082988739014 -0.21999990940093994 -0.929999977350235 -0.488039493560791 -0.488039493560791 -0.44803953170776367 -0.6180394887924194 -0.3380395174026489 -0.05804157257080078 0.011958479881286621 -0.5780415534973145 -0.3480415344238281 -0.3480415344238281 -0.16804158687591553 -0.4380415678024292
0.22790288925170898 0.13790321350097656 0.06790304183959961 -0.1820969581604004 -0.47292232513427734 -1.2629225254058838 -0.6629223823547363 -0.6629223823547363 -0.05292224884033203 0.22707748413085938 0.2070775032043457 0.18707752227783203 0.4570775032043457 0.31165647506713867 0.31165647506713867 0.13165664672851562 0.0016565322875976562 -0.05834341049194336 0.14660930633544922 -0.01339101791381836 -0.16339111328125 -0.12339067459106445 -0.12339067459106445 -0.5897731781005859 -0.5697727203369141 -0.5997729301452637 -0.5697727203369141 -0.5399999618530273 -3.5700000524520874 -3.5700000524520874 -0.9412740170955658 -1.2912740223109722 -0.18855082988739014 -0.258550763130188 -0.6199999451637268 -0.43999993801116943 -0.18803954124450684 -0.18803954124450684 -0.5580394864082336 -0.4780395030975342 -0.7980395257472992 -0.7080415785312653 -0.28804153203964233 0.04195845127105713 0.03195846080780029 0.03195846080780029 0.2119584083557129 -0.9180415570735931
0.23232793807983398 0.16232824325561523 0.13232803344726562 0.12232828140258789 -0.0008459091186523438 0.10915422439575195 0.029153823852539062 0.029153823852539062 -0.11084604263305664 0.07915401458740234 0.10915422439575195 -0.11084604263305664 -0.19084596633911133 0.4702110290527344 0.4702110290527344 -0.5997886657714844 -0.8297889232635498 -1.1097888946533203 0.14241266250610352 0.4724125862121582 -0.11758708953857422 -0.31758737564086914 -0.31758737564086914 -0.04653453826904297 -0.166534423828125 -0.1965346336364746 -0.22653436660766602 -0.4365673065185547 -4.406567350029945 -4.406567350029945 -0.07534563541412354 0.22465431690216064 -0.07045507431030273 -0.4904550313949585 -0.7504550814628601 -0.5904550552368164 -0.24317973852157593 -0.24317973852157593 -0.6231796741485596 -0.4831796884536743 -0.8531797230243683 -0.5922068357467651 -0.4022068977355957 -0.6422069072723389 0.1277930736541748 0.1277930736541748 0.5477931499481201 0.3777930736541748
-0.7076718807220459 -0.9476718902587891 -0.6476716995239258 0.44232797622680664 0.35915422439575195 -0.2408461570739746 -0.2408461570739746 -0.020845890045166016 0.019154071807861328 0.049153804779052734 0.05915403366088867 0.00915384292602539 0.0691537857055664 0.07021093368530273 0.07021093368530273 0.020211219787597656 -0.2797889709472656 -0.17978906631469727 -0.4675874710083008 -0.007587432861328125 0.3024125099182129 0.012412548065185547 0.012412548065185547 -0.03653430938720703 -0.1365342140197754 -0.23653459548950195 -0.3365345001220703 -0.646604061126709 -4.30660405755043 -4.30660405755043 -0.4685317277908325 0.24146819114685059 -0.41045498847961426 -0.41045504808425903 -0.04045510292053223 0.2195448875427246 -0.4931797385215759 -0.4931797385215759 -0.8331797420978546 -0.5331797003746033 -0.5631797313690186 -0.3422068953514099 -0.1822068691253662 -0.25220686197280884 0.17779314517974854 0.17779314517974854 0.3777930736541748 0.3777930736541748
0.09232807159423828 0.08232831954956055 0.012328147888183594 0.13232803344726562 0.1791539192199707 0.40915393829345703 0.40915393829345703 0.15915393829345703 0.10915422439575195 0.13915395736694336 0.12915420532226562 0.12915420532226562 0.1491541862487793 0.12021112442016602 0.12021112442016602 -0.009788990020751953 0.20090198516845703 0.21090173721313477 -0.00850677490234375 0.021492958068847656 0.1414933204650879 0.35149288177490234 0.35149288177490234 -0.005798816680908203 -0.15579891204833984 -0.25585222244262695 -0.43585205078125 0.8416849374771118 -0.40831494331359863 -0.40831494331359863 0.26703834533691406 -0.812961608171463 -0.6709805727005005 -0.8109805583953857 -0.6109805703163147 -0.5709805488586426 0.3673369884490967 0.3673369884490967 0.18733704090118408 -0.23266297578811646 0.3673369884490967 0.2477930784225464 0.18779313564300537 0.27779316902160645 0.21779310703277588 0.21779310703277588 0.3777930736541748 0.3777930736541748
0.1297283172607422 0.08972835540771484 0.16972827911376953 0.09972810745239258 0.1791539192199707 0.22915410995483398 0.22915410995483398 0.2091541290283203 0.27915382385253906 0.27915382385253906 0.15915393829345703 0.46915388107299805 0.22915410995483398 0.18090200424194336 0.18090200424194336 0.24090194702148438 0.37090206146240234 0.12090206146240234 0.41149330139160156 0.051493167877197266 0.2314929962158203 0.10149288177490234 0.10149288177490234 -0.06579875946044922 -0.13579893112182617 -0.3258519172668457 -0.36585187911987305 -0.3583149313926697 0.2816849946975708 0.2816849946975708 -0.742961585521698 -0.742961585521698 -0.6909805536270142 -0.7309805452823639 -0.5109805464744568 0.35901939868927 0.3673369884490967 0.3673369884490967 0.3673369884490967 0.3673369884490967 0.3673369884490967 0.3777930736541748 0.14779317378997803 0.3777930736541748 0.3777930736541748 0.3777930736541748 0.3777930736541748 -0.11220681667327881
0.009727954864501953 0.03972816467285156 0.01972818374633789 0.0497279167175293 0.13915395736694336 0.22915410995483398 0.22915410995483398 0.2591538429260254 0.32915401458740234 0.23915386199951172 0.27915382385253906 0.32915401458740234 0.3191537857055664 0.35090160369873047 0.35090160369873047 0.3009018898010254 0.14090204238891602 -0.11909818649291992 0.16149330139160156 0.021492958068847656 0.031493186950683594 0.09149312973022461 0.09149312973022461 -0.1066594123840332 -0.2966594696044922 -0.26000022888183594 -0.630000114440918 -0.5977055430412292 0.2822943925857544 0.2822943925857544 -0.5699999928474426 -0.47999998927116394 -0.7909805476665497 -0.5809805393218994 0.35901939868927 -0.9209805428981781 -1.0226629674434662 -1.0226629674434662 -1.0726629495620728 -0.3626629710197449 0.3673369884490967 0.3777930736541748 0.3777930736541748 0.3777930736541748 0.3777930736541748 0.3777930736541748 0.3777930736541748 -0.32220685482025146
-0.30208396911621094 -0.14208412170410156 -0.09208393096923828 0.0979161262512207 0.4818735122680664 0.24187374114990234 0.24187374114990234 0.22187376022338867 0.07187366485595703 0.21986913681030273 0.2098689079284668 0.15986919403076172 0.19986915588378906 0.1941533088684082 0.1941533088684082 0.1641535758972168 0.1341533660888672 0.0541534423828125 0.1392221450805664 0.029222488403320312 -0.04077768325805664 -0.07077789306640625 -0.07077789306640625 -0.23000001907348633 -0.6800000667572021 -0.4500002861022949 -3.160000205039978 -0.1564784049987793 -0.11647844314575195 -0.11647844314575195 -0.9464784562587738 -0.6664784550666809 -0.42113131284713745 -0.4111313223838806 -0.9411313235759735 -0.9411313235759735 -0.7711313366889954 -0.7711313366889954 -0.8511313199996948 -1.0811313390731812 -0.8711313307285309 -0.435840904712677 0.4341590404510498 0.07415914535522461 0.07415914535522461 0.05415904521942139 0.1541590690612793 -0.005840897560119629
-0.44208383560180664 -0.0020837783813476562 -0.032083988189697266 0.03791618347167969 -0.008126258850097656 0.15187358856201172 0.15187358856201172 0.03187370300292969 0.24187374114990234 0.47986888885498047 0.47986888885498047 0.059868812561035156 0.04986906051635742 -0.12584638595581055 -0.12584638595581055 -0.26584672927856445 -0.14584684371948242 -0.11584663391113281 -0.04077768325805664 0.5592222213745117 -0.2207775115966797 -0.2207775115966797 -0.3607778549194336 -0.3400001525878906 -0.8900001049041748 -0.7500002384185791 -2.900000214576721 -0.42647844552993774 -0.8564784526824951 -0.8564784526824951 0.3235214948654175 0.3235214948654175 0.34886860847473145 -1.0211313366889954 -0.8811313211917877 -0.8111313283443451 -0.7611313462257385 -0.7611313462257385 -0.6511313319206238 -0.7911313474178314 -0.6011313199996948 -0.42584091424942017 0.4341590404510498 -0.19584089517593384 -0.19584089517593384 -0.38584089279174805 -0.7958409190177917 -0.5658408999443054
-0.09208393096923828 0.007915973663330078 0.007915973663330078 0.24791622161865234 0.05187368392944336 0.2818737030029297 0.2818737030029297 0.16187381744384766 0.061873435974121094 0.3698692321777344 0.039868831634521484 0.2398691177368164 -0.30013084411621094 -0.5358467102050781 -0.5358467102050781 -0.5558466911315918 0.48415327072143555 -0.1958465576171875 -0.09077787399291992 0.5592222213745117 -0.4407777786254883 -0.4407777786254883 -0.6007776260375977 -0.4500000476837158 -0.8400001525878906 -0.6259889006614685 -0.005988955497741699 -0.6964784264564514 -0.5964784622192383 -0.5964784622192383 -0.7864784598350525 -0.8164784610271454 -0.9111313223838806 -1.0111313462257385 -0.841131329536438 -0.7811313271522522 -1.061131328344345 -1.061131328344345 -0.841131329536438 -1.0111313462257385 -0.5311313271522522 -0.42584091424942017 -0.41584092378616333 -0.5858408808708191 -0.5858408808708191 -0.5858408808708191 -0.8058409094810486 -0.6458409130573273
-0.1888561248779297 -0.108856201171875 0.0011439323425292969 0.12114381790161133 0.013621807098388672 0.1336216926574707 0.1336216926574707 0.2136216163635254 0.1036214828491211 0.23377275466918945 0.48377275466918945 0.06377267837524414 -0.23622703552246094 -0.46990346908569336 -0.46990346908569336 -0.40990352630615234 -0.06984996795654297 -0.33984994888305664 -0.086578369140625 0.28342151641845703 0.04274296760559082 0.04274296760559082 -0.03725719451904297 -0.35024523735046387 -1.1802451610565186 0.3863334655761719 -0.9136664867401123 -0.9352236688137054 -0.485223650932312 -0.485223650932312 -0.5752236843109131 -0.5652236342430115 -1.0811313390731812 -0.9011313319206238 -0.8511313199996948 -1.0011313259601593 -0.9711313396692276 -0.9711313396692276 -0.7311313450336456 -0.7011313438415527 -1.091131329536438 -0.48584091663360596 -0.7158409059047699 -0.8658409118652344 -0.8658409118652344 -0.9658409059047699 -0.6958408951759338 -0.4658408761024475
-0.2488560676574707 -0.16885614395141602 -0.018856048583984375 -0.17885589599609375 -0.07637834548950195 0.0036215782165527344 0.0036215782165527344 0.053621768951416016 0.18362188339233398 0.11377286911010742 0.22377300262451172 -0.006227016448974609 -0.10622692108154297 -0.1499032974243164 -0.1499032974243164 -0.4799032211303711 -0.2998499870300293 -0.6798498630523682 -0.716578483581543 -0.13657855987548828 0.47274279594421387 0.47274279594421387 0.2027428150177002 -0.5202450752258301 -3.9802451133728027 0.3863334655761719 -0.7228914201259613 -0.5852236747741699 -0.6852236688137054 -0.6852236688137054 -0.46522367000579834 -0.49522364139556885 -0.6511313319206238 -0.5611313581466675 -0.9211313426494598 -0.7811313271522522 -0.43113136291503906 -0.43113136291503906 -0.591131329536438 -0.6511313319206238 -0.9311313331127167 0.4341590404510498 -0.9158408939838409 -0.44584089517593384 -0.44584089517593384 -0.4558408856391907 -0.5958409309387207 -0.4958409070968628
-0.8588559627532959 -0.6788558959960938 -0.6188559532165527 -0.5188560485839844 -0.5163784027099609 -0.6663782596588135 -0.6663782596588135 -0.506378173828125 -0.48637819290161133 -0.3662271499633789 -0.5562272071838379 -0.7462270259857178 -0.8062272071838379 -0.8261520862579346 -0.8261520862579346 -0.45615196228027344 -2.3976006507873535 -2.62760066986084 -2.8177499771118164 -3.027750015258789 0.4059140682220459 0.4059140682220459 0.17591416835784912 -1.6236964166164398 -0.6436964273452759 0.4271085262298584 -0.9928914308547974 -0.8752236664295197 -0.6652236580848694 -0.6652236580848694 -0.8452236652374268 -0.5252236723899841 -0.9311313331127167 -0.6611313223838806 -0.6111313104629517 -0.5711313486099243 -0.5711313486099243 -0.7411313354969025 -0.7611313462257385 -0.6211313605308533 -0.8911313414573669 0.1541590690612793 -0.9058409035205841 -0.4058408737182617 -0.4058408737182617 -0.6158409118652344 -0.8258409202098846 -0.8158408999443054
-0.2674286365509033 -0.1774284839630127 -0.08076596260070801 -0.10076594352722168 -0.13414597511291504 -0.10414600372314453 -0.10414600372314453 -0.08734917640686035 -0.16734933853149414 -0.20090007781982422 -0.2509000301361084 -0.42412257194519043 -0.6941225528717041 1.0098397731781006 1.0098397731781006 0.23983967304229736 0.19047605991363525 0.43047595024108887 0.12190008163452148 0.2819000482559204 0.31190013885498047 0.31190013885498047 -0.6180999279022217 0.44348740577697754 -0.016512513160705566 0.21348750591278076 0.2734874486923218 0.4747825860977173 0.5047825574874878 0.5047825574874878 -0.32521748542785645 -0.6752174496650696 -0.6836012601852417 -0.5636012554168701 -0.6636012494564056 -0.4936012625694275 -0.4936012625694275 -0.09439349174499512 -0.48439353704452515 -0.7643935084342957 -0.38439351320266724 0.4934508800506592 -0.4265490770339966 -0.47654908895492554 -0.47654908895492554 -0.306549072265625 -0.40574270486831665 -0.835742712020874
0.22563767433166504 0.3956376314163208 0.39583301544189453 0.39583301544189453 0.39793848991394043 0.39793848991394043 0.39793848991394043 0.40108752250671387 0.40108752250671387 0.4061969518661499 0.4061969518661499 0.21663272380828857 0.16663265228271484 0.4082651138305664 0.4082651138305664 0.29826509952545166 0.3599095344543457 0.839909553527832 0.3019000291824341 -0.05809986591339111 0.4319000244140625 0.4319000244140625 0.20190012454986572 0.2834874391555786 -0.0065125226974487305 0.2534874677658081 0.3234875202178955 0.3847825527191162 0.21478259563446045 0.21478259563446045 0.15478253364562988 0.1347825527191162 0.48639869689941406 0.3463987112045288 0.12639880180358887 0.15639877319335938 0.15639877319335938 0.005606532096862793 -0.0343935489654541 0.35560643672943115 0.4056065082550049 0.4934508800506592 -0.046549081802368164 -0.28654909133911133 -0.28654909133911133 -0.7965490818023682 -0.6057426929473877 -0.46574270725250244
0.47563767433166504 0.45563769340515137 0.4358330965042114 0.4858330488204956 0.37793850898742676 1.057938575744629 1.057938575744629 0.46108758449554443 0.40108752250671387 0.4061969518661499 0.23619699478149414 0.23663270473480225 0.2566326856613159 0.2566326856613159 0.17826509475708008 0.4082651138305664 0.3599095344543457 0.26990950107574463 0.4319000244140625 0.4319000244140625 0.2219001054763794 0.2219001054763794 0.23190009593963623 0.3834874629974365 0.36348748207092285 0.11348748207092285 0.33348751068115234 0.2547825574874878 0.1847825050354004 0.1847825050354004 0.23478257656097412 0.24478256702423096 0.2163987159729004 0.29639875888824463 0.2863987684249878 0.48639869689941406 0.48639869689941406 0.22560644149780273 0.365606427192688 0.3356064558029175 0.26560652256011963 0.4934508800506592 -0.6165490746498108 -0.7865490615367889 -0.7865490615367889 -0.3665490746498108 -0.6757426857948303 -0.7057426869869232
0.4257962703704834 0.3857961893081665 1.0557962656021118 0.4057962894439697 0.3017284870147705 0.8117284774780273 0.8117284774780273 0.31172847747802734 0.31172847747802734 0.2940797805786133 0.1740797758102417 0.8240797519683838 0.2940797805786133 0.2940797805786133 0.2800729274749756 0.22007298469543457 0.15007293224334717 -0.43992704153060913 0.46666526794433594 0.4366651773452759 0.6566652059555054 0.6566652059555054 0.44666528701782227 0.33323466777801514 0.24323463439941406 0.5332345962524414 0.0732346773147583 0.08977222442626953 0.09977233409881592 0.09977233409881592 0.46977221965789795 0.2697722911834717 0.17071151733398438 0.11071145534515381 0.2507115602493286 0.1207115650177002 0.1207115650177002 0.32045698165893555 0.27045702934265137 0.19045698642730713 0.2404569387435913 0.5051213502883911 -0.7148785889148712 -0.4348785877227783 -0.4348785877227783 -0.8348785936832428 -0.46741849184036255 -0.297418475151062
0.37579619884490967 0.31579625606536865 0.37579619884490967 0.2757962942123413 0.2017284631729126 0.3017284870147705 0.3017284870147705 0.2517284154891968 0.28172850608825684 0.2640796899795532 0.27407968044281006 0.24407970905303955 0.2040797472000122 0.2040797472000122 0.2600729465484619 0.17007291316986084 -0.5199270248413086 0.15007293224334717 0.3866652250289917 0.5466651916503906 0.4866652488708496 0.4866652488708496 0.37666523456573486 0.9532345533370972 0.1832345724105835 -0.016765356063842773 0.13323462009429932 0.1497722864151001 0.31977224349975586 0.31977224349975586 0.249772310256958 0.15977227687835693 0.20071148872375488 0.21071147918701172 0.1507115364074707 0.3007115125656128 0.3007115125656128 0.2804570198059082 0.14045703411102295 0.26045703887939453 0.25045692920684814 0.5051213502883911 -0.8448785841464996 -0.7548786103725433 -0.7548786103725433 0.5051213502883911 0.5025814771652222 -0.43741846084594727
0.4057962894439697 0.3257962465286255 0.3057962656021118 0.23579621315002441 0.31172847747802734 0.22172844409942627 0.22172844409942627 0.24172842502593994 0.3017284870147705 0.2040797472000122 0.22407972812652588 0.27407968044281006 0.2040797472000122 0.2040797472000122 0.19007301330566406 -0.4599270224571228 0.09007298946380615 0.46007299423217773 0.46666526794433594 0.5166652202606201 0.7066652774810791 0.7066652774810791 0.9466651678085327 0.21323466300964355 0.44323456287384033 0.09323465824127197 0.17323458194732666 0.2097722291946411 0.18977224826812744 0.18977224826812744 0.18977224826812744 0.11977231502532959 0.3307114839553833 0.20071148872375488 0.26071155071258545 0.44071149826049805 0.44071149826049805 0.2232595682144165 0.2232595682144165 0.2889028787612915 0.09890282154083252 0.5109423398971558 0.23094236850738525 0.38267695903778076 0.38267695903778076 0.5126769542694092 -0.575274258852005 -0.625274270772934
0.3482506275177002 0.27825069427490234 0.27825069427490234 0.8082506656646729 0.21442198753356934 0.2644219398498535 0.2644219398498535 0.27442193031311035 0.3044220209121704 0.2844219207763672 0.2644219398498535 0.18442201614379883 -0.3955780267715454 -0.3955780267715454 0.437347412109375 0.3473474979400635 0.3473474979400635 0.26734745502471924 0.31734752655029297 0.26734745502471924 0.3073474168777466 0.3073474168777466 0.09734749794006348 0.026826024055480957 0.14682602882385254 0.2568260431289673 0.08682608604431152 0.18362736701965332 0.18362736701965332 -0.026372671127319336 0.26362740993499756 0.3036273717880249 0.2781566381454468 0.26815664768218994 0.2181565761566162 0.22815656661987305 0.22815656661987305 0.18325960636138916 0.2932596206665039 0.2189028263092041 0.4089028835296631 0.26094233989715576 0.280942440032959 0.2826770544052124 0.2826770544052124 0.29267704486846924 0.2747257947921753 0.41472578048706055
