SimulationData/Scenarios/Waterwolf/Flooding/Uitdammerdijk/60.asc
ncols        561
nrows        278
xllcorner    4.817258165162
yllcorner    52.370746892638
cellsize     0.000511251697
NODATA_value  -9999
[rows 22 to 43 of 278, columns 144 to 191 of 561]
-0.32000017166137695 -0.9800000190734863 -0.9800000190734863 -1.1400001049041748 -0.7300000190734863 -0.7100000381469727 -1.3600001335144043 -0.21536016464233398 -0.7300000190734863 -0.7300000190734863 -0.9900000095367432 -0.8400001525878906 -0.7300000190734863 -0.6700000762939453 -0.690000057220459 -0.7900002002716064 -0.5500001907348633 -0.5500001907348633 -0.6500000953674316 -0.75 -0.6500000953674316 -0.6500000953674316 -0.619999885559082 -0.6600000858306885 -0.8000001907348633 -0.8000001907348633 -0.6100001335144043 -0.7000000476837158 -0.6800000667572021 -0.6700000762939453 -0.7800002098083496 -0.5199999809265137 -0.5199999809265137 -0.679999828338623 -0.630000114440918 -0.3600001335144043 -0.42999982833862305 -0.40000009536743164 -0.3400001525878906 -0.6700000762939453 -0.6700000762939453 -0.7599997520446777 -0.8799996376037598 -0.8599996566772461 -0.3299999237060547 -1.6899998188018799 -2 -2
-0.8499999046325684 -0.940000057220459 -0.940000057220459 -1.820000171661377 -0.9700000286102295 -1.440000057220459 -0.07999992370605469 -0.6399998664855957 -0.7200000286102295 -0.7200000286102295 -0.7699999809265137 -0.5999999046325684 -0.6800000667572021 -0.2200002670288086 -0.5900001525878906 -0.7200000286102295 -0.7699999809265137 -0.7699999809265137 -0.6700000762939453 -0.48000001907348633 -0.7300000190734863 -0.5799999237060547 -0.7400000095367432 -0.690000057220459 -0.690000057220459 -0.7200000286102295 -0.7400000095367432 -0.7599999904632568 -0.6600000858306885 -0.6399998664855957 -0.7100000381469727 -0.6500000953674316 -0.6500000953674316 -0.46000003814697266 -0.6599998474121094 -0.42999982833862305 -0.5 -0.5199999809265137 -0.7400002479553223 -0.9200000762939453 -0.9200000762939453 -0.559999942779541 -0.6699998378753662 -1.4499998092651367 -1.6399998664855957 -1.6099998950958252 -0.5799999237060547 -0.5799999237060547
-1.1400001049041748 -1.7100000381469727 -1.7100000381469727 -0.32000017166137695 -0.5300002098083496 -0.7800002098083496 -0.7800002098083496 -0.880000114440918 -0.6700000762939453 -0.6700000762939453 -0.6700000762939453 -0.05000019073486328 -0.6700000762939453 -0.630000114440918 -0.619999885559082 -0.5900001525878906 -0.48000001907348633 -0.48000001907348633 -0.7200000286102295 -0.7100000381469727 -0.820000171661377 -0.7300000190734863 -0.05000019073486328 -0.7000000476837158 -0.7000000476837158 -0.690000057220459 -0.619999885559082 -0.6699998378753662 -0.6299998760223389 -0.6599998474121094 -0.679999828338623 -0.5399999618530273 -0.5399999618530273 -0.690000057220459 -0.6100001335144043 -0.25 -0.38000011444091797 -0.3299999237060547 -0.42999982833862305 -1.5099999904632568 -1.5099999904632568 -1.7799999713897705 -1.4399998188018799 -0.679999828338623 -0.559999942779541 -0.6299998760223389 -0.6299998760223389 -0.6299998760223389
-1.6399998664855957 -2.2699999809265137 -2.2699999809265137 -0.46000003814697266 -1.130000114440918 -1 -1.260000228881836 -1.0099999904632568 -0.05000019073486328 -0.05000019073486328 -0.6700000762939453 -0.6399998664855957 -0.7300000190734863 -0.38000011444091797 -0.5399999618530273 -0.7899999618530273 -0.6999998092651367 -0.6999998092651367 -0.5799999237060547 -0.6999998092651367 -0.6999998092651367 -0.019999980926513672 -0.6999998092651367 -0.7799999713897705 -0.7799999713897705 -0.6499998569488525 -0.7099997997283936 -0.619999885559082 -0.6399998664855957 -0.6499998569488525 -0.6099998950958252 -0.690000057220459 -0.690000057220459 -0.5399999618530273 -0.03000020980834961 -0.38000011444091797 -0.38000011444091797 0 -1.6699998378753662 -1.6699998378753662 -1.8399999141693115 0 -0.5499997138977051 -0.4699997901916504 -0.6399998664855957 -0.559999942779541 -0.5899996757507324 -0.5899996757507324
-1.2899999618530273 -1.9199998378753662 -1.9199998378753662 -1.4199998378753662 -1.25 -1.1100001335144043 -1.260000228881836 -1.260000228881836 -1.0099999904632568 -1.0099999904632568 -0.9600000381469727 -0.6700000762939453 -0.6100001335144043 -0.5099997520446777 -0.48000001907348633 -0.4699997901916504 -0.7300000190734863 -0.7300000190734863 -0.019999980926513672 -0.019999980926513672 -0.6499998569488525 -0.6899998188018799 -0.3899998664855957 -0.6999998092651367 -0.6999998092651367 -0.7699999809265137 -0.6299998760223389 -0.6499998569488525 0 -0.6499998569488525 -0.6099998950958252 -0.7600002288818359 -0.7600002288818359 -0.630000114440918 -0.5500001907348633 -0.03000020980834961 -1.4599997997283936 -2.0299999713897705 -1.130000114440918 -1.130000114440918 -0.3900003433227539 -0.6399998664855957 -0.4499998092651367 -0.5199999809265137 -0.5899996757507324 -0.5699996948242188 -0.5 -0.5
-1.1299998760223389 -1.1299998760223389 -1.1099998950958252 -1.2200000286102295 -0.6500000953674316 -1.0099999904632568 -1.2100000381469727 -1.070000171661377 -0.9700000286102295 -0.9700000286102295 -1.4600000381469727 -0.7599999904632568 -0.5900001525878906 -0.5699996948242188 -0.6599998474121094 -0.5299997329711914 -0.559999942779541 -0.559999942779541 -0.6099998950958252 -0.6999998092651367 -0.7400000095367432 -0.5299997329711914 -0.5699996948242188 -0.7300000190734863 -0.7300000190734863 -0.4699997901916504 -0.6999998092651367 -0.679999828338623 -0.7699999809265137 -0.8399999141693115 -0.6899998188018799 -0.03000020980834961 -0.03000020980834961 -1.7300000190734863 -1.7699999809265137 0 -0.4700002670288086 -0.24000024795532227 -0.630000114440918 -0.630000114440918 -0.5 -0.38000011444091797 -0.4099998474121094 -0.5499997138977051 -0.619999885559082 -0.5899996757507324 -0.5799999237060547 -0.5799999237060547
-1 -1 -1.1099998950958252 -0.42999982833862305 -0.619999885559082 -0.5999999046325684 -0.05000019073486328 -1.190000057220459 -1.4500000476837158 -1.4500000476837158 -1.2900002002716064 -1.1600000858306885 -0.05000019073486328 -0.5899996757507324 -0.3399996757507324 -0.5399999618530273 -0.6099998950958252 -0.6099998950958252 -0.6399998664855957 -0.5799999237060547 -0.6699998378753662 -0.75 -0.5899996757507324 -0.5099997520446777 -0.5099997520446777 -0.7199997901916504 -0.5399999618530273 -0.75 -0.7399997711181641 -0.7099997997283936 -1.6599998474121094 -1.8500001430511475 -1.8500001430511475 -1.440000057220459 -0.38000011444091797 -0.28999996185302734 -0.619999885559082 -0.46000003814697266 -0.26999998092651367 -0.26999998092651367 -0.7100000381469727 -0.4499998092651367 -0.440000057220459 0 -0.5399999618530273 -0.5099997520446777 -0.6599998474121094 -0.6599998474121094
-1.2000000476837158 -1.2000000476837158 -0.9600000381469727 -1.0899999141693115 -0.6500000953674316 -0.570000171661377 -0.8000001907348633 -1.3000001907348633 -1.2200000286102295 -1.2200000286102295 -0.8900001049041748 -0.8100001811981201 -0.43000030517578125 -0.6999998092651367 -0.34999990463256836 -0.5 -0.5 0 -0.5 -0.5399999618530273 -0.48999977111816406 -0.5299997329711914 -0.6399998664855957 -0.6099998950958252 -0.6099998950958252 -0.679999828338623 0 -1.7800002098083496 -2.0200002193450928 -1.119999885559082 -0.7999999523162842 -0.31999969482421875 -0.31999969482421875 -0.1700000762939453 -0.4699997901916504 -0.34999990463256836 -0.5799999237060547 -0.03000020980834961 -0.6500000953674316 -0.6500000953674316 -0.6100001335144043 -0.48999977111816406 -0.6299998760223389 -0.6699998378753662 -0.6599998474121094 -0.2799997329711914 -0.48000001907348633 -0.48000001907348633
-0.6200003623962402 -0.6200003623962402 -0.6100001335144043 -0.7000002861022949 -0.619999885559082 -0.4099998474121094 -0.7100000381469727 -0.8399999141693115 -1.4800000190734863 -1.4800000190734863 -0.9600000381469727 -0.7400000095367432 -0.6399998664855957 -0.07000017166137695 -0.6399998664855957 -0.38000011444091797 -0.38000011444091797 -0.5399999618530273 -0.36999988555908203 -0.4499998092651367 -0.559999942779541 -0.48000001907348633 -0.43000030517578125 -0.6400001049041748 -0.6400001049041748 -1.309999942779541 -1.7799999713897705 -1.7099997997283936 -0.009999752044677734 -0.6999998092651367 -0.6499998569488525 -0.4699997901916504 -0.4699997901916504 -0.19000005722045898 -0.08999967575073242 -0.48999977111816406 -0.6499998569488525 -0.6699998378753662 -0.6599998474121094 -0.6599998474121094 -0.6499998569488525 -0.7200000286102295 -0.8100001811981201 -0.559999942779541 -0.690000057220459 -0.3900003433227539 -0.559999942779541 -0.559999942779541
-0.7300000190734863 -0.7300000190734863 -0.7200002670288086 -0.24000024795532227 -0.5999999046325684 -0.6100001335144043 -0.6599998474121094 -1.5899999141693115 -1.2800002098083496 -1.2800002098083496 -1.0800001621246338 -0.5900001525878906 -0.5900001525878906 -0.5300002098083496 -0.619999885559082 -0.440000057220459 -0.440000057220459 -0.38000011444091797 -0.5799999237060547 -0.2999997138977051 -0.4099998474121094 -0.6099998950958252 -0.010000228881835938 -1.8700001239776611 -1.8700001239776611 -1.9099998474121094 -0.7799999713897705 -0.6899998188018799 -0.7099997997283936 -0.679999828338623 -0.5699996948242188 -0.5699996948242188 -0.3299999237060547 -0.309999942779541 -0.25 -0.5299997329711914 0 -0.6599998474121094 -0.7199997901916504 -0.7199997901916504 -0.7099997997283936 -0.6500000953674316 -0.7300000190734863 -0.03000020980834961 -0.6600000858306885 -0.6800000667572021 -0.75 -0.75
-0.7000002861022949 -0.7000002861022949 -0.8600001335144043 -0.7699999809265137 -0.7599999904632568 -0.7199997901916504 -0.7100000381469727 -0.15000009536743164 -1.5400002002716064 -1.5400002002716064 -1.3500001430511475 -1.8500001430511475 -0.03000020980834961 -0.48000001907348633 -0.5199999809265137 -0.039999961853027344 -0.039999961853027344 -0.4500002861022949 -0.6600000858306885 -1.1600000858306885 -1.8500001430511475 -1.820000171661377 0 -0.5699996948242188 -0.5699996948242188 -0.5199999809265137 -0.5399999618530273 -0.7300000190734863 -0.619999885559082 -0.7300000190734863 -0.07000017166137695 -0.07000017166137695 -0.23999977111816406 -0.2999997138977051 -0.5899996757507324 -0.559999942779541 -0.6599998474121094 -0.009999752044677734 -0.5199999809265137 -0.5199999809265137 -0.679999828338623 -0.6700000762939453 -0.6700000762939453 -0.7000000476837158 -0.5900001525878906 -0.5999999046325684 -0.6100001335144043 -0.6100001335144043
-0.570000171661377 -0.570000171661377 -0.6200003623962402 -0.8500001430511475 -0.6500000953674316 0 -0.6500000953674316 -0.6500000953674316 -1.6400001049041748 -1.6400001049041748 -1.3400001525878906 -1.1100001335144043 -5.480000138282776 -0.48999977111816406 -0.13000011444091797 -0.48999977111816406 -0.48999977111816406 -0.019999980926513672 -1.7300000190734863 -1.869999885559082 -1 -0.440000057220459 -0.5999999046325684 -0.5299997329711914 -0.5299997329711914 -0.7599999904632568 -0.5199999809265137 -0.679999828338623 -0.679999828338623 -0.4499998092651367 -0.40000009536743164 -0.40000009536743164 -0.2800002098083496 -0.19000005722045898 -0.48000001907348633 -0.7600002288818359 -0.7099997997283936 -0.6699998378753662 -0.42999982833862305 -0.42999982833862305 -0.5299997329711914 -0.7200000286102295 -0.5799999237060547 -0.6400001049041748 -0.630000114440918 -0.46000003814697266 -0.46000003814697266 -0.4200000762939453
-0.7000002861022949 -0.7000002861022949 -0.820000171661377 -0.8400001525878906 -0.6800000667572021 -0.7300000190734863 -0.820000171661377 -0.630000114440918 -0.6600000858306885 -0.6600000858306885 -0.9100000858306885 -0.8400001525878906 -1.070000171661377 -1.3399999141693115 -1.7699999809265137 -1.6999998092651367 -1.6999998092651367 -1.6099998950958252 -0.4699997901916504 -0.4499998092651367 0 -0.5499997138977051 -0.6099998950958252 -0.7099997997283936 -0.7099997997283936 -0.6499998569488525 -0.5699996948242188 -0.679999828338623 -0.4499998092651367 -0.5499997138977051 -0.309999942779541 -0.309999942779541 -0.03000020980834961 -0.619999885559082 -0.2800002098083496 -0.5199999809265137 -0.6299998760223389 -0.6599998474121094 -0.6899998188018799 -0.6899998188018799 -0.6699998378753662 -0.6600000858306885 -0.5100002288818359 -0.6700000762939453 -0.6700000762939453 -1.0400002002716064 -1.0400002002716064 -0.8000001907348633
-0.7800002098083496 -0.7800002098083496 -0.9300000667572021 -0.8700001239776611 -0.7000000476837158 -0.6399998664855957 -0.7000000476837158 -0.8100001811981201 -0.8100001811981201 -0.5100002288818359 -0.7200000286102295 -1.820000171661377 -1.6200001239776611 -1.7799999713897705 -1.9800000190734863 -0.6599998474121094 -0.6599998474121094 -0.8899998664855957 -0.48000001907348633 -0.36999988555908203 -0.4699997901916504 -0.5399999618530273 -0.6299998760223389 -0.5 -0.5 -0.7300000190734863 -0.7400000095367432 0 -0.5399999618530273 -0.4099998474121094 -0.48000001907348633 -0.48000001907348633 -0.48000001907348633 -0.3900003433227539 -0.36999988555908203 -0.570000171661377 -0.559999942779541 -0.5499997138977051 -0.6099998950958252 -0.6099998950958252 -0.7099997997283936 -0.75 -0.690000057220459 -0.03000020980834961 -1.0800001621246338 -1.0800001621246338 -1.0800001621246338 -1.7100002765655518
-0.679999828338623 -0.679999828338623 -0.6099996566772461 -0.6999998092651367 -0.6500000953674316 -0.6700000762939453 -0.6899998188018799 -0.6999998092651367 -0.6999998092651367 -0.6800000667572021 -1.4900000095367432 -1.8700001239776611 -1.7300000190734863 -0.440000057220459 -1.5099997520446777 -5.440000116825104 -5.440000116825104 -0.7200000286102295 -0.820000171661377 -0.8700001239776611 -0.309999942779541 -0.5500001907348633 -0.5399999618530273 -0.8100001811981201 -0.8100001811981201 -0.7599999904632568 -0.75 -0.6700000762939453 -0.5399999618530273 -0.4100003242492676 -0.4700002670288086 -0.4700002670288086 -0.34999990463256836 -1.0399997234344482 -0.9599997997283936 -0.9799997806549072 -0.9499998092651367 -0.8999996185302734 -0.9099998474121094 -0.9099998474121094 -1.0399997234344482 -0.9999997615814209 -0.8599998950958252 -0.869999885559082 -0.8999998569488525 -1.0099997520446777 -1.0099997520446777 -0.9199998378753662
-0.39999961853027344 -0.39999961853027344 -0.6499996185302734 -0.7199997901916504 -0.75 -0.8600001335144043 -1.619999885559082 -1.6399998664855957 -1.6399998664855957 -1.7599997520446777 -0.039999961853027344 -0.7699999809265137 -0.7099997997283936 -1.2900002002716064 -0.7200000286102295 -0.019999980926513672 -0.019999980926513672 -3.0999999046325684 -0.9800000190734863 -1.2599999904632568 -0.7599999904632568 -0.559999942779541 -0.5900001525878906 -0.5900001525878906 -0.690000057220459 -0.6399998664855957 -0.7699999809265137 -0.5799999237060547 -0.43000030517578125 -0.05000019073486328 -0.6500000953674316 -0.6500000953674316 -1.0299997329711914 -0.9699997901916504 -1.0399997234344482 -1.049999713897705 -0.9199995994567871 -0.929999828338623 -1.1599998474121094 -1.1599998474121094 -1.1999998092651367 -1.7400000095367432 -0.059999942779541016 -1.4099998474121094 -0.9599997997283936 -0.5399999618530273 -0.5399999618530273 -0.7699997425079346
-0.6299996376037598 -0.6299996376037598 -0.5999999046325684 -0.7699997425079346 -0.05000019073486328 -2 -1.9800000190734863 -0.1399998664855957 -0.1399998664855957 -0.7999999523162842 -0.809999942779541 -0.8299999237060547 -0.6499998569488525 -0.880000114440918 -0.9000000953674316 -0.9099998474121094 -0.9099998474121094 -1.6599998474121094 -0.9700000286102295 -0.9800000190734863 -0.07000017166137695 -0.6700000762939453 -0.1700000762939453 -0.1700000762939453 -0.7000000476837158 -0.5399999618530273 -0.6800000667572021 -0.28999996185302734 -0.38000011444091797 -0.570000171661377 -0.6600000858306885 -0.6600000858306885 -1.0299997329711914 -0.9699997901916504 -1.0399997234344482 -1.0699996948242188 -0.34999990463256836 -1.0199997425079346 -1.809999942779541 -1.809999942779541 -1.0199997425079346 -0.059999942779541016 -0.9799997806549072 -1.1399998664855957 -0.8299999237060547 -0.7999999523162842 -0.7999999523162842 -0.8599998950958252
-0.7400000095367432 -0.7400000095367432 -1.929999828338623 -1.9499998092651367 -0.26999998092651367 -0.7599997520446777 -1.0500001907348633 -0.8500001430511475 -0.8500001430511475 -0.8799998760223389 -0.6999998092651367 -0.7699999809265137 0 -0.7199997901916504 -0.5799999237060547 -0.7699999809265137 -0.7699999809265137 -0.6599998474121094 -0.9200000762939453 -1.2100000381469727 -0.6399998664855957 -0.6500000953674316 -0.75 -0.75 -0.6500000953674316 -0.6399998664855957 -0.6100001335144043 -0.28999996185302734 -0.559999942779541 -0.6100001335144043 -0.690000057220459 -0.690000057220459 -1.0799999237060547 -1.6899998188018799 -1.2099997997283936 -1.1499998569488525 -1.0699996948242188 -0.2999997138977051 -0.2999997138977051 -1.0199997425079346 -1.0799999237060547 -0.5999999046325684 -0.7199997901916504 -1.5499999523162842 -0.1700000762939453 -0.9499998092651367 -0.9499998092651367 -0.7599997520446777
-2.249999761581421 -2.249999761581421 -1.0899999141693115 -0.679999828338623 0 -0.7899999618530273 -0.7400000095367432 0 0 -0.8599998950958252 0 -0.8199999332427979 -0.6299998760223389 -0.8199999332427979 -0.6499998569488525 -0.7899999618530273 -0.7899999618530273 -0.5499997138977051 -0.6700000762939453 -1.4900000095367432 -0.8100001811981201 -0.6700000762939453 -0.690000057220459 -0.690000057220459 -0.6500000953674316 -0.46000003814697266 -0.05000019073486328 -0.5500001907348633 -0.40000009536743164 -0.7800002098083496 -0.6800000667572021 -0.6800000667572021 -1.0299997329711914 -1.3499999046325684 -1.5199997425079346 -1.239999771118164 -1.2199997901916504 -1.0199997425079346 -1.0199997425079346 -0.34999990463256836 -1.0099997520446777 -0.7099997997283936 -0.7399997711181641 -0.7999999523162842 -0.8399999141693115 -0.8299999237060547 -0.8299999237060547 -0.8199999332427979
-0.75 -0.820000171661377 -0.7400000095367432 -0.570000171661377 -0.7300000190734863 -0.630000114440918 -0.6700000762939453 -0.7600002288818359 -0.7600002288818359 -0.9199998378753662 -0.7599999904632568 -0.7299997806549072 -0.559999942779541 -0.7799999713897705 -0.7200000286102295 -0.7599999904632568 -0.7599999904632568 -0.7200000286102295 -0.6800000667572021 -0.630000114440918 -0.5399999618530273 -0.880000114440918 -0.9300000667572021 -0.9300000667572021 -1.2200000286102295 -0.7600002288818359 -0.570000171661377 -0.7300000190734863 -0.7300000190734863 -0.8400001525878906 -0.6400003433227539 -0.6400003433227539 -0.059999942779541016 -0.059999942779541016 -0.8199999332427979 -0.7199997901916504 -0.6399998664855957 -0.7399997711181641 -0.7399997711181641 -0.7099997997283936 -0.6899998188018799 -0.7399997711181641 -0.6999998092651367 -0.039999961853027344 -0.7299997806549072 -0.7899999618530273 -0.7899999618530273 -0.929999828338623
-0.75 -0.690000057220459 -0.7800002098083496 -0.7100000381469727 -0.7200000286102295 -0.7400000095367432 -0.7000000476837158 -0.7000000476837158 -0.7000000476837158 -0.7799999713897705 -0.019999980926513672 -0.8599998950958252 -0.6499998569488525 -0.8400001525878906 -0.8300001621246338 -0.8500001430511475 -0.8500001430511475 -0.7100000381469727 -0.690000057220459 -0.6100001335144043 -0.7300000190734863 -1.3700001239776611 -1.5200002193450928 -1.5200002193450928 -1.4900002479553223 -1.4000000953674316 -0.6400003433227539 -0.5900001525878906 -0.24000024795532227 -0.820000171661377 -1.4700000286102295 -1.4700000286102295 -1.1599998474121094 -0.9599997997283936 -0.9199998378753662 -0.7799997329711914 -0.7899999618530273 -0.679999828338623 -0.679999828338623 -0.7399997711181641 -0.7299997806549072 -0.679999828338623 -0.7099997997283936 -0.7399997711181641 -0.7699999809265137 -0.7399997711181641 -0.7399997711181641 -0.8199999332427979
-0.75 -0.7900002002716064 -0.619999885559082 -0.5999999046325684 -0.6700000762939453 -0.7300000190734863 -0.5 -0.75 -0.75 -0.7599999904632568 -0.6699998378753662 -0.7899999618530273 -0.8299999237060547 -0.8100001811981201 -0.7300000190734863 -0.7300000190734863 -0.75 -0.75 -0.6800000667572021 -0.6500000953674316 -0.7300000190734863 -0.8400001525878906 -0.26000022888183594 -1.0800001621246338 -1.2100000381469727 -1.0900001525878906 -1.010000228881836 -0.440000057220459 -0.7400002479553223 -0.8900001049041748 -0.820000171661377 -0.820000171661377 -0.6599998474121094 -0.059999942779541016 -0.6399998664855957 -0.6899998188018799 -0.7699997425079346 -0.8599998950958252 -0.8599998950958252 -0.7999999523162842 -0.7399997711181641 -0.7499997615814209 -0.5699996948242188 -0.6699998378753662 -0.6999998092651367 -0.6299996376037598 -0.6299996376037598 -0.7299997806549072
