SimulationData/Scenarios/Waterwolf/Flooding/Uitdammerdijk/60.asc
ncols        561
nrows        278
xllcorner    4.817258165162
yllcorner    52.370746892638
cellsize     0.000511251697
NODATA_value  -9999
[rows 198 to 219 of 278, columns 336 to 383 of 561]
-0.809999942779541 -0.6799999475479126 -0.7399998903274536 -0.8299999237060547 -0.8299999237060547 -0.39999985694885254 -0.6699998378753662 -0.6099998950958252 -0.1399998664855957 -0.6699999570846558 -0.6399998664855957 -0.5099998712539673 -0.5099998712539673 -0.6399998664855957 -0.1399998664855957 -0.5899999141693115 -0.5800000429153442 -0.38999998569488525 -0.039999961853027344 -0.039999961853027344 -0.559999942779541 -0.6299999952316284 -0.6599999666213989 -0.7000000476837158 -1.0299999713897705 -1.309999942779541 -0.7899999618530273 -0.7899999618530273 -0.7400000095367432 -0.7300000190734863 -0.25999999046325684 -0.5099999904632568 -0.6299999952316284 -0.5499999523162842 -0.23000001907348633 -0.23000001907348633 -0.13999998569488525 -0.1700000762939453 -0.18000006675720215 -0.1700000762939453 -0.020000100135803223 -0.20000004768371582 -0.20000004768371582 -0.09000003337860107 -0.32635700702667236 -0.23635709285736084 -0.10636246204376221 -0.3063623905181885
-0.9099998474121094 -0.869999885559082 -0.8599998950958252 -0.39999985694885254 -0.39999985694885254 -0.8299999237060547 -0.8399999141693115 -0.5999999046325684 -0.5899999141693115 -0.5699999332427979 -0.5899999141693115 -0.5899999141693115 -0.6399998664855957 -0.8599998950958252 -0.6499998569488525 -0.1399998664855957 -0.5900000333786011 -0.039999961853027344 -0.5800000429153442 -0.5800000429153442 -0.559999942779541 -0.6100000143051147 -0.690000057220459 -0.8200000524520874 -0.9299999475479126 -0.8700000047683716 -0.5499999523162842 -0.5499999523162842 -0.46000003814697266 -0.5399999618530273 -0.3500000238418579 -0.3500000238418579 -0.5699999332427979 -0.5399999618530273 -0.5399999618530273 -0.3400000333786011 -0.10000002384185791 -0.13999998569488525 -0.24000000953674316 -0.020000100135803223 -0.21000003814697266 -0.2900000810623169 -0.2900000810623169 -0.11000001430511475 -0.10635709762573242 -0.23635709285736084 -0.10636246204376221 -0.3063623905181885
-0.7999999523162842 -0.809999942779541 -0.9099998474121094 -0.619999885559082 -0.619999885559082 -0.8799998760223389 -0.8399999141693115 -0.5899999141693115 -0.5399999618530273 -0.5899999141693115 -0.5699999332427979 -0.5699999332427979 -0.1399998664855957 -0.1399998664855957 -0.6299998760223389 -0.6599998474121094 -0.6299999952316284 -0.039999961853027344 -0.5900000333786011 -0.5900000333786011 -0.6799999475479126 -0.2999999523162842 -0.9099999666213989 -0.7999999523162842 -0.9800000190734863 -0.6899999380111694 -0.4299999475479126 -0.4299999475479126 -0.36000001430511475 -0.4099999666213989 -0.16999995708465576 -0.31999993324279785 -0.3999999761581421 -0.48000001907348633 -0.48000001907348633 -0.18000006675720215 -0.25999999046325684 -0.1700000762939453 -0.30000007152557373 -0.3799999952316284 -0.4200000762939453 -0.2700001001358032 -0.2700001001358032 -0.23000001907348633 -0.2399998903274536 -0.19999992847442627 -0.21999990940093994 -0.22999989986419678
-0.39999985694885254 -0.7299998998641968 -0.6099998950958252 -0.7999999523162842 -0.7999999523162842 -0.5799999237060547 -0.6599998474121094 -0.5399999618530273 -0.529999852180481 -0.1399998664855957 -0.6699999570846558 -0.6699999570846558 -0.6299998760223389 -0.5999999046325684 -0.1399998664855957 -0.5699999332427979 -0.4299999475479126 -0.559999942779541 -0.039999961853027344 -0.039999961853027344 -0.2999999523162842 -1.0099999904632568 -1.2699999809265137 -1.0299999713897705 -0.8700000047683716 -0.5899999141693115 -0.44999992847442627 -0.44999992847442627 -0.44999992847442627 -0.5299999713897705 -0.4100000858306885 -0.3799999952316284 -0.3799999952316284 -0.7599999904632568 -0.7599999904632568 -0.06999993324279785 -0.15999996662139893 -0.28000009059906006 -0.21000003814697266 -0.2799999713897705 -0.36999988555908203 -0.25 -0.25 -0.2099999189376831 -0.22999989986419678 -0.029999971389770508 -0.2099999189376831 0
-0.5699999332427979 -0.6099998950958252 -0.9099998474121094 -0.5899999141693115 -0.5899999141693115 -0.7299998998641968 -0.6499998569488525 -0.2999999523162842 -0.5999999046325684 -0.6299998760223389 -0.5899999141693115 -0.5899999141693115 -0.39999985694885254 -0.37999987602233887 -0.1399998664855957 -0.5699999332427979 -0.49000000953674316 -0.559999942779541 -1.2000000476837158 -1.2000000476837158 -0.7400000095367432 -0.309999942779541 -0.7999999523162842 -1.1100000143051147 -0.809999942779541 -0.559999942779541 -0.5 -0.5 -0.5 -0.5199999809265137 -0.3799999952316284 -0.6499999761581421 -0.44999992847442627 -0.6399999856948853 -0.6399999856948853 -0.21999990940093994 -0.6216497421264648 1.378350019454956 -0.16999995708465576 -0.21000003814697266 -0.24000000953674316 -0.41999995708465576 -0.41999995708465576 -0.21999990940093994 -0.19999992847442627 -0.25 -0.15999996662139893 -0.2099999189376831
-0.5999999046325684 -0.6799999475479126 -0.5699999332427979 -0.5399999618530273 -0.5399999618530273 -0.6999999284744263 -0.779999852180481 -0.559999942779541 -0.5999999046325684 -0.4899998903274536 -0.5999999046325684 -0.5999999046325684 -0.46999990940093994 -0.43999993801116943 -0.5899999141693115 -0.7199999094009399 -0.440000057220459 -0.6000000238418579 -0.7599999904632568 -0.7599999904632568 -0.7599999904632568 -0.6599999666213989 -0.5800000429153442 -0.6100000143051147 -0.46000003814697266 -0.75 -0.6099998950958252 -0.6099998950958252 -0.5099999904632568 -0.3999999761581421 -0.6499999761581421 -0.7699999809265137 -0.43999993801116943 -0.6599999666213989 -0.6599999666213989 -0.7716511487960815 1.3783526420593262 1.378350019454956 -0.6216492652893066 -0.19000005722045898 -0.010000109672546387 0 0 -0.25 -0.1099998950958252 -0.19999992847442627 0 -0.2099999189376831
-0.5899999141693115 -0.440000057220459 -0.5 -0.5 -0.3299999237060547 -0.5199999809265137 -0.559999942779541 -0.8700001239776611 -0.7000000476837158 -0.8300000429153442 -0.880000114440918 -0.880000114440918 -0.9100000858306885 -0.9500000476837158 -0.4700000286102295 -0.9500000476837158 -0.7000000476837158 -0.7800000905990601 -1.03000009059906 -1.03000009059906 -1.100000023841858 -0.7400000095367432 -0.5799999237060547 -0.5 -0.4299999475479126 -0.6600000858306885 -0.6600000858306885 -0.6100001335144043 -0.6600000858306885 -0.5900001525878906 -0.43000006675720215 -0.46000003814697266 -0.21999990940093994 1.378333330154419 1.378333330154419 1.3783068656921387 1.3783068656921387 1.3783354759216309 -0.9516646862030029 -0.25 -0.19000005722045898 -0.25999999046325684 -0.25999999046325684 -0.25999999046325684 -0.2200000286102295 -0.25999999046325684 -0.16000008583068848 -0.21000003814697266
-0.34999990463256836 -0.2799999713897705 -0.5299999713897705 -0.5299999713897705 -0.49000000953674316 -0.559999942779541 -0.6999999284744263 -0.7500001192092896 -0.8600000143051147 -1.040000081062317 -0.9900000095367432 -0.9900000095367432 -0.9800000190734863 -1.1500000953674316 -1.1400001049041748 -0.9200000762939453 -0.8600000143051147 -0.7400000095367432 -0.7200000286102295 -0.7200000286102295 -0.8100000619888306 -0.7400000095367432 -0.7599999904632568 -0.8299999237060547 -0.6899999380111694 -0.6600000858306885 -0.6600000858306885 -0.6100001335144043 -0.6200001239776611 -0.8500001430511475 -0.2799999713897705 -0.3299999237060547 -0.6716609001159668 1.3783278465270996 1.3783278465270996 1.3783011436462402 1.3783011436462402 1.3783237934112549 -0.9416728019714355 -0.24000000953674316 -0.15999996662139893 -0.3299999237060547 -0.3299999237060547 -0.22999989986419678 -0.2700001001358032 -0.40000009536743164 -0.25 -0.21000003814697266
-0.3299999237060547 -0.46000003814697266 -0.5799999237060547 -0.5799999237060547 -0.5499999523162842 -0.5799999237060547 -0.6499999761581421 -0.6100001335144043 -0.940000057220459 -0.4700000286102295 -0.9500000476837158 -0.9500000476837158 -0.9300000667572021 -1.4600000381469727 -1.7599999904632568 -1.1200001239776611 -0.8300000429153442 -0.8300000429153442 -0.6400001049041748 -0.6400001049041748 -1.1200001239776611 -0.4299999475479126 -0.6499999761581421 -0.8899999856948853 -0.75 -0.7500001192092896 -0.7500001192092896 -0.7500001192092896 -0.8400001525878906 -0.940000057220459 -0.25999999046325684 -0.36000001430511475 1.3783636093139648 1.3783376216888428 1.3783376216888428 1.3783011436462402 1.3783011436462402 1.378331184387207 -0.901606559753418 -0.19999992847442627 -0.19999992847442627 -0.25999999046325684 -0.25999999046325684 -0.3399999141693115 -0.060000061988830566 -0.1700000762939453 -0.20000004768371582 -0.2700001001358032
-0.39999985694885254 -0.5299999713897705 -0.5699999332427979 -0.5699999332427979 -0.6399999856948853 -0.7400000095367432 -0.7999999523162842 -1.1200000047683716 -1.5200001001358032 -1.090000033378601 -0.4700000286102295 -0.4700000286102295 -0.7900000810623169 -0.7200000286102295 -0.7000000476837158 -0.7800000905990601 -0.18000006675720215 -0.8899999856948853 -0.7699999809265137 -0.7699999809265137 -0.8500000238418579 -0.7100000381469727 -0.7700001001358032 -0.20000004768371582 -0.4100000858306885 -0.8600000143051147 -0.8600000143051147 -0.7899999618530273 -0.25999999046325684 -0.3700000047683716 -0.6816048622131348 1.3783485889434814 1.3783671855926514 1.3783175945281982 1.3783175945281982 1.3783128261566162 1.3783349990844727 1.378391981124878 -0.25 -0.1799999475479126 -0.24000000953674316 -0.13999998569488525 -0.13999998569488525 -0.309999942779541 -0.24000000953674316 -0.2200000286102295 -0.25 -0.25
-0.25 -0.5399999618530273 -0.5699999332427979 -0.5699999332427979 -0.7300000190734863 -1.149999976158142 -0.7999999523162842 -1.0200001001358032 -1.190000057220459 -1.0600000619888306 -0.9300000667572021 -0.9300000667572021 -0.8900001049041748 -0.7800000905990601 -0.6800000667572021 -0.7900000810623169 -0.8400000333786011 -1.1800000667572021 -0.8400000333786011 -0.8400000333786011 -0.8400000333786011 -0.8400000333786011 -0.029999971389770508 -0.720000147819519 -0.7800000905990601 -0.7516380548477173 -0.7516380548477173 -0.7616380453109741 -0.12999999523162842 -0.18000006675720215 -0.6716203689575195 1.3783342838287354 1.378279447555542 1.378279447555542 1.378279447555542 1.3782861232757568 1.3782861232757568 1.3783550262451172 -0.6716699600219727 -0.921583890914917 -0.2799999713897705 -0.25 -0.25 -0.2799999713897705 -0.31000006198883057 -0.25 -0.16000008583068848 -0.16000008583068848
-0.5099999904632568 -0.6499999761581421 -0.7199999094009399 -0.7199999094009399 -0.7900000810623169 -0.5900001525878906 -0.820000171661377 -0.7200000286102295 -0.7400001287460327 -0.7600001096725464 -0.6600000858306885 -0.6600000858306885 -0.9600000381469727 -0.9600000381469727 -0.6000000238418579 -0.5900000333786011 -0.5800000429153442 -0.6100000143051147 -0.6600000858306885 -0.6600000858306885 -0.7100001573562622 -0.24000000953674316 -0.43000006675720215 -0.9000000953674316 -1.2300000190734863 -0.8016399145126343 -0.8016399145126343 1.3783609867095947 1.378359317779541 1.3783574104309082 1.378340244293213 1.378340244293213 1.3783032894134521 1.3783032894134521 1.3783032894134521 1.3783059120178223 1.3783059120178223 1.3783702850341797 1.3783702850341797 1.3783953189849854 -0.059999942779541016 -0.28999996185302734 -0.28999996185302734 -0.1799999475479126 -0.6899999380111694 -0.6499999761581421 -0.6499999761581421 -0.6699999570846558
-0.1700000762939453 -0.690000057220459 -0.7100001573562622 -0.7100001573562622 -0.7700001001358032 -0.7400001287460327 -0.6600000858306885 -0.5700000524520874 -0.630000114440918 -0.5800000429153442 -0.6200001239776611 -0.6200001239776611 -0.7400000095367432 -0.6799999475479126 -0.5900000333786011 -0.6100000143051147 -0.5499999523162842 -0.6000000238418579 -0.6000000238418579 -1.0800001621246338 -1.0800001621246338 -0.5200001001358032 -0.6000000238418579 -0.16999995708465576 1.3783512115478516 1.3783526420593262 1.3783526420593262 1.3783559799194336 1.3783562183380127 1.3783540725708008 1.378340244293213 1.378340244293213 1.3783032894134521 1.3783032894134521 1.3783032894134521 1.3783059120178223 1.3783059120178223 1.3783702850341797 1.3783702850341797 1.3783841133117676 -0.059999942779541016 -0.309999942779541 -0.309999942779541 -0.2999999523162842 -0.7199999094009399 -0.7799999713897705 -0.7699999809265137 -0.7199999094009399
-0.6400001049041748 -0.7700001001358032 -0.820000171661377 -0.820000171661377 -0.7900000810623169 -0.7100001573562622 -0.6600000858306885 -0.6500000953674316 -0.4900001287460327 -0.5500000715255737 -0.440000057220459 -0.440000057220459 -0.7100000381469727 -0.8299999237060547 -0.6699999570846558 -0.6000000238418579 -0.5600000619888306 -0.3900001049041748 -0.3900001049041748 -0.6899999380111694 -1.0299999713897705 -0.9500000476837158 -0.1499999761581421 -0.6816427707672119 1.3783490657806396 1.3783459663391113 1.3783459663391113 1.3783459663391113 1.3783485889434814 1.3783485889434814 1.3783464431762695 1.3783464431762695 1.378326177597046 1.378326177597046 1.378326177597046 1.3783226013183594 1.3783385753631592 1.378373622894287 1.378406047821045 -0.6816084384918213 -0.43000006675720215 -0.43000006675720215 -0.12000000476837158 -0.24000000953674316 -0.7099999189376831 -0.6299998760223389 -0.5299999713897705 -0.6899999380111694
-0.7500001192092896 -0.7900000810623169 -0.7800000905990601 -0.7800000905990601 -0.7800000905990601 -0.7500001192092896 -0.7000001668930054 -0.5 -0.5399999618530273 -0.5399999618530273 -0.44999992847442627 -0.44999992847442627 -0.5500000715255737 -0.46000003814697266 -0.34999990463256836 -0.43999993801116943 -0.6816329956054688 -0.48163294792175293 -0.48163294792175293 -1.0099999904632568 -0.6816315650939941 1.3783445358276367 1.3783180713653564 1.3783137798309326 1.3783137798309326 1.3783457279205322 1.3783457279205322 1.3783457279205322 1.3783371448516846 1.3783504962921143 1.3783528804779053 1.3783409595489502 1.3783328533172607 1.378331184387207 1.378331184387207 -0.13999998569488525 -0.15000009536743164 -0.3200000524520874 -0.309999942779541 -0.44999992847442627 -0.5199999809265137 -0.5199999809265137 -0.24000000953674316 -0.3500000238418579 -0.6499999761581421 -0.5499999523162842 -0.5799999237060547 -0.6099998950958252
-0.690000057220459 -0.7300001382827759 -0.6500000953674316 -0.6500000953674316 -0.720000147819519 -0.7100001573562622 -0.6500000953674316 -0.059999942779541016 -0.49000000953674316 -0.6299999952316284 -0.5900000333786011 -0.5900000333786011 -0.7000000476837158 -0.6200001239776611 -0.44999992847442627 -0.4599999189376831 -0.6816329956054688 -0.6816329956054688 -0.6816329956054688 1.3783597946166992 1.3783562183380127 1.3783321380615234 1.3782949447631836 1.3783137798309326 1.3783137798309326 1.3783457279205322 1.3783457279205322 1.3783457279205322 1.3783581256866455 -0.6716403961181641 -0.8416613340377808 -0.3500000238418579 -0.059999942779541016 -0.33000004291534424 -0.33000004291534424 -0.11000001430511475 -0.25 -0.3700000047683716 -0.12999999523162842 -0.44999992847442627 -0.3999999761581421 -0.3999999761581421 -0.2200000286102295 -0.3700000047683716 -0.44999992847442627 -0.5499999523162842 -0.43999993801116943 -0.4599999189376831
-0.7600001096725464 -0.6400001049041748 -0.720000147819519 -0.720000147819519 -0.7500001192092896 -0.7700001001358032 -0.7700001001358032 -0.6899999380111694 -0.6599999666213989 -0.7300000190734863 -0.7400000095367432 -0.7400000095367432 -0.5600000619888306 -0.6700000762939453 -0.6216137409210205 1.3783760070800781 1.3783745765686035 1.3783698081970215 1.3783698081970215 1.3783502578735352 1.3783502578735352 1.37831449508667 1.37831449508667 1.3783080577850342 1.3783080577850342 1.3783395290374756 1.3783395290374756 -0.9216179847717285 -0.09000003337860107 -0.25999999046325684 -0.3500000238418579 -0.25999999046325684 -0.4599999189376831 -0.5099999904632568 -0.5099999904632568 -0.3700000047683716 0 -0.24000000953674316 -0.1799999475479126 -0.38999998569488525 -0.3400000333786011 -0.3400000333786011 -0.38999998569488525 -0.2900000810623169 -0.6599999666213989 -0.15999996662139893 -0.4299999475479126 -0.36999988555908203
-0.6299999952316284 -0.6700000762939453 -0.6200000047683716 -0.6200000047683716 -0.5800000429153442 -0.690000057220459 -0.6399999856948853 -0.7100000381469727 -0.690000057220459 -0.6800000667572021 -0.6800000667572021 -0.7699999809265137 -0.33000004291534424 -0.25999999046325684 -0.6716194152832031 1.378371000289917 1.3783655166625977 1.3783655166625977 1.3783655166625977 1.3783466815948486 1.3783466815948486 1.3783373832702637 1.378328561782837 1.3783276081085205 1.3783378601074219 -0.7316505908966064 -0.7316505908966064 0 -0.21999990940093994 -0.2399998903274536 -0.5 -0.4700000286102295 -0.49000000953674316 -0.49000000953674316 -0.49000000953674316 -0.5799999237060547 -0.5699999332427979 -0.4099999666213989 -0.619999885559082 -0.6299998760223389 -0.5399999618530273 -0.5399999618530273 -0.559999942779541 -0.5099999904632568 -0.6099998950958252 -0.5499999523162842 -0.4799998998641968 -0.3999999761581421
-0.6000000238418579 -0.7000000476837158 -0.6500000953674316 -0.6500000953674316 -0.6800000667572021 -0.7100000381469727 -0.7800000905990601 -0.7800000905990601 -0.8000000715255737 -0.8200000524520874 -0.8200000524520874 -0.6500000953674316 -0.5199999809265137 -0.4299999475479126 -0.1799999475479126 1.3783819675445557 1.3783750534057617 1.3783564567565918 1.3783564567565918 1.3783392906188965 -0.8116539716720581 -0.15999996662139893 -0.2900000810623169 -0.6499999761581421 -0.6399999856948853 -0.6899999380111694 -0.6899999380111694 -0.7199999094009399 -0.309999942779541 -0.25999999046325684 -0.20000004768371582 -0.5099999904632568 -0.48000001907348633 -0.48000001907348633 -0.24000000953674316 -0.4799998998641968 -0.41999995708465576 -0.49999988079071045 -0.5299999713897705 -0.619999885559082 -0.7099999189376831 -0.7099999189376831 -0.5999999046325684 -0.6599999666213989 -0.5199999809265137 -0.4599999189376831 -0.49999988079071045 -0.5199999809265137
-0.8200000524520874 -0.7300000190734863 -0.7200000286102295 -0.7200000286102295 -0.6500000953674316 -0.6800000667572021 -0.8300000429153442 -0.7800000905990601 -0.690000057220459 -0.690000057220459 -0.690000057220459 -0.6500000953674316 -0.18999993801116943 -0.18999993801116943 -0.2799999713897705 -0.12999999523162842 -0.5799999237060547 -0.4299999475479126 -0.4299999475479126 -0.7016606330871582 -0.19999992847442627 -0.1499999761581421 -0.24000000953674316 -0.5999999046325684 -0.6799999475479126 -0.7199999094009399 -0.7199999094009399 -0.6999999284744263 -0.1499999761581421 -0.25 -0.49000000953674316 -0.3500000238418579 -0.20000004768371582 -0.20000004768371582 -0.4200000762939453 -0.4899998903274536 -0.41999995708465576 -0.4799998998641968 -0.4799998998641968 -0.4899998903274536 -0.619999885559082 -0.619999885559082 -0.619999885559082 -0.6399999856948853 -0.559999942779541 0 -0.5099998712539673 -0.5399999618530273
-0.940000057220459 -0.7300000190734863 -0.5800000429153442 -0.5800000429153442 -0.440000057220459 -0.7800000905990601 -0.7200000286102295 -0.6799999475479126 -0.5699999332427979 0 0 -0.5399999618530273 -0.3799999952316284 -0.3799999952316284 -0.5499999523162842 -0.4799998998641968 -0.5199999809265137 -0.4899998903274536 -0.4899998903274536 -0.2200000286102295 -0.20000004768371582 -0.7399998903274536 -0.6399999856948853 -0.6599999666213989 -0.5899999141693115 -0.6099998950958252 -0.6099998950958252 -0.6699999570846558 -0.559999942779541 -0.2799999713897705 -0.43999993801116943 -0.559999942779541 -0.5799999237060547 -0.5799999237060547 -0.4799998998641968 -0.41999995708465576 -0.09999990463256836 -0.5199999809265137 -0.41999995708465576 -0.6499999761581421 -0.5499999523162842 -0.5499999523162842 -0.6699999570846558 -0.6099998950958252 -0.5499999523162842 -0.49999988079071045 -0.4099999666213989 -0.5299999713897705
-0.7400000095367432 -0.5199999809265137 -0.7000000476837158 -0.7000000476837158 -0.690000057220459 -0.1400001049041748 -0.7900000810623169 -0.7399998903274536 -0.4099999666213989 -0.44999992847442627 -0.44999992847442627 -0.31999993324279785 -0.3299999237060547 -0.34999990463256836 -0.19000005722045898 -0.48000001907348633 -0.41999995708465576 -0.5299999713897705 -0.5299999713897705 -0.3700000047683716 -0.3399999141693115 -0.5900000333786011 -0.5099999904632568 -0.6499999761581421 -0.4799998998641968 -0.44999992847442627 -0.44999992847442627 -0.5199999809265137 -0.4599999189376831 -0.5099999904632568 -0.5499999523162842 -0.37999987602233887 -0.37999987602233887 -0.37999987602233887 -0.46999990940093994 -0.3599998950958252 -0.4599999189376831 -0.37999987602233887 -0.309999942779541 -0.3599998950958252 -0.009999990463256836 -0.009999990463256836 -0.5699999332427979 -0.28999996185302734 -0.3999999761581421 -0.3899998664855957 -0.46999990940093994 -0.3999999761581421
