SimulationData/Scenarios/Waterwolf/Flooding/Uitdammerdijk/60.asc
ncols        561
nrows        278
xllcorner    4.817258165162
yllcorner    52.370746892638
cellsize     0.000511251697
NODATA_value  -9999
[rows 44 to 65 of 278, columns 48 to 95 of 561]
-9999 -9999 -9999 -9999 -9999 -9999 -9999 -9999 -9999 -9999 -9999 -9999 -9999 -9999 -9999 -9999 -9999 -1.5399999618530273 -0.820000171661377 -0.4200000762939453 -0.4200000762939453 -0.5 -0.48999977111816406 -0.42999982833862305 -0.4699997901916504 -0.4499998092651367 -0.5 -0.4499998092651367 -0.4499998092651367 -0.5499997138977051 -0.5199999809265137 -0.6599998474121094 -0.48000001907348633 -0.46000003814697266 -0.42999982833862305 -0.7100000381469727 -0.7100000381469727 -0.5900001525878906 -0.46000003814697266 -0.7000002861022949 -0.7000002861022949 -1.1000001430511475 -1.1000001430511475 -1.1000001430511475 -1.450000286102295 -0.5999999046325684 -0.5999999046325684 -1.2300000190734863
-9999 -9999 -9999 -9999 -9999 -9999 -9999 -9999 -9999 -9999 -9999 -9999 -9999 -9999 -9999 -9999 -0.7599999904632568 -0.5899996757507324 -0.5799999237060547 -0.309999942779541 -0.309999942779541 -0.42999982833862305 -0.440000057220459 -0.40000009536743164 -0.3899998664855957 -0.4200000762939453 -0.5 -0.5999999046325684 -0.5999999046325684 -0.6499998569488525 -0.6099996566772461 -0.630000114440918 -0.6800000667572021 -0.5300002098083496 -0.5199999809265137 -0.5199999809265137 -0.7899999618530273 -0.880000114440918 -0.7699999809265137 -0.7800002098083496 -0.630000114440918 -0.75 -0.7400002479553223 -0.7400002479553223 -0.3000001907348633 -0.309999942779541 -0.3600001335144043 -0.440000057220459
-9999 -9999 -9999 -9999 -9999 -9999 -9999 -9999 -9999 -9999 -9999 -9999 -9999 -9999 -9999 -3.0500000715255737 -0.03000020980834961 -0.5499997138977051 -0.5399999618530273 -0.48999977111816406 -0.48999977111816406 -0.3899998664855957 -0.46000003814697266 -0.5399999618530273 -0.4099998474121094 -0.4499998092651367 -0.5699996948242188 -0.5999999046325684 -0.5999999046325684 -0.619999885559082 -0.7099997997283936 -0.6100001335144043 -0.7200000286102295 -0.690000057220459 -0.570000171661377 -0.570000171661377 -0.7300000190734863 -0.7600002288818359 -1.1400001049041748 -1.3000001907348633 -1.3000001907348633 -0.8499999046325684 -1.0800001621246338 -1.0800001621246338 -1.2300000190734863 -0.5399999618530273 -0.5500001907348633 -0.6100001335144043
-9999 -9999 -9999 -9999 -9999 -9999 -9999 -9999 -9999 -9999 -9999 -9999 -9999 -9999 -0.7300000190734863 -0.46000003814697266 -0.46000003814697266 -0.48000001907348633 -0.48999977111816406 -0.42999982833862305 -0.42999982833862305 -0.40000009536743164 -0.5399999618530273 -0.49000024795532227 -0.5 -0.5100002288818359 -0.5999999046325684 -0.5799999237060547 -0.5799999237060547 -0.7200000286102295 -0.36999988555908203 -0.7300000190734863 -0.7899999618530273 -0.7799999713897705 -0.8600001335144043 -0.8600001335144043 -0.6800000667572021 -0.75 -0.9200000762939453 0 -0.8100001811981201 -0.940000057220459 -0.6500000953674316 -0.6500000953674316 -0.5999999046325684 -0.019999980926513672 -0.6299998760223389 -0.5899996757507324
-9999 -9999 -9999 -9999 -9999 -9999 -9999 -9999 -9999 -9999 -9999 -9999 -0.7300000190734863 -0.7300000190734863 -0.5399999618530273 -0.4499998092651367 -0.34999990463256836 -0.3599996566772461 -0.34999990463256836 -0.46000003814697266 -0.46000003814697266 -0.40000009536743164 -0.03000020980834961 -0.6100001335144043 -0.5900001525878906 -0.6100001335144043 -0.6399998664855957 -0.7699999809265137 -0.7699999809265137 -0.8400001525878906 -0.7599999904632568 -0.7799999713897705 -0.8500001430511475 -0.7400000095367432 -0.6700000762939453 -0.6700000762939453 -0.05000019073486328 -1.3900001049041748 -0.9000000953674316 -0.05000019073486328 -0.8500001430511475 -0.820000171661377 -0.630000114440918 -0.630000114440918 -0.619999885559082 -0.6499998569488525 -0.7399997711181641 -0.5699996948242188
-9999 -9999 -9999 -9999 -9999 -9999 -9999 -9999 -9999 -9999 -9999 -0.8799998760223389 -0.8799998760223389 -0.5899996757507324 -0.3600001335144043 -0.4699997901916504 -0.40000009536743164 -0.3399996757507324 -0.4099998474121094 -0.5899996757507324 -0.5899996757507324 -0.48000001907348633 -0.43000030517578125 -0.559999942779541 -0.559999942779541 -0.5300002098083496 -0.7100000381469727 -0.7400000095367432 -0.7400000095367432 -1.0099999904632568 -0.7899999618530273 -1.5500001907348633 -0.9900000095367432 -0.13000011444091797 -0.7599999904632568 -0.7599999904632568 -0.630000114440918 -0.7599999904632568 -0.630000114440918 -0.6399998664855957 -0.619999885559082 -0.5999999046325684 -0.3600001335144043 -0.3600001335144043 -0.4700002670288086 -0.5999999046325684 -0.679999828338623 -0.75
-9999 -9999 -9999 -9999 -9999 -9999 -9999 -9999 -9999 -1 -0.7999999523162842 -0.6399998664855957 -0.6399998664855957 -0.019999980926513672 -0.5199999809265137 -0.4200000762939453 -0.3399996757507324 -0.42999982833862305 -0.4200000762939453 -0.4499998092651367 -0.4499998092651367 -0.5899996757507324 -0.4499998092651367 -0.5199999809265137 -0.6899998188018799 -0.8799998760223389 -0.6800000667572021 -0.07000017166137695 -0.07000017166137695 -1.1000001430511475 -1.0600001811981201 -1.0500001907348633 -0.9700000286102295 -0.6399998664855957 -0.07000017166137695 -0.07000017166137695 -0.570000171661377 -0.5399999618530273 -0.05000019073486328 -0.5999999046325684 -0.5799999237060547 -0.7100000381469727 -0.5900001525878906 -0.5900001525878906 -0.5799999237060547 -0.5199999809265137 -0.619999885559082 -0.6499998569488525
-9999 -9999 -9999 -9999 -9999 -9999 -9999 -9999 -2.370000123977661 -0.05000019073486328 -0.6099998950958252 -0.6099998950958252 -0.6099998950958252 -0.6099996566772461 -0.42999982833862305 -0.4699997901916504 -0.4699997901916504 0 -0.42999982833862305 -0.4499998092651367 -0.4499998092651367 -0.5 -0.3599996566772461 -0.6299996376037598 -0.7299997806549072 -0.8999998569488525 -0.5199999809265137 -0.5199999809265137 -0.6399998664855957 -0.5999999046325684 -0.07000017166137695 -0.5500001907348633 -0.7699999809265137 -0.5100002288818359 -0.5999999046325684 -0.5999999046325684 -0.6100001335144043 -0.440000057220459 -0.5799999237060547 -0.6600000858306885 -0.28999996185302734 -0.5999999046325684 -0.6399998664855957 -0.6399998664855957 -0.6100001335144043 -0.5299997329711914 -0.5 -0.6299998760223389
-9999 -9999 -9999 -9999 -9999 -9999 -4.859999880194664 -0.6299998760223389 -0.6800000667572021 -0.6399998664855957 -0.5799999237060547 -0.43000030517578125 -0.43000030517578125 -0.4699997901916504 -0.48999977111816406 -0.7399997711181641 -0.38000011444091797 -0.440000057220459 -0.5499997138977051 -0.48999977111816406 -0.48999977111816406 -0.5399999618530273 -0.5 -0.7199997901916504 -0.6999998092651367 -0.039999961853027344 -0.940000057220459 -0.940000057220459 -0.49000024795532227 -1.0500001907348633 -0.07000017166137695 -0.5500001907348633 -0.570000171661377 -0.48000001907348633 -0.1700000762939453 -0.1700000762939453 -0.440000057220459 -0.4500002861022949 -0.5 -0.48000001907348633 -0.559999942779541 -0.5900001525878906 -0.5399999618530273 -0.5399999618530273 -0.6100001335144043 -0.5499997138977051 -0.5199999809265137 -0.4699997901916504
-9999 -9999 -9999 -9999 -3.1499998569488525 -3.1499998569488525 -0.23999977111816406 -0.8299999237060547 -0.5699996948242188 -0.5499997138977051 -0.6099996566772461 -0.5 -0.5 -0.3900003433227539 -0.3900003433227539 -0.559999942779541 -0.5900001525878906 -0.7900002002716064 -0.570000171661377 -0.5100002288818359 -0.5100002288818359 -0.690000057220459 -0.619999885559082 -0.4500002861022949 -0.010000228881835938 -0.5999999046325684 -0.7900002002716064 -0.7900002002716064 -0.7000000476837158 -0.630000114440918 -0.630000114440918 -0.6600000858306885 -0.4700002670288086 -0.5199999809265137 -0.4700002670288086 -0.4700002670288086 -0.25 -0.5500001907348633 -0.5 -0.3600001335144043 -0.619999885559082 -0.5699996948242188 -0.5699996948242188 -0.5199999809265137 -0.5799999237060547 -0.559999942779541 -0.4200000762939453 -0.5699996948242188
-9999 -9999 -9999 -2.119999885559082 -2.119999885559082 0 -0.6599998474121094 -0.5899996757507324 -0.23000001907348633 -0.48999977111816406 -0.4499998092651367 -0.42999982833862305 -0.42999982833862305 -0.5399999618530273 -0.5399999618530273 -0.559999942779541 -0.4700002670288086 -0.7699999809265137 -0.7000000476837158 -0.5500001907348633 -0.5500001907348633 -0.05000019073486328 -0.5799999237060547 -0.4200000762939453 -0.559999942779541 -0.559999942779541 -0.5100002288818359 -0.5100002288818359 -0.4700002670288086 -0.7200000286102295 -0.6399998664855957 -0.5799999237060547 -0.7800002098083496 -0.619999885559082 -0.4200000762939453 -0.4200000762939453 -0.619999885559082 -0.48000001907348633 -0.46000003814697266 -0.559999942779541 -0.5299997329711914 -0.5099997520446777 -0.5099997520446777 -0.5899996757507324 -0.4499998092651367 -0.3899998664855957 -0.2199997901916504 -0.21000003814697266
-9999 -9999 -0.8999998569488525 -0.7199997901916504 -0.7199997901916504 -0.5899996757507324 -0.5399999618530273 -0.5499997138977051 -0.5199999809265137 -0.019999980926513672 -0.440000057220459 -0.309999942779541 -0.309999942779541 -0.3000001907348633 -0.5100002288818359 -0.619999885559082 -0.5399999618530273 -0.8000001907348633 -1.2000000476837158 -0.5199999809265137 -0.5199999809265137 -0.440000057220459 -0.570000171661377 -0.5 -0.32000017166137695 -0.309999942779541 -0.5 -0.5 -0.23000001907348633 -0.630000114440918 -0.630000114440918 -0.5900001525878906 -0.4700002670288086 -0.6600000858306885 -0.630000114440918 -0.630000114440918 -0.38000011444091797 -0.6100001335144043 -0.6800000667572021 -0.570000171661377 -0.5899996757507324 -0.5699996948242188 -0.5699996948242188 -0.5899996757507324 -0.5299997329711914 -0.4099998474121094 -0.4499998092651367 -0.4699997901916504
-9999 -1.6500000953674316 -1.3600001335144043 -0.05000019073486328 -0.05000019073486328 -0.570000171661377 -0.5500001907348633 -0.6100001335144043 -0.4700002670288086 -0.49000024795532227 -0.690000057220459 -0.5 -0.5 -0.5099997520446777 -0.8399999141693115 -1.2699999809265137 -0.059999942779541016 -0.6800000667572021 -0.05000019073486328 -0.05000019073486328 -0.49000024795532227 -0.49000024795532227 -0.43000030517578125 -0.5100002288818359 -0.40000009536743164 -0.34999990463256836 -0.5 -0.5 -0.4200000762939453 -0.5300002098083496 -0.010000228881835938 -0.5300002098083496 -0.559999942779541 -0.05000019073486328 -0.630000114440918 -0.630000114440918 -0.6399998664855957 -0.619999885559082 -0.5799999237060547 -0.5899996757507324 -0.5799999237060547 -0.5799999237060547 -0.5799999237060547 -0.40000009536743164 -0.46000003814697266 -0.5999999046325684 -0.4500002861022949 -0.440000057220459
-0.679999828338623 -0.8100001811981201 -1.2599999904632568 -0.619999885559082 -0.619999885559082 -0.5500001907348633 -0.5799999237060547 -0.5999999046325684 -0.440000057220459 -0.4700002670288086 -0.4700002670288086 -0.03000020980834961 -0.03000020980834961 -0.9999997615814209 -0.5899996757507324 -1.440000057220459 -0.5899996757507324 -0.440000057220459 -0.38000011444091797 -0.38000011444091797 -0.619999885559082 -0.3299999237060547 -0.4100003242492676 -0.5500001907348633 -0.3600001335144043 -0.5 -0.49000024795532227 -0.49000024795532227 -0.05000019073486328 -0.46000003814697266 -0.46000003814697266 -0.6700000762939453 -0.630000114440918 -0.5999999046325684 -0.6700000762939453 -0.6700000762939453 -0.559999942779541 -0.6099996566772461 -0.5699996948242188 -0.4200000762939453 -0.5699996948242188 -0.559999942779541 -0.559999942779541 -0.42999982833862305 -0.5399999618530273 -0.43000030517578125 -0.619999885559082 -0.559999942779541
-0.039999961853027344 -0.7400000095367432 -0.8500001430511475 -0.5999999046325684 -0.5999999046325684 -0.559999942779541 -0.5500001907348633 -0.5100002288818359 -0.49000024795532227 -0.5199999809265137 -0.03000020980834961 -0.03000020980834961 -0.03000020980834961 -0.6899998188018799 -0.4099998474121094 -0.7899999618530273 -1.0799999237060547 -0.309999942779541 -0.43000030517578125 -0.43000030517578125 -0.32000017166137695 -0.5199999809265137 -0.3600001335144043 -0.5199999809265137 -0.6700000762939453 -0.4100003242492676 -0.4700002670288086 -0.4700002670288086 -0.43000030517578125 -0.3400001525878906 -0.5399999618530273 -0.5500001907348633 -0.5500001907348633 -0.5999999046325684 -0.5999999046325684 -0.5900001525878906 -0.039999961853027344 -0.5699996948242188 -0.6099996566772461 -0.5 -0.31999969482421875 -0.5199999809265137 -0.5199999809265137 -0.48999977111816406 -0.5699996948242188 -0.43000030517578125 -0.690000057220459 -0.570000171661377
-0.9199998378753662 -0.8600001335144043 -1.0200002193450928 -0.6700000762939453 -0.6700000762939453 -0.3899998664855957 -0.8000001907348633 -0.05000019073486328 -0.019999980926513672 -0.05000019073486328 -0.6800000667572021 -0.5 -0.5 -0.46000003814697266 -0.38000011444091797 -0.4200000762939453 -0.4500002861022949 -0.48000001907348633 -0.4699997901916504 -0.4699997901916504 -0.39999961853027344 -0.3899998664855957 -0.059999942779541016 -0.37999963760375977 -0.48999977111816406 -0.5899996757507324 -0.619999885559082 -0.619999885559082 -0.3899998664855957 -0.5399999618530273 -0.5799999237060547 -0.5199999809265137 -0.4699997901916504 -0.4200000762939453 -0.4200000762939453 -0.48000001907348633 -0.5199999809265137 -0.4499998092651367 -0.5 -0.3599996566772461 -0.6399998664855957 -0.6399998664855957 -0.6399998664855957 -0.5299997329711914 -0.5199999809265137 0 -1.6699998378753662 -1.9399998188018799
-0.9100000858306885 -0.9200000762939453 -1.190000057220459 -0.9300000667572021 -0.9300000667572021 -0.9500000476837158 -0.05000019073486328 -0.4500002861022949 -0.3899998664855957 -0.34999990463256836 -0.6700000762939453 -0.7100000381469727 -0.7100000381469727 -0.32000017166137695 -0.4500002861022949 -0.3400001525878906 -0.43000030517578125 -0.4699997901916504 -0.5499997138977051 -0.5499997138977051 -0.4200000762939453 -0.4099998474121094 -0.4099998474121094 -0.4699997901916504 -0.4099998474121094 -0.48999977111816406 -0.5500001907348633 -0.5500001907348633 -0.5199999809265137 -0.46000003814697266 -0.630000114440918 -0.5499997138977051 -0.619999885559082 -0.5199999809265137 -0.5199999809265137 -0.5399999618530273 -0.6499998569488525 -0.4499998092651367 -0.6099996566772461 -0.5499997138977051 -0.40000009536743164 -0.5999999046325684 -0.5999999046325684 -0.5499997138977051 -1.5499999523162842 -1.9500000476837158 -1.4000000953674316 -0.5300002098083496
-1.130000114440918 -0.4100003242492676 0 -1.5199999809265137 -1.5199999809265137 -0.8000001907348633 -1.3100001811981201 -0.36999988555908203 -0.440000057220459 -0.32000017166137695 -0.619999885559082 -0.619999885559082 -0.7699999809265137 -0.32000017166137695 -0.309999942779541 -0.05000019073486328 -0.3600001335144043 -0.23999977111816406 -0.2199997901916504 -0.39999961853027344 -0.4499998092651367 -0.5999999046325684 -0.5399999618530273 -0.5299997329711914 -0.059999942779541016 -0.48999977111816406 -0.5199999809265137 -0.5199999809265137 -0.6099996566772461 -0.5399999618530273 -0.559999942779541 -0.4499998092651367 -0.48999977111816406 -0.440000057220459 -0.440000057220459 -0.5 -0.23000001907348633 -0.4700002670288086 -0.48999977111816406 0 -1.6899998188018799 -2.0999999046325684 -2.0999999046325684 -1.1399998664855957 -0.5299997329711914 -0.43000030517578125 -0.5 -0.570000171661377
-0.21000003814697266 -0.03000020980834961 -0.039999961853027344 -0.06999969482421875 -0.06999969482421875 -0.07999992370605469 -0.6299996376037598 -0.4699997901916504 -0.5199999809265137 -0.43000030517578125 -0.34999990463256836 -0.34999990463256836 -0.4200000762939453 -0.440000057220459 -0.05000019073486328 -0.4500002861022949 -0.3600001335144043 -0.440000057220459 -0.440000057220459 -0.440000057220459 -0.46000003814697266 -0.1399998664855957 -0.5099997520446777 -0.48999977111816406 -0.48000001907348633 -0.42999982833862305 -0.5199999809265137 -0.5199999809265137 -0.5399999618530273 -0.019999980926513672 -0.5199999809265137 -0.5 -0.4099998474121094 -0.4699997901916504 -0.4699997901916504 -0.36999988555908203 -0.5799999237060547 -0.6100001335144043 -1.25 -1.5999999046325684 -1.6499998569488525 -0.48000001907348633 -0.48000001907348633 -0.559999942779541 -0.5299997329711914 -0.5 -0.5300002098083496 -0.5199999809265137
-0.9700000286102295 -0.07000017166137695 -0.039999961853027344 -0.09999990463256836 -0.09999990463256836 -0.059999942779541016 -0.06999969482421875 -0.5299997329711914 -1.4300000667572021 -0.440000057220459 -0.43000030517578125 -0.43000030517578125 -0.440000057220459 -0.570000171661377 -0.48000001907348633 -0.49000024795532227 -0.440000057220459 -0.059999942779541016 -0.5399999618530273 -0.5399999618530273 -0.5499997138977051 -0.5399999618530273 -0.5299997329711914 -0.5399999618530273 -0.48999977111816406 -0.6099996566772461 -0.6099996566772461 -0.48000001907348633 -0.4499998092651367 -0.5499997138977051 -0.3599996566772461 -0.5 -0.5699996948242188 0 0 -0.440000057220459 -0.03000020980834961 -1.9500000476837158 -2.0299999713897705 -0.07000017166137695 -0.5799999237060547 -0.48000001907348633 -0.48000001907348633 -0.6099996566772461 -0.48999977111816406 -0.570000171661377 -0.48000001907348633 -0.5900001525878906
-0.9900000095367432 -0.9100000858306885 -0.019999980926513672 -0.05000019073486328 -0.05000019073486328 -0.039999961853027344 -0.09000015258789062 -0.6500000953674316 -0.570000171661377 -0.8500001430511475 -0.5799999237060547 -0.5799999237060547 -0.43000030517578125 -0.05000019073486328 -0.5999999046325684 -0.5300002098083496 -0.570000171661377 -0.2999997138977051 -0.7699999809265137 -0.7699999809265137 -0.5199999809265137 -0.48999977111816406 -0.5099997520446777 -0.5 -0.2999997138977051 -0.5299997329711914 -0.5299997329711914 -0.4099998474121094 -0.5899996757507324 -0.559999942779541 -0.5099997520446777 -0.5299997329711914 -0.869999885559082 -2.5799999237060547 -2.5799999237060547 -2.2199997901916504 0 -0.5699996948242188 -0.6499998569488525 -0.6499998569488525 -0.5699996948242188 -0.5199999809265137 -0.5199999809265137 -0.4499998092651367 -0.4200000762939453 -0.619999885559082 -0.5499997138977051 -0.4699997901916504
-1.1400001049041748 -0.8700001239776611 -0.9700000286102295 -0.13000011444091797 -0.13000011444091797 -0.16000032424926758 -0.07000017166137695 -0.11999988555908203 -0.559999942779541 -0.5900001525878906 -0.9900000095367432 -0.9900000095367432 -0.5399999618530273 -0.5799999237060547 -0.570000171661377 -0.05000019073486328 -0.5500001907348633 -0.5199999809265137 -0.48999977111816406 -0.48999977111816406 -0.40000009536743164 -0.5499997138977051 -0.48999977111816406 -0.5799999237060547 -0.5899996757507324 -0.46000003814697266 -0.46000003814697266 -0.5699996948242188 -0.039999961853027344 -0.8399999141693115 -0.039999961853027344 -3.0399999618530273 -3.0099998712539673 -1.9199998378753662 -1.9199998378753662 -0.5299997329711914 -0.5199999809265137 -0.5099997520446777 -0.5299997329711914 -0.4699997901916504 -0.46000003814697266 -0.5199999809265137 -0.5199999809265137 -0.5399999618530273 -0.5699996948242188 -0.6699998378753662 -0.12999963760375977 -0.7299997806549072
