SimulationData/Scenarios/Waterwolf/Flooding/Uitdammerdijk/600.asc
ncols        561
nrows        278
xllcorner    4.817258165162
yllcorner    52.370746892638
cellsize     0.000511251697
NODATA_value  -9999
[rows 110 to 131 of 278, columns 240 to 287 of 561]
-0.11000001430511475 -0.2900000810623169 -0.2900000810623169 -0.2900000810623169 -0.43000006675720215 -0.43000006675720215 -0.43000006675720215 -0.3700000047683716 -0.4099999666213989 -0.3500000238418579 -0.809999942779541 -0.690000057220459 -0.6399999856948853 -0.7000000476837158 -0.7000000476837158 -0.75 -0.7899999618530273 -0.7599999904632568 -1.449999988079071 -0.2600001096725464 -0.2600001096725464 -0.2600001096725464 -0.25 -0.2700001001358032 -0.25 -0.12999999523162842 -0.23000001907348633 -0.2600001096725464 -0.19000005722045898 -0.19000005722045898 -0.43000006675720215 -0.440000057220459 -0.4700000286102295 -0.5 -0.4100000858306885 -0.46000003814697266 -0.46000003814697266 -0.49000000953674316 -0.36000001430511475 -0.3700000047683716 -0.5799999237060547 -0.4299999475479126 -0.5299999713897705 -0.48000001907348633 -0.48000001907348633 -0.4500000476837158 -0.5199999809265137 -0.8100000619888306
-0.21999990940093994 -0.5800000429153442 -0.4500000476837158 -0.5600000619888306 -0.3500000238418579 -0.4700000286102295 -0.4700000286102295 -0.440000057220459 -0.43000006675720215 -0.46000003814697266 -0.690000057220459 -0.690000057220459 -0.690000057220459 -0.7799999713897705 -0.7799999713897705 -0.8300000429153442 -1.3399999737739563 -0.8600000143051147 -0.690000057220459 -1.7300000488758087 -0.2600001096725464 -0.2600001096725464 -0.25 -0.33000004291534424 -0.1400001049041748 -0.25 -0.25 -0.25 -0.4200000762939453 -0.4200000762939453 -0.440000057220459 -0.440000057220459 -0.4100000858306885 -0.4100000858306885 -0.5199999809265137 -0.48000001907348633 -0.48000001907348633 -0.440000057220459 -0.440000057220459 -0.15999996662139893 -0.48000001907348633 -0.49000000953674316 -0.5299999713897705 -0.5 -0.5 -0.6000000238418579 -0.5499999523162842 -0.4700000286102295
-0.2799999713897705 -0.46000003814697266 -0.2900000810623169 -0.3200000524520874 -0.46000003814697266 -0.46000003814697266 -0.46000003814697266 -0.5 -0.5 -0.4200000762939453 -0.5 -0.7599999904632568 -0.8600000143051147 -0.8600000143051147 -0.690000057220459 -0.690000057220459 -1.0800000429153442 -0.690000057220459 -0.690000057220459 -0.36000001430511475 -0.2600001096725464 -0.2600001096725464 -0.19000005722045898 -0.25 -0.18000006675720215 -0.1700000762939453 -0.33000004291534424 -0.3400000333786011 -0.3799999952316284 -0.3799999952316284 -0.43000006675720215 -0.46000003814697266 -0.5800000429153442 -0.3400000333786011 -0.48000001907348633 -0.4700000286102295 -0.4700000286102295 -0.4100000858306885 -0.49000000953674316 -0.440000057220459 -0.4700000286102295 -0.48000001907348633 -0.46000003814697266 -0.559999942779541 -0.559999942779541 -0.6000000238418579 -0.5799999237060547 -0.440000057220459
-0.18999993801116943 -0.5500000715255737 -0.49000000953674316 -0.5400000810623169 -0.5400000810623169 -0.48000001907348633 -0.48000001907348633 -0.48000001907348633 -0.3400000333786011 -0.30000007152557373 -0.6699999570846558 -0.5499999523162842 -0.690000057220459 -0.690000057220459 -0.6100000143051147 -0.940000057220459 -1.0399999618530273 -0.690000057220459 -2.899999976158142 -0.2600001096725464 -0.46000003814697266 -0.46000003814697266 -0.2600001096725464 -0.2600001096725464 -0.3400000333786011 -0.16000008583068848 -0.20000004768371582 -0.19000005722045898 -0.3400000333786011 -0.3400000333786011 -0.36000001430511475 -0.3999999761581421 -0.4100000858306885 -0.4500000476837158 -0.5 -0.5 -0.5 -0.36000001430511475 -0.46000003814697266 -0.4299999475479126 -0.440000057220459 -0.48000001907348633 -0.49000000953674316 -0.43999993801116943 -0.43999993801116943 -0.5900000333786011 -0.5 -0.4500000476837158
-0.2200000286102295 -0.40000009536743164 -0.46000003814697266 -0.5500000715255737 -0.6700000762939453 -0.6000000238418579 -0.6000000238418579 -0.40000009536743164 -0.40000009536743164 -0.2900000810623169 -0.7200000286102295 -0.7300000190734863 -0.6799999475479126 -0.6799999475479126 -0.7899999618530273 -0.9199999570846558 -0.7100000381469727 -0.690000057220459 -1.8199999928474426 -0.7300000190734863 -0.9800000190734863 -0.9800000190734863 -1.0399999618530273 -0.9800000190734863 -0.9800000190734863 -1.2300000190734863 -1.059999942779541 -0.9099999666213989 -0.8899999856948853 -0.8899999856948853 -0.9099999666213989 -1.0399999618530273 -1.0899999141693115 -0.9399999380111694 -0.9699999094009399 -1.0799999237060547 -1.0799999237060547 -0.9599999189376831 -0.4099999666213989 -0.440000057220459 -0.48000001907348633 -0.4500000476837158 -0.5099999904632568 -0.4500000476837158 -0.4500000476837158 -0.4500000476837158 -0.3999999761581421 -0.3399999141693115
-0.5900000333786011 -0.5 -0.40000009536743164 -0.5500000715255737 -0.40000009536743164 -0.5400000810623169 -0.5400000810623169 -0.5700000524520874 -0.5500000715255737 -0.49000000953674316 -0.6699999570846558 -0.7400000095367432 -0.3700000047683716 -0.3700000047683716 -0.8500000238418579 -1.1100000143051147 -1.4800000190734863 -0.690000057220459 -0.3799999952316284 -0.6499999761581421 -0.809999942779541 -0.809999942779541 -0.7400000095367432 -0.9699999094009399 -0.8399999141693115 -0.9800000190734863 -0.9800000190734863 -0.9800000190734863 -0.9900000095367432 -0.8799999952316284 -1.0999999046325684 -0.9900000095367432 -0.9900000095367432 -0.9299999475479126 -0.9599999189376831 -0.8799999952316284 -0.8799999952316284 -0.8999999761581421 -0.3700000047683716 -0.4099999666213989 -0.4299999475479126 -0.3700000047683716 -0.26999998092651367 -0.3700000047683716 -0.3700000047683716 -0.4099999666213989 -0.41999995708465576 -0.21999990940093994
-0.18000006675720215 -0.40000009536743164 -0.6100000143051147 -0.48000001907348633 -0.6000000238418579 -0.5800000429153442 -0.5800000429153442 -0.5199999809265137 -0.40000009536743164 -0.2200000286102295 -0.690000057220459 -0.7200000286102295 -0.690000057220459 -0.690000057220459 -0.8400000333786011 -1 -0.690000057220459 -1.770000010728836 -0.41999995708465576 -0.9800000190734863 -0.7300000190734863 -0.7300000190734863 -0.9800000190734863 -0.6399999856948853 -0.9800000190734863 -0.6899999380111694 -0.49000000953674316 -0.5699999332427979 -0.5699999332427979 -0.5899999141693115 -0.5399999618530273 -0.6899999380111694 -1.0399999618530273 -1.2299998998641968 -0.9900000095367432 -0.9900000095367432 -0.9900000095367432 -0.9900000095367432 -0.5399999618530273 -0.4099999666213989 -0.4299999475479126 -0.4500000476837158 -0.38999998569488525 -0.41999995708465576 -0.41999995708465576 -0.4099999666213989 -0.2999999523162842 -0.3700000047683716
-0.3400000333786011 -0.5700000524520874 -0.6399999856948853 -0.43000006675720215 -0.4700000286102295 -0.49000000953674316 -0.49000000953674316 -0.3799999952316284 -0.5 -0.4500000476837158 -0.690000057220459 -0.690000057220459 -0.7300000190734863 -0.7300000190734863 -1.3199999928474426 -1.550000011920929 -0.690000057220459 -0.5399999618530273 -0.5299999713897705 -0.7599999904632568 -0.7400000095367432 -0.7400000095367432 -0.9299999475479126 -0.7699999809265137 -0.9800000190734863 -0.37999987602233887 -0.5399999618530273 -0.5199999809265137 -0.5199999809265137 -0.3299999237060547 -0.34999990463256836 -0.6299999952316284 -0.7899999618530273 -1.0699999332427979 -1.1299999952316284 -1.0799999237060547 -1.0799999237060547 -1.1399999856948853 -0.5099999904632568 -0.440000057220459 -0.440000057220459 -0.440000057220459 -0.440000057220459 -0.440000057220459 -0.440000057220459 -0.440000057220459 -0.440000057220459 -0.25
-0.09000003337860107 -0.6299999952316284 -0.4700000286102295 -0.6399999856948853 -0.6000000238418579 -0.6000000238418579 -0.6000000238418579 -0.40000009536743164 -0.28000009059906006 -0.5300000905990601 -0.5800000429153442 -0.48000001907348633 -0.690000057220459 -0.690000057220459 -1.5199999809265137 -0.690000057220459 -2.25 -0.5199999809265137 -0.690000057220459 -0.7099999189376831 -0.9800000190734863 -0.9800000190734863 -0.5 -0.9800000190734863 -0.39999985694885254 -0.5999999046325684 -0.49000000953674316 -0.4500000476837158 -0.4500000476837158 -0.5499999523162842 -0.4700000286102295 -0.7199999094009399 -1.309999942779541 -1.1799999475479126 -1.0499999523162842 -1.0799999237060547 -1.0799999237060547 -1.2299998998641968 -0.5199999809265137 -0.440000057220459 -0.440000057220459 -0.19000005722045898 -0.26999998092651367 -0.309999942779541 -0.309999942779541 -0.26999998092651367 -0.21000003814697266 -0.19999992847442627
-0.20000004768371582 -0.40000009536743164 -0.48000001907348633 -0.5700000524520874 -0.6399999856948853 -0.6399999856948853 -0.6299999952316284 -0.5199999809265137 -0.36000001430511475 -0.40000009536743164 -0.690000057220459 -0.7999999523162842 -2.350000001490116 -2.350000001490116 -0.8700000047683716 -0.690000057220459 -2.1799999997019768 -0.5199999809265137 -0.25999999046325684 -0.7699999809265137 -0.9499999284744263 -0.9499999284744263 -0.7899999618530273 -0.6899999380111694 -0.6699999570846558 -0.6200000047683716 -0.26999998092651367 -0.49000000953674316 -0.49000000953674316 -0.4500000476837158 -0.5799999237060547 -0.6899999380111694 -1 -1.159999966621399 -1.159999966621399 -1.1399999856948853 -1.1399999856948853 -1 -0.6000000238418579 -0.440000057220459 -0.3500000238418579 -0.23000001907348633 -0.2799999713897705 -0.28999996185302734 -0.28999996185302734 -0.2200000286102295 -0.4700000286102295 -0.25
-0.2200000286102295 -0.7099999189376831 -0.6499999761581421 -0.6299998760223389 -0.5099999904632568 -0.5099999904632568 -0.6699999570846558 -0.6299998760223389 -0.4799998998641968 -0.309999942779541 -0.5499999523162842 -0.6800000667572021 -1.2599999904632568 -1.2599999904632568 -0.6800000667572021 -1.4300000071525574 -1.4100000262260437 -0.5600000619888306 -0.5499999523162842 -0.9900000095367432 -0.809999942779541 -0.809999942779541 -0.9900000095367432 -0.3899998664855957 -0.5499999523162842 -0.28999996185302734 -0.1699998378753662 -0.48000001907348633 -0.48000001907348633 -0.6399999856948853 -1.25 -1.0299999713897705 -1.0899999141693115 -1.0999999046325684 -1.059999942779541 -1.059999942779541 -1.059999942779541 -1.0699999332427979 -0.49000000953674316 -0.6799999475479126 -0.43999993801116943 -0.4700000286102295 -0.5099999904632568 -0.5099999904632568 -0.4299999475479126 -0.4599999189376831 -0.4599999189376831 -0.25
-0.25999999046325684 -0.6699999570846558 -0.6699999570846558 -0.6599999666213989 -0.8599998950958252 -0.8599998950958252 -0.7399998903274536 -0.7299998998641968 -0.2099999189376831 -0.46999990940093994 -0.5800000429153442 -0.9900000095367432 -0.6800000667572021 -0.6800000667572021 -0.8700000047683716 -1.3899999856948853 -0.6800000667572021 -0.7400000095367432 -0.6299999952316284 -0.8999999761581421 -0.7799999713897705 -0.7799999713897705 -0.7599999904632568 -0.6200000047683716 -0.059999942779541016 -0.5399999618530273 -0.5199999809265137 -0.5699999332427979 -0.5699999332427979 -1.2999999523162842 -1.1699999570846558 -1.0099999904632568 -1.0899999141693115 -1.1200000047683716 -1.0799999237060547 -0.9800000190734863 -0.9800000190734863 -1.149999976158142 -0.6799999475479126 -0.4700000286102295 -0.48000001907348633 -0.4700000286102295 -0.4700000286102295 -0.4700000286102295 -0.3799999952316284 -0.3799999952316284 -0.44999992847442627 -0.22999989986419678
-0.060000061988830566 -0.7099999189376831 -0.6899999380111694 -0.7599999904632568 -0.619999885559082 -0.619999885559082 -0.6799999475479126 -0.6299998760223389 -0.43999993801116943 -0.26999998092651367 -1 -0.6800000667572021 -0.8899999856948853 -0.8899999856948853 -0.6800000667572021 -0.6800000667572021 -0.6800000667572021 -0.6800000667572021 -0.6800000667572021 -0.9900000095367432 -0.9900000095367432 -0.9900000095367432 -0.6699999570846558 -0.5299999713897705 -0.5699999332427979 -0.25999999046325684 -0.6599999666213989 -0.5999999046325684 -0.5999999046325684 -0.9800000190734863 -0.9800000190734863 -1.1100000143051147 -0.9499999284744263 -1.1399999856948853 -1.0099999904632568 -1.2400000095367432 -1.1100000143051147 -0.9099999666213989 -0.4700000286102295 -0.3399999141693115 -0.4700000286102295 -0.3999999761581421 -0.4599999189376831 -0.4599999189376831 -0.4599999189376831 -0.6299999952316284 -0.6200000047683716 -0.5199999809265137
-0.3400000333786011 -0.7099999189376831 -0.5099999904632568 -0.7199999094009399 -0.5099999904632568 -0.5099999904632568 -0.7499998807907104 -0.5099999904632568 -0.5099999904632568 -0.37999987602233887 -0.7699999809265137 -0.7999999523162842 -0.8600000143051147 -0.8600000143051147 -0.8200000524520874 -1.2000000476837158 -0.6800000667572021 -1.9000000059604645 -1.1699999570846558 -0.7299998998641968 -0.7299998998641968 -0.43000006675720215 -0.6399999856948853 -0.14999985694885254 -0.43000006675720215 -0.6499999761581421 -0.7299998998641968 -0.9900000095367432 -0.9900000095367432 -0.9800000190734863 -0.9800000190734863 -1.059999942779541 -1.0799999237060547 -0.9800000190734863 -0.9800000190734863 -1.0699999332427979 -1.0699999332427979 -0.8799999952316284 -0.44999992847442627 -0.41999995708465576 -0.4700000286102295 -0.5 -0.6499999761581421 -0.6499999761581421 -0.6299999952316284 -0.8500000238418579 -0.4700000286102295 -0.43000006675720215
-0.20000004768371582 -0.6399999856948853 -0.7599999904632568 -0.6599999666213989 -0.6799999475479126 -0.6799999475479126 -0.6099998950958252 -0.5099999904632568 -0.5099999904632568 -0.5099999904632568 -0.6800000667572021 -0.6800000667572021 -0.7400000095367432 -0.7400000095367432 -0.8500000238418579 -1.25 -0.6800000667572021 -2.1600000113248825 -0.8199999332427979 -0.6799999475479126 -0.6799999475479126 -0.6299999952316284 -0.5699999332427979 -0.6499999761581421 -0.49000000953674316 -1.0899999141693115 -0.9900000095367432 -0.9900000095367432 -0.9900000095367432 -0.9800000190734863 -0.9800000190734863 -1.1899999380111694 -1.1299999952316284 -1.21999990940094 -0.9800000190734863 -1.1100000143051147 -1.1100000143051147 -1.0199999809265137 -0.5099999904632568 -0.5099999904632568 -0.4700000286102295 -0.3999999761581421 -0.43999993801116943 -0.43999993801116943 -0.4700000286102295 -0.6499999761581421 -0.3500000238418579 -0.19000005722045898
-0.26999998092651367 -0.31000006198883057 -0.25 -0.20000004768371582 -0.16999995708465576 -0.16999995708465576 -0.23000001907348633 -0.21000003814697266 -0.24000000953674316 -0.2799999713897705 -0.7200000286102295 -0.7900000810623169 -0.8300000429153442 -0.8300000429153442 -1.5700001120567322 -1.1600000858306885 -0.6000001430511475 -2.03000009059906 -0.630000114440918 -0.7599999904632568 -0.7599999904632568 -0.6400001049041748 -0.5900000333786011 -0.440000057220459 -0.28000009059906006 -0.6400001049041748 -0.6400001049041748 -0.6400001049041748 -0.6400001049041748 -0.4200000762939453 -0.4200000762939453 -0.4200000762939453 -0.4200000762939453 -0.4200000762939453 -0.4200000762939453 -0.6000000238418579 -0.6000000238418579 -0.5500000715255737 -0.40000009536743164 -0.6200000047683716 -0.4700000286102295 -0.7300000190734863 -0.4500000476837158 -0.4500000476837158 -0.3400000333786011 -0.4200000762939453 -0.30000007152557373 -0.21000003814697266
-0.2799999713897705 -0.060000061988830566 -0.2999999523162842 -0.2200000286102295 -0.23000001907348633 -0.23000001907348633 -0.060000061988830566 -0.2799999713897705 -0.060000061988830566 -0.060000061988830566 -0.7600001096725464 -0.8000000715255737 -0.8900001049041748 -0.8900001049041748 -1.1400001049041748 -1.2200000882148743 -0.6000001430511475 -1.810000091791153 -0.6000001430511475 -0.6400001049041748 -0.6400001049041748 -0.4500000476837158 -0.4100000858306885 -0.6400001049041748 -0.4100000858306885 -0.6400001049041748 -0.6400001049041748 -0.6400001049041748 -0.6400001049041748 -0.6800000667572021 -0.4200000762939453 -0.5900000333786011 -0.5700000524520874 -0.4200000762939453 -0.4200000762939453 -0.4200000762939453 -0.4200000762939453 -0.7599999904632568 -0.5500000715255737 -0.40000009536743164 -0.43000006675720215 -0.3700000047683716 -0.5 -0.5 -0.3400000333786011 -0.25 -0.3400000333786011 -0.2700001001358032
-0.019999980926513672 -0.2999999523162842 -0.060000061988830566 -0.25 -0.13999998569488525 -0.13999998569488525 -0.060000061988830566 -0.0700000524520874 -0.26999998092651367 -0.08000004291534424 -0.7200000286102295 -0.8100000619888306 -0.8100000619888306 -0.8100000619888306 -1.090000033378601 -1.1500000953674316 -1.3900001049041748 -1.3400000929832458 -0.6000001430511475 -0.4100000858306885 -0.4100000858306885 -0.4100000858306885 -0.440000057220459 -0.46000003814697266 -0.49000000953674316 -0.6299999952316284 -0.7300000190734863 -0.6400001049041748 -0.6400001049041748 -0.5 -0.46000003814697266 -0.440000057220459 -0.4500000476837158 -0.5500000715255737 -0.4200000762939453 -0.4200000762939453 -0.4200000762939453 -0.5800000429153442 -0.36000001430511475 -0.30000007152557373 -0.4200000762939453 -0.5800000429153442 -0.40000009536743164 -0.40000009536743164 -0.3200000524520874 -0.31000006198883057 -0.46000003814697266 -0.3200000524520874
-0.31000006198883057 -0.3999999761581421 -0.21000003814697266 -0.21000003814697266 -0.060000061988830566 -0.060000061988830566 -0.060000061988830566 -0.060000061988830566 -0.060000061988830566 -0.2999999523162842 -0.7900000810623169 -0.7300001382827759 -0.7300001382827759 -0.8200000524520874 -0.7400001287460327 -0.7300001382827759 -0.9200000762939453 -0.6000001430511475 -0.6000001430511475 -0.3799999952316284 -0.3799999952316284 -0.4700000286102295 -0.3799999952316284 -0.5099999904632568 -0.6400001049041748 -0.6700000762939453 -0.6400001049041748 -0.6700000762939453 -0.6700000762939453 -0.3799999952316284 -0.4200000762939453 -0.4200000762939453 -0.43000006675720215 -0.38999998569488525 -0.31000006198883057 -0.31000006198883057 -0.36000001430511475 -0.440000057220459 -0.33000004291534424 -0.6000000238418579 -0.40000009536743164 -0.5099999904632568 -0.36000001430511475 -0.36000001430511475 -0.30000007152557373 -0.33000004291534424 -0.40000009536743164 -0.16000008583068848
-0.20000004768371582 -0.2200000286102295 -0.31000006198883057 -0.2799999713897705 -0.36000001430511475 -0.36000001430511475 -0.060000061988830566 -0.26999998092651367 -0.1799999475479126 -0.060000061988830566 -0.8000000715255737 -0.7800000905990601 -0.7800000905990601 -0.6800000667572021 -0.6000001430511475 -1.1200001239776611 -1.0500000715255737 -0.6000001430511475 -0.9900001287460327 -0.9900000095367432 -0.9900000095367432 -0.5500000715255737 -0.6400001049041748 -0.6200000047683716 -0.6600000858306885 -0.6100000143051147 -0.7200000286102295 -0.6400001049041748 -0.6400001049041748 -0.38999998569488525 -0.31000006198883057 -0.3700000047683716 -0.48000001907348633 -0.3400000333786011 -0.3500000238418579 -0.3500000238418579 -0.3200000524520874 -0.4200000762939453 -0.40000009536743164 -0.31000006198883057 -0.36000001430511475 -0.3500000238418579 -0.3700000047683716 -0.3700000047683716 -0.43000006675720215 -0.5099999904632568 -0.6200000047683716 -0.2700001001358032
-0.30000007152557373 -0.19000005722045898 -0.6399999856948853 -0.060000061988830566 -0.16999995708465576 -0.16999995708465576 -0.20000004768371582 -0.19000005722045898 -0.060000061988830566 -0.3400000333786011 -0.8300000429153442 -0.8900001049041748 -0.8900001049041748 -0.9800001382827759 -0.8500001430511475 -0.9700000286102295 -1.1400001049041748 -0.6000001430511475 -1.9900000840425491 -0.6400001049041748 -0.6400001049041748 -0.6000000238418579 -0.24000000953674316 -0.5900000333786011 -0.6400001049041748 -0.6200000047683716 -0.8300000429153442 -0.6200000047683716 -0.6200000047683716 -0.49000000953674316 -0.4200000762939453 -0.4200000762939453 -0.6100000143051147 -0.6299999952316284 -0.6599999666213989 -0.6599999666213989 -0.6499999761581421 -0.5299999713897705 -0.40000009536743164 -0.5 -0.5500000715255737 -0.40000009536743164 -0.5300000905990601 -0.5300000905990601 -0.49000000953674316 -0.6100000143051147 -0.40000009536743164 -0.020000100135803223
0 -0.060000061988830566 -0.1799999475479126 -0.23000001907348633 -0.5 -0.5 -0.6100000143051147 -0.21000003814697266 -0.20000004768371582 -0.060000061988830566 -0.25999999046325684 -0.33000004291534424 -0.33000004291534424 -0.05000007152557373 -0.3500000238418579 -0.3500000238418579 -0.05000007152557373 -0.05000007152557373 -1.4800000190734863 -0.7300001382827759 -0.7300001382827759 -0.570000171661377 -0.5400000810623169 -0.47000014781951904 -0.5900001525878906 -0.690000057220459 -0.570000171661377 -0.570000171661377 -0.570000171661377 -0.12999999523162842 -0.12000000476837158 -0.060000061988830566 -0.060000061988830566 -0.33000004291534424 -0.1499999761581421 -0.1499999761581421 -0.25 -0.2200000286102295 -0.11000001430511475 -0.12999999523162842 -0.15999996662139893 -0.2799999713897705 -0.31000006198883057 -0.31000006198883057 -0.2799999713897705 -0.21000003814697266 -0.060000061988830566 -0.2799999713897705
