SimulationData/Scenarios/Waterwolf/Flooding/Uitdammerdijk/600.asc
ncols        561
nrows        278
xllcorner    4.817258165162
yllcorner    52.370746892638
cellsize     0.000511251697
NODATA_value  -9999
[rows 110 to 131 of 278, columns 288 to 335 of 561]
-0.6700000762939453 -0.8200000524520874 -0.6800000667572021 -0.16000008583068848 -0.16000008583068848 -0.40000009536743164 -0.6200000047683716 0 -0.6100000143051147 -0.5499999523162842 -0.5800000429153442 -0.5800000429153442 -0.6399999856948853 -0.5800000429153442 -0.6200000047683716 -0.6399999856948853 -0.5700000524520874 -0.6699999570846558 -0.5900000333786011 -0.5900000333786011 -0.6699999570846558 -0.6200000047683716 0 -0.5700000524520874 -0.6100000143051147 -0.4700000286102295 -0.4516407251358032 -0.4516407251358032 -0.5316407680511475 -0.37164080142974854 0.05835914611816406 -0.09164071083068848 -0.5216407775878906 -0.5716407299041748 -0.5716407299041748 -0.6216408014297485 -0.4699159860610962 -0.41991591453552246 -0.41991591453552246 -0.4299159049987793 -0.4999159574508667 -0.3999159336090088 -0.3999159336090088 -0.539915919303894 -0.09991598129272461 -0.14928722381591797 -0.1692873239517212 -0.09928727149963379
-0.49000000953674316 -0.4299999475479126 -0.6399999856948853 -0.690000057220459 -0.690000057220459 -0.75 -0.690000057220459 -0.46000003814697266 -0.7100000381469727 -0.6200000047683716 -0.6499999761581421 -0.6499999761581421 -0.7100000381469727 -0.6499999761581421 -0.6499999761581421 -0.6699999570846558 -0.6200000047683716 -0.690000057220459 -0.6399999856948853 -0.6399999856948853 -0.3999999761581421 -0.6499999761581421 -0.6200000047683716 -0.559999942779541 -0.5199999809265137 -0.28999996185302734 -0.4916408061981201 -0.4916408061981201 -0.5216407775878906 -0.4716407060623169 -0.2916407585144043 0.05835914611816406 -0.4716407060623169 -0.5116407871246338 -0.5116407871246338 -0.6416407823562622 -0.479915976524353 -0.479915976524353 -0.3799159526824951 -0.3999159336090088 -0.35991597175598145 -0.26991593837738037 -0.26991593837738037 -0.41991591453552246 0.22008395195007324 -0.19379973411560059 -0.013799786567687988 -0.03379976749420166
-0.3799999952316284 -0.4099999666213989 -0.6399999856948853 -1.3299999833106995 -1.3299999833106995 -0.809999942779541 -0.809999942779541 -0.690000057220459 -0.7100000381469727 -0.6299999952316284 -0.6699999570846558 -0.6699999570846558 -0.6599999666213989 -0.6499999761581421 -0.6599999666213989 -0.6499999761581421 -0.6799999475479126 -0.7000000476837158 -0.690000057220459 -0.690000057220459 -0.18000006675720215 -0.5800000429153442 -0.6299999952316284 -0.5399999618530273 -0.5499999523162842 -0.4099999666213989 -0.4099999666213989 -0.5316407680511475 -0.501640796661377 -0.4716407060623169 -0.5816407203674316 -0.3616408109664917 -0.4916408061981201 -0.501640796661377 -0.501640796661377 -0.6416407823562622 -0.4699159860610962 -0.479915976524353 0.22008395195007324 -0.48991596698760986 -0.4499160051345825 -0.4499160051345825 -0.4499160051345825 -0.3699159622192383 -0.48991596698760986 -0.16379976272583008 -0.18379974365234375 -0.09379982948303223
-0.38999998569488525 -0.46000003814697266 -0.6599999666213989 -0.5700000524520874 -0.5700000524520874 -0.1499999761581421 -0.7999999523162842 -0.7400000095367432 -0.7400000095367432 -0.6399999856948853 -0.7799999713897705 -0.7799999713897705 -0.7400000095367432 -0.7300000190734863 -0.7599999904632568 -0.7799999713897705 -0.7799999713897705 -0.75 -0.7200000286102295 -0.7200000286102295 -0.559999942779541 -0.46000003814697266 -0.5800000429153442 -0.5499999523162842 -0.5099999904632568 -0.49000000953674316 -0.49000000953674316 -0.5516407489776611 -0.4716407060623169 -0.561640739440918 -0.6316407918930054 -0.5916407108306885 -0.6116408109664917 -0.6316407918930054 -0.6316407918930054 -0.5916407108306885 -0.28991591930389404 -0.45991599559783936 -0.43991589546203613 -0.5199159383773804 -0.43991589546203613 -0.45991599559783936 -0.45991599559783936 -0.3999159336090088 -0.5099159479141235 -0.07379984855651855 -0.13379979133605957 -0.1137998104095459
-0.38999998569488525 -0.4299999475479126 -0.6599999666213989 -0.6599999666213989 -1.1299999952316284 -0.8200000524520874 -0.7999999523162842 -0.7200000286102295 -0.7699999809265137 -0.4299999475479126 -0.2799999713897705 -0.2799999713897705 -0.25999999046325684 -0.7400000095367432 -0.7899999618530273 -0.7699999809265137 -0.6000000238418579 -0.75 -0.7400000095367432 -0.7400000095367432 -0.7000000476837158 -0.559999942779541 -0.5800000429153442 -0.5399999618530273 -0.5 -0.5 -0.5 -0.6776992082595825 -0.46769917011260986 -0.6576991081237793 -0.7476991415023804 -0.6392064094543457 -0.6592063903808594 -0.6992064714431763 -0.6992064714431763 -0.6792064905166626 0.2678523063659668 -0.38214755058288574 -0.38214755058288574 -0.3121476173400879 -0.2560868263244629 -0.36608684062957764 -0.36608684062957764 -0.36608684062957764 -0.33608686923980713 -0.02710890769958496 -0.007108926773071289 0.012891054153442383
-0.3799999952316284 -0.3500000238418579 -0.5 -0.5 -0.559999942779541 -0.2799999713897705 -0.9099999666213989 -0.9199999570846558 -0.7400000095367432 -0.7100000381469727 -0.7300000190734863 -0.7300000190734863 -0.6599999666213989 -0.7400000095367432 -0.7999999523162842 -0.8400000333786011 -0.8400000333786011 -0.6299999952316284 -0.6299999952316284 -0.6299999952316284 -0.7000000476837158 -0.6499999761581421 -0.6499999761581421 -0.6100000143051147 -0.5199999809265137 -0.5 -0.5 -0.5976991653442383 -0.5476992130279541 -0.6776992082595825 -0.5776991844177246 -0.7392064332962036 -0.7492064237594604 -0.529206395149231 -0.529206395149231 -0.6592063903808594 -0.3221476078033447 -0.3921475410461426 -0.4721475839614868 -0.40214765071868896 -0.39608681201934814 -0.2660868167877197 -0.2660868167877197 -0.30608677864074707 -0.22608685493469238 -0.1871088743209839 -0.2171088457107544 0.5528910160064697
-0.4099999666213989 -0.3299999237060547 -0.6499999761581421 -0.6499999761581421 -0.12000000476837158 -0.28999996185302734 -0.8700000047683716 -1.1100000143051147 -0.7000000476837158 -0.6599999666213989 -0.7100000381469727 -0.7100000381469727 -0.75 -0.8200000524520874 -0.8799999952316284 -0.8700000047683716 -0.8999999761581421 -0.7899999618530273 -0.6299999952316284 -0.6299999952316284 -0.7400000095367432 -0.6599999666213989 -0.6699999570846558 -0.6299999952316284 -0.5399999618530273 -0.5700000524520874 -0.5700000524520874 -0.617699146270752 -0.5676991939544678 -0.617699146270752 -0.6076991558074951 -0.6892064809799194 -0.7092064619064331 -0.5992064476013184 -0.5992064476013184 -0.7592064142227173 -0.3721475601196289 -0.38214755058288574 -0.6221475601196289 -0.30214762687683105 -0.21608686447143555 -0.21608686447143555 0.33391308784484863 -0.29608678817749023 -0.3160867691040039 -0.47710883617401123 -0.07710886001586914 0.44289112091064453
-0.25 -0.25 -0.25 -0.25 -0.3399999141693115 -0.4599999189376831 -0.26999998092651367 -0.36999988555908203 -0.3299999237060547 -0.3399999141693115 -0.7300000190734863 -0.7300000190734863 -0.690000057220459 -0.28999996185302734 -0.5199999809265137 -0.44999992847442627 -0.2399998903274536 -0.690000057220459 -0.9299999475479126 -0.9299999475479126 -0.31999993324279785 -0.31999993324279785 -0.8899999856948853 -0.690000057220459 -0.7699999809265137 -0.6100000143051147 -0.6100000143051147 -0.4299999475479126 -0.4099999666213989 -0.7499998807907104 -0.6999999284744263 -0.4599999189376831 -0.4799998998641968 0 0 -0.6599998474121094 -0.5415583848953247 -0.521558403968811 -0.521558403968811 -0.4115583896636963 -0.17657065391540527 -0.17657065391540527 -0.47657060623168945 0.05230998992919922 0.05230998992919922 -0.26288628578186035 -0.41288626194000244 -0.0007942914962768555
-0.19999992847442627 -0.25 -0.5299999713897705 -0.5299999713897705 -0.19999992847442627 -0.18999993801116943 -0.1499999761581421 -0.13999998569488525 -0.1499999761581421 -0.13999998569488525 -0.10000002384185791 -0.10000002384185791 -0.1400001049041748 -0.13999998569488525 -0.15999996662139893 -0.010000109672546387 -0.40000009536743164 -0.020000100135803223 -0.020000100135803223 -0.20000004768371582 -0.11000001430511475 -0.1700000762939453 -0.23000001907348633 -0.6700000762939453 -0.26999998092651367 -0.060000061988830566 -0.060000061988830566 -0.8500000238418579 -0.6999999284744263 -0.7499998807907104 -0.7499998807907104 -0.7700001001358032 -0.8100000619888306 -0.20999979972839355 -0.20999979972839355 -0.6999999284744263 -0.5015584230422974 -0.4915584325790405 -0.47155845165252686 -0.5115584135055542 -0.5398486852645874 -0.5398486852645874 -0.5898486375808716 0.7153267860412598 -0.014673113822937012 0.14504468441009521 -0.42495524883270264 -0.24687695503234863
-0.2399998903274536 -0.41999995708465576 -0.5099999904632568 -0.5099999904632568 -0.1799999475479126 -0.38999998569488525 -0.19999992847442627 -0.18999993801116943 -0.1499999761581421 -0.15999996662139893 -0.010000109672546387 -0.010000109672546387 -0.12000000476837158 -0.15999996662139893 -0.16999995708465576 -0.23000001907348633 -0.25 -0.16000008583068848 -0.16000008583068848 -0.2200000286102295 -0.23000001907348633 -0.20000004768371582 -0.12999999523162842 -0.010000109672546387 -0.2799999713897705 -0.21000003814697266 -0.21000003814697266 -1.6899999380111694 -0.7200000286102295 -0.9799998998641968 -0.9499999284744263 -0.9600001573562622 -0.9500001668930054 -0.6599998474121094 -0.6599998474121094 -0.8199999332427979 -0.5415583848953247 -0.4815584421157837 -0.37155842781066895 -0.5715584754943848 -0.5398486852645874 -0.5398486852645874 -0.7298486232757568 -0.2946730852127075 -0.10467314720153809 -0.2049553394317627 0.09504461288452148 -0.7468768954277039
-0.21999990940093994 -0.26999998092651367 -0.25 -0.25 -0.05000007152557373 -0.25 -0.25999999046325684 -0.2200000286102295 -0.20000004768371582 -0.33000004291534424 -0.21000003814697266 -0.21000003814697266 -0.30000007152557373 -0.1700000762939453 -0.2200000286102295 -0.23000001907348633 -0.31000006198883057 -0.31000006198883057 -0.31000006198883057 -0.31000006198883057 -0.2900000810623169 -0.2799999713897705 -0.3799999952316284 -0.38999998569488525 -0.3700000047683716 -0.16000008583068848 -0.16000008583068848 -0.177939772605896 -0.3279397487640381 -0.1079397201538086 -0.177939772605896 -0.009131193161010742 0.04086875915527344 -0.15290629863739014 -0.15290629863739014 -0.032906293869018555 -0.06195366382598877 -0.09195363521575928 -0.9172711372375488 -0.657271146774292 -0.27158868312835693 -0.27158868312835693 -0.07158863544464111 -0.00642549991607666 -0.07642543315887451 -0.07802557945251465 -0.09802567958831787 0.004361748695373535
-0.22999989986419678 -0.25 -0.3299999237060547 -0.3299999237060547 -0.20000004768371582 -0.440000057220459 -0.2799999713897705 -0.33000004291534424 -0.20000004768371582 -0.2200000286102295 -0.20000004768371582 -0.20000004768371582 -0.1700000762939453 -0.25 -0.25 -0.31000006198883057 -0.30000007152557373 -0.040000081062316895 -0.040000081062316895 -0.040000081062316895 -0.019999980926513672 -0.18000006675720215 -0.36000001430511475 -0.26999998092651367 -0.33000004291534424 -0.3200000524520874 -0.3200000524520874 -0.177939772605896 -0.22793972492218018 -0.177939772605896 -0.2079397439956665 -0.11999988555908203 -0.1099998950958252 -0.11262953281402588 -0.11262953281402588 -0.05262959003448486 -0.16406309604644775 -0.11406302452087402 -0.6933056116104126 -0.9533056318759918 -0.1474665403366089 -0.1474665403366089 -0.07746660709381104 0.017016291618347168 -0.002983689308166504 0.05982065200805664 -0.03562915325164795 2.2443753480911255
-0.40000009536743164 -0.3799999952316284 -0.4200000762939453 -0.4200000762939453 -0.1499999761581421 -0.060000061988830566 -0.060000061988830566 -0.28999996185302734 -0.3500000238418579 -0.1700000762939453 -0.24000000953674316 -0.24000000953674316 -0.13999998569488525 -0.28999996185302734 -0.3200000524520874 -0.26999998092651367 -0.05000007152557373 -0.48000001907348633 -0.48000001907348633 -0.19000005722045898 -0.440000057220459 -0.3799999952316284 -0.31000006198883057 -0.3500000238418579 -0.2600001096725464 -0.3500000238418579 -0.3500000238418579 -0.15756011009216309 -0.20756006240844727 -0.20756006240844727 -0.007560133934020996 -0.1311812400817871 -0.08118128776550293 -0.08118128776550293 -0.1011812686920166 -0.12118124961853027 -0.09636294841766357 -0.06636297702789307 -0.10636305809020996 -0.05636298656463623 -0.01836526393890381 -0.01836526393890381 -0.008365273475646973 0.034937500953674316 -0.09566318988800049 2.2443546056747437 2.244366765022278 2.244369387626648
-0.3200000524520874 -0.3200000524520874 -0.4200000762939453 -0.4200000762939453 -0.060000061988830566 -0.26999998092651367 -0.26999998092651367 -0.6200000047683716 -0.16000008583068848 -0.25 -0.020000100135803223 -0.020000100135803223 -0.31000006198883057 -0.2799999713897705 -0.3799999952316284 -0.33000004291534424 -0.25999999046325684 -0.3799999952316284 -0.3799999952316284 -0.41999995708465576 -0.38999998569488525 -0.3799999952316284 -0.30000007152557373 -0.3900001049041748 -0.10000002384185791 -0.31000006198883057 -0.31000006198883057 -0.2175600528717041 -0.17756009101867676 0.00243985652923584 -0.20756006240844727 -0.12118124961853027 0.058818697929382324 0.058818697929382324 -0.12118124961853027 0.08881866931915283 -0.05636298656463623 -0.03636300563812256 -0.0763629674911499 -0.09636294841766357 -0.07836520671844482 -0.07836520671844482 0.14163470268249512 -0.05690813064575195 -0.04603421688079834 0.1943603754043579 2.244360566139221 2.244369387626648
-0.36000001430511475 -0.7400000095367432 -0.6000000238418579 -0.6000000238418579 -0.19000005722045898 -0.26999998092651367 -0.060000061988830566 -0.060000061988830566 -0.12000000476837158 -0.020000100135803223 -0.020000100135803223 -0.1700000762939453 -0.25999999046325684 -0.05000007152557373 -0.28999996185302734 -0.28999996185302734 -0.31000006198883057 -0.33000004291534424 -0.33000004291534424 -0.46000003814697266 -0.559999942779541 -0.5099999904632568 -0.3200000524520874 -0.3200000524520874 -0.3200000524520874 -0.23000001907348633 -0.23000001907348633 -0.10756003856658936 -0.23756003379821777 -0.13756012916564941 0.00243985652923584 -0.09118127822875977 -0.08118128776550293 -0.08118128776550293 -0.05118131637573242 -0.041181325912475586 0.14363694190979004 -0.006363034248352051 -0.026363015174865723 -0.1763629913330078 -0.008422374725341797 -0.008422374725341797 -0.018422365188598633 0.028603315353393555 0.01860332489013672 -0.07612979412078857 -0.06381857395172119 -0.015790343284606934
-0.2900000810623169 -0.2700001001358032 -0.5800000429153442 -0.5800000429153442 -0.2200000286102295 -0.2700001001358032 -0.2700001001358032 -0.23000001907348633 -0.09000003337860107 -0.2900000810623169 -0.2900000810623169 -0.2900000810623169 -0.2700001001358032 -0.26999998092651367 -0.5199999809265137 -0.43999993801116943 -0.25 -0.6200000047683716 -0.6200000047683716 -0.6500000953674316 -0.6200000047683716 -0.6399999856948853 -0.43999993801116943 -0.25 -0.43999993801116943 -0.38999998569488525 -0.38999998569488525 -0.03140389919281006 -0.10140395164489746 0.07859599590301514 -0.05140399932861328 -0.0055152177810668945 -0.01551520824432373 -0.01551520824432373 0.10448479652404785 -0.025515198707580566 0.08643960952758789 -0.1035604476928711 0.050803184509277344 -0.1691967248916626 0.04905295372009277 0.04905295372009277 0.0990530252456665 0.19008207321166992 0.02008211612701416 -0.044661879539489746 -0.024661898612976074 0.023668527603149414
-0.33000004291534424 -0.5900000333786011 -0.4700000286102295 -0.4700000286102295 -0.3200000524520874 -0.2200000286102295 -0.2200000286102295 -0.25 -0.30000007152557373 -0.010000109672546387 -0.010000109672546387 -0.28000009059906006 -0.24000000953674316 -0.44999992847442627 -0.4299999475479126 -0.46999990940093994 -0.5199999809265137 -0.5800000429153442 -0.5800000429153442 -0.5800000429153442 -0.6100000143051147 -0.6399999856948853 -0.44999992847442627 -0.4099999666213989 -0.24000000953674316 -0.38999998569488525 -0.38999998569488525 -0.021403908729553223 -0.011403918266296387 -0.06140398979187012 -0.07140398025512695 0.12448477745056152 0.12448477745056152 0.12448477745056152 0.12448477745056152 -0.0055152177810668945 0.03643965721130371 0.09643959999084473 0.13080322742462158 0.07080328464508057 0.129052996635437 0.129052996635437 0.11905300617218018 0.16008210182189941 0.09008216857910156 -0.014661908149719238 0.025338053703308105 0.06366848945617676
-0.2700001001358032 -0.4700000286102295 -0.48000001907348633 -0.48000001907348633 -0.20000004768371582 -0.20000004768371582 -0.2200000286102295 -0.31000006198883057 -0.24000000953674316 -0.2700001001358032 -0.2700001001358032 -0.010000109672546387 -0.2700001001358032 -0.3599998950958252 -0.4599999189376831 -0.15999996662139893 -0.25 -0.4700000286102295 -0.4700000286102295 -0.5199999809265137 -0.48000001907348633 -0.5800000429153442 -0.4799998998641968 -0.3599998950958252 -0.26999998092651367 -0.24000000953674316 -0.24000000953674316 0.03859603404998779 0.028596043586730957 0.04859602451324463 0.008596062660217285 0.08448481559753418 0.12448477745056152 0.12448477745056152 0.12448477745056152 0.14448487758636475 0.17170655727386475 0.11170649528503418 0.0760730504989624 0.1860729455947876 -0.22105419635772705 -0.22105419635772705 0.8489458560943604 1.3892247676849365 1.7692248821258545 0.9184361696243286 0.22843623161315918 0.21596336364746094
-0.16000008583068848 -0.19000005722045898 -0.24000000953674316 -0.24000000953674316 -0.13999998569488525 -0.03000009059906006 -0.2900000810623169 -0.31000006198883057 -0.25999999046325684 -0.25999999046325684 -0.25999999046325684 -0.309999942779541 -0.6499999165534973 -0.36000001430511475 -0.2700001001358032 -0.38999998569488525 -0.3700000047683716 -0.26999998092651367 -0.26999998092651367 -0.3400000333786011 -0.30999934673309326 -0.2399994134902954 -0.5399999618530273 -0.5199999809265137 -0.12019956111907959 -0.12019956111907959 -0.060199618339538574 -0.19451415538787842 -0.19451415538787842 -0.9828532934188843 -1.0228533744812012 -1.0237514972686768 -1.063751459121704 -1.063751459121704 -2.8484654426574707 -2.808465361595154 -1.1252539157867432 -0.825253963470459 0.030530929565429688 -0.23946905136108398 -0.20908498764038086 -0.20908498764038086 -0.2790846824645996 -0.1890850067138672 -0.04908466339111328 -0.5362210273742676 -2.8162208795547485 0.3088865280151367
-0.020000100135803223 -0.23000001907348633 -0.23000001907348633 -0.23000001907348633 -0.25 -0.33000004291534424 -0.28000009059906006 -0.24000000953674316 -0.1700000762939453 -0.1700000762939453 -0.1700000762939453 -0.5399999618530273 -0.7799999713897705 -3.0199999809265137 -3.129999876022339 -2.9799998998641968 -2.909999966621399 -2.8499999046325684 -2.8499999046325684 -2.869999885559082 -2.815311312675476 -3.0453113317489624 -2.969385504722595 -2.8551855087280273 -2.8526649475097656 -2.8526649475097656 -3.0926648378372192 -3.1314289569854736 -1.3214290142059326 -0.2409062385559082 -0.08090639114379883 0.05065345764160156 0.16065359115600586 0.16065359115600586 0.21191930770874023 0.21191930770874023 0.28455066680908203 0.40455055236816406 0.19892024993896484 0.28892040252685547 0.35091495513916016 0.35091495513916016 0.24091529846191406 0.15091514587402344 0.26091527938842773 0.02481555938720703 -0.16518449783325195 -1.019315242767334
-0.2200000286102295 -0.24000000953674316 -0.24000000953674316 -0.08000004291534424 -0.24000000953674316 -0.2200000286102295 -0.21000003814697266 -0.18000006675720215 -0.09000003337860107 -0.0700000524520874 -0.0700000524520874 -0.4599999189376831 -0.6100000143051147 -3.1699999570846558 -2.319999933242798 -1.5299999713897705 -1.3799998760223389 -1.309999942779541 -1.309999942779541 -1.1699998378753662 0.1646885871887207 -0.3653111457824707 -0.38518524169921875 -0.4751853942871094 -0.16266489028930664 -0.16266489028930664 0.047335147857666016 0.06857109069824219 0.08857107162475586 0.23909378051757812 0.23909378051757812 0.27065324783325195 0.2906532287597656 0.2906532287597656 0.3119192123413086 0.5019192695617676 0.39455080032348633 0.48455047607421875 0.4989204406738281 0.47892045974731445 0.4109153747558594 0.4109153747558594 0.20091533660888672 0.1109151840209961 0.4509153366088867 0.09481573104858398 -0.025184154510498047 -0.519315242767334
-0.08000004291534424 -0.28999996185302734 -0.28999996185302734 -0.28999996185302734 -0.1799999475479126 -0.18999993801116943 -0.020000100135803223 -0.11000001430511475 -1.7899987697601318 -1.779998779296875 -1.779998779296875 -3.0199999809265137 -2.240000009536743 -0.40653467178344727 -0.11653470993041992 -0.15653467178344727 0.16346502304077148 0.2341480255126953 0.2341480255126953 -0.015851974487304688 -0.12585210800170898 0.15414810180664062 0.19586467742919922 0.1658644676208496 0.2458643913269043 0.2458643913269043 0.1658644676208496 0.1889476776123047 0.2189478874206543 0.2689476013183594 0.19894790649414062 0.3409914970397949 0.29099130630493164 0.29099130630493164 0.4809913635253906 0.37099170684814453 0.44562625885009766 0.35562658309936523 0.5156264305114746 0.7156262397766113 0.5323448181152344 0.5323448181152344 0.2023448944091797 0.17234468460083008 0.7323446273803711 0.19116592407226562 0.1811661720275879 0.1811661720275879
