SimulationData/Scenarios/Waterwolf/Flooding/Uitdammerdijk/600.asc
ncols        561
nrows        278
xllcorner    4.817258165162
yllcorner    52.370746892638
cellsize     0.000511251697
NODATA_value  -9999
[rows 176 to 197 of 278, columns 384 to 431 of 561]
0.8694090843200684 0.9894089698791504 0.8494091033935547 0.8494091033935547 0.699409008026123 0.799565315246582 0.799565315246582 0.8495655059814453 0.4595656394958496 0.7193679809570312 0.8193678855895996 0.8193678855895996 0.8593683242797852 0.3993682861328125 -0.000956416130065918 1.0190435647964478 1.008105993270874 0.2481060028076172 0.2481060028076172 0.5594170093536377 0.599416971206665 0.6336592435836792 0.4236593246459961 0.474475622177124 0.33528268337249756 0.2851165533065796 0.2851165533065796 0.47537732124328613 0.32550275325775146 0.32526659965515137 0.3364750146865845 0.23763620853424072 0.4202953577041626 0.4102952480316162 0.4102952480316162 0.4166102409362793 0.4566103219985962 0.3611249327659607 0.4811249375343323 0.40112489461898804 0.4911249279975891 0.4911249279975891 0.4626050591468811 0.4626050591468811 0.4826050400733948 0.4826050400733948 0.5323546528816223 0.5823546051979065
0.9894089698791504 0.959409236907959 1.399409294128418 1.399409294128418 1.0194091796875 0.999565601348877 0.7095656394958496 0.6995654106140137 0.30956554412841797 0.8293681144714355 0.8493680953979492 0.8493680953979492 0.6893682479858398 0.3993682861328125 0.009984254837036133 0.4199843406677246 0.31264376640319824 0.5126436948776245 0.5126436948776245 0.4795107841491699 0.5295107364654541 0.532867431640625 0.5928674936294556 0.5142298936843872 0.464229941368103 0.4352450370788574 0.4352450370788574 0.3952449560165405 0.32739877700805664 0.2673987150192261 0.5093437433242798 0.4793437719345093 0.4025813341140747 0.632581353187561 0.632581353187561 0.429068922996521 0.4190688133239746 1.0411248803138733 0.5711249709129333 0.40112489461898804 0.3911249041557312 0.3911249041557312 0.2426050305366516 0.43260496854782104 0.4926050305366516 0.5126050114631653 0.5723546147346497 0.3523547053337097
1.0994091033935547 1.339409351348877 1.0594091415405273 1.0594091415405273 0.9294090270996094 0.8793237209320068 0.8793237209320068 1.3993237018585205 0.8793237209320068 0.7092466354370117 0.7492465972900391 0.7492465972900391 0.6391611099243164 0.47916126251220703 0.521970272064209 0.271970272064209 0.5250420570373535 0.35504209995269775 0.35504209995269775 0.26177406311035156 0.5517741441726685 0.5417741537094116 0.39177405834198 0.534331202507019 1.0143312215805054 0.6543312072753906 0.6543312072753906 0.5043312311172485 0.4895823001861572 0.49958229064941406 1.0195822715759277 0.4895823001861572 0.5481072664260864 0.5381072759628296 0.5381072759628296 1.0281072854995728 0.358107328414917 0.33954811096191406 0.38954806327819824 0.3795480728149414 0.3295481204986572 0.3295481204986572 0.27100276947021484 0.42100274562835693 0.524480402469635 0.5144804120063782 0.5285444855690002 0.5985445380210876
1.2294092178344727 1.0194091796875 1.1094093322753906 1.1094093322753906 0.6894092559814453 0.7193233966827393 0.6793234348297119 0.6493237018585205 0.9193236827850342 0.7192463874816895 0.7992463111877441 0.7992463111877441 0.5891613960266113 0.12916135787963867 0.521970272064209 0.3719702959060669 0.3750420808792114 0.48504209518432617 0.48504209518432617 0.4917740821838379 0.17177414894104004 0.1917741298675537 0.6517740488052368 0.42433130741119385 0.48433125019073486 0.42433130741119385 0.42433130741119385 0.4043312072753906 0.3795822858810425 0.4495823383331299 0.3795822858810425 0.3295823335647583 0.34810733795166016 0.44810736179351807 0.44810736179351807 0.6181073188781738 0.36810731887817383 0.3495481014251709 0.3995480537414551 0.28954803943634033 0.23954808712005615 0.23954808712005615 0.42100274562835693 1.0410027503967285 0.47448045015335083 0.5744803547859192 0.47854453325271606 0.5485444664955139
0.6794090270996094 1.009408950805664 0.9094090461730957 0.9094090461730957 0.8694090843200684 0.8893234729766846 0.7693235874176025 0.8793237209320068 0.8893234729766846 0.8392190933227539 0.7192187309265137 0.7192187309265137 0.1791236400604248 -2.8308762311935425 0.3748718500137329 0.3448718786239624 0.4063786268234253 0.35637855529785156 0.35637855529785156 0.3717740774154663 0.39177405834198 0.8417741060256958 0.7917741537094116 0.534331202507019 0.4943312406539917 0.3743312358856201 0.3743312358856201 0.3343312740325928 0.3595823049545288 0.2995823621749878 0.39958226680755615 0.5795823335647583 0.4281073808670044 0.4581073522567749 0.4581073522567749 0.418107271194458 0.4281073808670044 0.439548134803772 0.4095480442047119 0.499548077583313 0.3295481204986572 0.3295481204986572 0.499442458152771 0.309442400932312 0.4536029100418091 0.5236028432846069 0.45607811212539673 0.5260780453681946
0.8193228244781494 0.9893229007720947 0.669323205947876 0.669323205947876 0.7793228626251221 0.5793232917785645 0.5893235206604004 0.7793095111846924 0.7093098163604736 0.779167652130127 0.779167652130127 0.18916797637939453 2.354735255241394 0.5247350931167603 0.5455570220947266 0.3955569267272949 0.37555694580078125 0.29555702209472656 0.29555702209472656 0.4708976745605469 0.4008976221084595 0.5308976173400879 0.5308976173400879 0.5352580547332764 0.5052580833435059 0.5052580833435059 0.5052580833435059 0.40525805950164795 0.379907488822937 0.4699075222015381 0.569907546043396 0.26990747451782227 0.42004406452178955 0.42004406452178955 0.4500441551208496 0.7200441360473633 0.39004409313201904 0.33830320835113525 0.39830315113067627 0.3730515241622925 0.27305150032043457 0.27305150032043457 0.3894801139831543 0.3694801330566406 0.47176235914230347 0.46240782737731934 0.46325546503067017 0.4834721088409424
0.3993232250213623 0.6193230152130127 0.40932297706604004 0.40932297706604004 0.29932284355163574 0.7193231582641602 0.6393232345581055 0.6493098735809326 0.739309549331665 0.07916784286499023 0.07916784286499023 -1.600832223892212 0.2647351026535034 0.2647351026535034 0.2855570316314697 0.3055570125579834 0.5255569219589233 0.3555569648742676 0.3555569648742676 0.44089770317077637 0.5308976173400879 0.1308976411819458 0.2508976459503174 0.02525806427001953 0.4652581214904785 0.5352580547332764 0.5352580547332764 0.3952580690383911 0.3999074697494507 0.2999075651168823 0.5399074554443359 0.5399074554443359 0.4700441360473633 0.4700441360473633 0.43004417419433594 0.4100440740585327 0.3500441312789917 0.3583031892776489 0.5283031463623047 0.3730515241622925 0.29305148124694824 0.29305148124694824 0.3694801330566406 0.2694801092147827 0.18044817447662354 0.3901999592781067 0.4502224922180176 0.381455659866333
0.5193231105804443 0.5693228244781494 0.4893229007720947 0.4893229007720947 0.5893232822418213 0.039244651794433594 -0.25075531005859375 -1.210521936416626 -2.3605220317840576 0.5187288522720337 0.5187288522720337 0.44872891902923584 0.5419148206710815 0.5219147205352783 0.32555699348449707 0.25555694103240967 0.31555700302124023 0.37555694580078125 0.37555694580078125 0.37089765071868896 0.39089763164520264 0.5308976173400879 0.41089773178100586 0.435258150100708 0.3152581453323364 0.185258150100708 0.185258150100708 0.495258092880249 0.4399075508117676 0.5399074554443359 0.5399074554443359 0.5399074554443359 0.3500441312789917 0.3500441312789917 0.37004411220550537 0.22004413604736328 0.2000441551208496 0.3289151191711426 0.24891507625579834 0.24569106101989746 0.5691233277320862 0.5691233277320862 2.569305419921875 2.5699052214622498 2.5704243183135986 2.5706676840782166 2.570691406726837 2.57071053981781
0.4094085693359375 0.16940879821777344 0.2693064212799072 0.2693064212799072 0.16930651664733887 -0.32787418365478516 -2.8678741455078125 0.19971704483032227 0.5197169780731201 0.5195488929748535 0.5195488929748535 0.31954896450042725 0.3595489263534546 0.3295489549636841 0.2938191890716553 0.523819088935852 0.27381908893585205 0.19381916522979736 0.19381916522979736 0.33907270431518555 0.39907264709472656 0.3590726852416992 0.5090726613998413 0.5244796276092529 0.42447972297668457 0.35447967052459717 0.35447967052459717 0.28447961807250977 0.5418277978897095 0.4318279027938843 0.5018278360366821 0.45182788372039795 0.3478947877883911 0.3478947877883911 0.0678948163986206 0.30049920082092285 0.3504992723464966 0.2530902624130249 0.27594393491744995 0.5173253417015076 2.568155348300934 2.568155348300934 2.568093955516815 2.568093955516815 2.570855677127838 2.570855677127838 2.5707286596298218 2.5707286596298218
0.5108821392059326 0.28088223934173584 0.35154664516448975 0.35154664516448975 0.5115466117858887 0.31383633613586426 0.40383636951446533 0.587239146232605 0.27723920345306396 0.31954896450042725 0.31954896450042725 0.2795490026473999 0.22954893112182617 0.2095489501953125 0.2938191890716553 0.2638190984725952 0.2938191890716553 0.2938191890716553 0.2938191890716553 0.28907275199890137 0.26907265186309814 0.2590726613998413 0.30907273292541504 0.34447968006134033 0.41447973251342773 0.41447973251342773 0.41447973251342773 0.40447962284088135 0.17182791233062744 0.48182785511016846 0.4018278121948242 0.3918278217315674 0.43868839740753174 0.43868839740753174 0.4186882972717285 0.3706696033477783 0.2706695795059204 0.49570703506469727 2.5670467615127563 2.563960313796997 2.563960313796997 2.563960313796997 2.5647932291030884 2.5635056495666504 2.5644314289093018 2.570102632045746 2.572218358516693 2.5756675601005554
0.4008822441101074 0.5108821392059326 0.5715466737747192 0.5715466737747192 0.32154667377471924 0.33383631706237793 0.31383633613586426 0.35723912715911865 0.29723918437957764 0.3395489454269409 0.3395489454269409 0.3595489263534546 0.28954899311065674 0.41954898834228516 0.31381916999816895 0.16381919384002686 0.2638190984725952 0.2338191270828247 0.2338191270828247 0.39907264709472656 0.40907275676727295 0.3890726566314697 0.3790726661682129 0.3944796323776245 0.29447972774505615 0.24447965621948242 0.24447965621948242 0.42447972297668457 0.45182788372039795 0.45182788372039795 0.4018278121948242 0.4318279027938843 0.4286884069442749 0.4286884069442749 0.4286884069442749 0.38066959381103516 0.330669641494751 0.4976569414138794 2.5624449849128723 2.563960313796997 2.563960313796997 2.563960313796997 2.561313569545746 0.3094151020050049 0.4940602779388428 0.35979747772216797 2.5726557970046997 2.5707740783691406
0.3901097774505615 0.43010973930358887 0.43010973930358887 0.36010968685150146 0.5101096630096436 0.3941473960876465 0.3941473960876465 0.46649372577667236 0.3764936923980713 0.35787272453308105 0.35787272453308105 0.42787277698516846 0.398989200592041 0.3589891195297241 0.3504185676574707 0.34041857719421387 0.41269779205322266 0.3826977014541626 0.3826977014541626 0.3159245252609253 0.35592448711395264 0.5279574394226074 0.35795748233795166 0.4115978479385376 0.38159775733947754 0.38159775733947754 0.3215978145599365 0.35159778594970703 0.4484602212905884 0.21846020221710205 0.48832225799560547 0.5483222007751465 0.44966697692871094 0.44966697692871094 0.4316979646682739 0.5015357732772827 2.5559515953063965 2.557306408882141 2.5574731826782227 2.5593918561935425 2.5593918561935425 2.5593918561935425 2.5593944787979126 0.21902883052825928 0.32229822874069214 0.3622981905937195 0.3647186756134033 0.39471864700317383
0.3901097774505615 0.38010966777801514 0.38010966777801514 0.40010976791381836 0.4101097583770752 0.42450785636901855 0.6345077753067017 0.4165680408477783 0.35656797885894775 0.3973684310913086 0.3973684310913086 0.3875761032104492 0.38803398609161377 0.3787357807159424 0.3896448612213135 0.3396449089050293 0.3917388916015625 0.5117388963699341 0.5117388963699341 0.45395851135253906 0.42395853996276855 0.5261410474777222 0.3761410713195801 0.3715977668762207 0.38159775733947754 0.38159775733947754 0.4015977382659912 0.24159777164459229 0.38847577571868896 0.35847580432891846 0.48942065238952637 2.5537041425704956 2.552142858505249 2.552142858505249 2.552418351173401 2.5548940896987915 2.5548940896987915 2.5565468072891235 2.5565468072891235 2.557368278503418 2.5598124265670776 2.5598124265670776 0.25950753688812256 0.3894498348236084 0.391061007976532 0.3410610556602478 0.5620283484458923 0.04202836751937866
0.5101096630096436 0.4401097297668457 0.4401097297668457 0.30010974407196045 0.4401097297668457 0.38450777530670166 0.38450777530670166 0.38656795024871826 0.6465680599212646 0.467288613319397 0.467288613319397 0.28716492652893066 0.5174963474273682 0.3380976915359497 0.3696448802947998 0.39964497089385986 0.32173895835876465 0.22173893451690674 0.22173893451690674 0.3739584684371948 0.2139585018157959 0.40614116191864014 0.3761410713195801 0.3715977668762207 0.17159783840179443 0.17159783840179443 0.3115978240966797 0.36159777641296387 0.45847582817077637 0.4984757900238037 0.4936281442642212 2.552856922149658 2.5527440309524536 2.5527440309524536 2.55299174785614 2.5548940896987915 2.5548940896987915 2.5565468072891235 2.5565468072891235 2.556170344352722 0.23956799507141113 0.23956799507141113 0.3694974184036255 0.39963436126708984 0.3610610365867615 0.5610609650611877 0.29202836751937866 0.26202839612960815
0.7260915040969849 0.3960915803909302 0.3960915803909302 0.45069384574890137 0.37069380283355713 2.5171377658843994 2.516897678375244 2.516833543777466 2.517033100128174 2.517263889312744 2.517263889312744 2.5173726081848145 2.5174022912979126 2.516775131225586 0.25688040256500244 0.2975137233734131 0.4602400064468384 0.35023999214172363 0.35023999214172363 0.3114607334136963 0.2824503183364868 0.3327826261520386 0.30326879024505615 0.46532654762268066 0.45532655715942383 0.45532655715942383 0.4875258207321167 0.467525839805603 0.4271211624145508 2.530441164970398 2.5394113063812256 2.5428894758224487 2.5525035858154297 2.5525035858154297 2.5525035858154297 2.555219531059265 2.555219531059265 2.5561492443084717 0.21587514877319336 0.32497358322143555 0.4158036708831787 0.4158036708831787 0.5179247856140137 0.557924747467041 0.3295494318008423 0.3295494318008423 0.38451409339904785 0.3645141124725342
0.5567566156387329 0.6067565679550171 0.6067565679550171 0.4496462345123291 0.4669349193572998 2.516705870628357 2.516739010810852 2.5162256956100464 2.5162256956100464 2.516856551170349 2.516856551170349 2.516856551170349 2.5175169706344604 2.5175169706344604 2.5179847478866577 2.5171293020248413 0.4672490358352661 0.5186270475387573 0.5186270475387573 0.4700998067855835 2.522503614425659 2.523348331451416 2.523728609085083 2.5234105587005615 2.5228761434555054 2.5228761434555054 2.5264230966567993 2.5288240909576416 2.5313570499420166 2.5348355770111084 2.5370876789093018 0.48392176628112793 0.36189353466033936 0.36189353466033936 0.13363444805145264 0.1356334686279297 0.2861347198486328 0.31635582447052 0.2749394178390503 0.3738687038421631 0.41386866569519043 0.41386866569519043 0.5557205677032471 0.2657206058502197 0.288224458694458 0.11822450160980225 0.20451414585113525 0.31451404094696045
0.34859132766723633 2.514506697654724 2.514506697654724 2.515111804008484 2.5155088901519775 2.5153898000717163 2.5153898000717163 2.5146188735961914 2.5146188735961914 2.515571355819702 2.515571355819702 2.5164366960525513 2.5176496505737305 2.51839017868042 2.5185699462890625 2.518593907356262 2.5191086530685425 2.5200328826904297 2.5200328826904297 2.5210965871810913 2.521814465522766 2.522927761077881 2.521886706352234 2.5230276584625244 0.47162461280822754 0.47162461280822754 0.4760783910751343 2.533455729484558 2.5359126329421997 0.4870631694793701 0.47406041622161865 0.5335127115249634 0.176383376121521 0.176383376121521 0.34638333320617676 0.2790302038192749 0.5390301942825317 0.32755863666534424 0.437558650970459 0.5513943433761597 0.29139435291290283 0.29139435291290283 0.17239224910736084 0.22239232063293457 0.27239227294921875 0.2323923110961914 0.3094743490219116 0.38947439193725586
2.5146329402923584 2.5145381689071655 2.5145381689071655 2.514811396598816 2.5151227712631226 2.5153898000717163 2.5153898000717163 2.5146188735961914 2.5146188735961914 0.3440805673599243 0.3440805673599243 0.3654336929321289 0.4685298204421997 2.5192543268203735 2.5190552473068237 2.5187125205993652 2.5194543600082397 2.5194543600082397 2.5205036401748657 2.5217761993408203 0.47135329246520996 0.4739638566970825 0.2817702293395996 0.45987677574157715 0.050391554832458496 0.050391554832458496 -0.24370163679122925 -0.09534108638763428 0.5373786687850952 0.5356906652450562 0.5338467359542847 0.2041633129119873 -0.05361664295196533 -0.05361664295196533 0.006383299827575684 0.5390301942825317 0.2990303039550781 0.3175586462020874 0.4075585603713989 0.21139442920684814 0.21139442920684814 0.1013944149017334 0.3823922872543335 0.3823922872543335 0.42239224910736084 0.42239224910736084 0.3694744110107422 0.4994744062423706
2.5143327713012695 2.514440178871155 2.514440178871155 2.5146456956863403 2.5146456956863403 2.5143959522247314 2.5143959522247314 2.514346718788147 2.513429641723633 0.40494465827941895 0.40494465827941895 0.3548928499221802 0.3676539659500122 0.39765405654907227 0.517148494720459 -0.30285143852233887 -0.08972054719924927 -0.08972054719924927 -0.1597205400466919 -0.36270517110824585 -0.30270516872406006 -0.16957604885101318 -0.19957607984542847 -0.2929079532623291 -0.10290795564651489 -0.10290795564651489 -0.19335436820983887 -0.20335441827774048 0.32111871242523193 0.041118741035461426 0.33266425132751465 0.24266421794891357 0.013463497161865234 0.20346355438232422 0.4534635543823242 0.5252389907836914 0.5252389907836914 0.15313434600830078 0.15313434600830078 0.5166699886322021 0.5166699886322021 0.33667004108428955 0.352392315864563 0.3623923063278198 0.352392315864563 0.3623923063278198 0.4294743537902832 0.5594743490219116
2.5142316818237305 2.5142316818237305 2.5142316818237305 2.5144015550613403 2.514371395111084 2.51420521736145 2.5143790245056152 0.33409714698791504 0.3238600492477417 0.3237459659576416 0.3237459659576416 0.3537459373474121 0.42505431175231934 0.445054292678833 0.3451908826828003 0.4951908588409424 0.515190839767456 0.515190839767456 0.5451909303665161 0.6148611307144165 0.3848611116409302 0.20486116409301758 0.274861216545105 0.6167541742324829 0.5367542505264282 0.5367542505264282 0.37675416469573975 0.2767542600631714 0.6391284465789795 0.29912853240966797 0.2691284418106079 0.359128475189209 0.4311255216598511 0.4311255216598511 0.6511255502700806 0.6711255311965942 0.7011255025863647 -0.005402684211730957 0.3345973491668701 0.31459736824035645 0.31459736824035645 0.3545973300933838 0.373592734336853 0.3335927724838257 0.35359275341033936 0.38359272480010986 0.47944021224975586 0.5494401454925537
2.5142316818237305 2.5142316818237305 2.5142316818237305 2.514311194419861 2.5142771005630493 2.5142881870269775 0.33412671089172363 0.3832920789718628 0.36329972743988037 0.49374592304229736 0.49374592304229736 0.3737459182739258 0.45505428314208984 0.42505431175231934 0.515190839767456 0.5351909399032593 0.6251908540725708 0.6251908540725708 0.615190863609314 0.6948611736297607 0.5148611068725586 0.334861159324646 0.3048611879348755 0.6167541742324829 0.5667542219161987 0.5667542219161987 0.4667541980743408 0.4667541980743408 0.5291285514831543 0.4891284704208374 0.2791285514831543 0.6391284465789795 0.7311254739761353 0.7311254739761353 0.6511255502700806 0.5211254358291626 -0.19887453317642212 0.40459728240966797 0.39459729194641113 0.27459728717803955 0.27459728717803955 0.3545973300933838 0.23359274864196777 0.35359275341033936 0.35359275341033936 0.2435927391052246 0.5094401836395264 0.47944021224975586
2.5139760971069336 0.3543853759765625 0.3543853759765625 0.45437657833099365 0.30296826362609863 0.5128979682922363 0.34289801120758057 0.4124206304550171 0.46242058277130127 0.4226893186569214 0.4226893186569214 0.47268927097320557 0.5131605863571167 0.4531606435775757 0.515190839767456 0.4951908588409424 0.5751909017562866 0.5751909017562866 0.555190920829773 0.6948611736297607 0.5548611879348755 1.0348610877990723 0.7548611164093018 0.4867541790008545 0.4867541790008545 0.4867541790008545 0.5667542219161987 0.5067541599273682 0.549128532409668 0.6891285181045532 0.8391284942626953 0.8891284465789795 0.5211254358291626 0.5211254358291626 0.6511255502700806 0.34112548828125 0.5211254358291626 0.05459737777709961 0.07459735870361328 0.3645973205566406 0.3645973205566406 0.34459733963012695 0.313592791557312 0.12359273433685303 0.22359275817871094 0.45359277725219727 0.18944025039672852 0.3894401788711548
