SimulationData/Scenarios/Waterwolf/Flooding/Uitdammerdijk/600.asc
ncols        561
nrows        278
xllcorner    4.817258165162
yllcorner    52.370746892638
cellsize     0.000511251697
NODATA_value  -9999
[rows 176 to 197 of 278, columns 192 to 239 of 561]
-1.1700000762939453 -1.0200001001358032 -0.8400001525878906 -0.880000114440918 -0.880000114440918 -0.8000000715255737 -0.4900001287460327 -0.7300001382827759 -0.6500000953674316 -0.7100000381469727 -0.7000000476837158 -0.7000000476837158 -0.7500001192092896 -0.5200001001358032 -0.6700000762939453 -0.5300000905990601 -0.6600000858306885 -0.7400001287460327 -0.7600001096725464 -0.7600001096725464 -0.7900000810623169 -0.7400001287460327 -1 -0.7199999094009399 -0.7599999904632568 -0.8299999237060547 -0.8399999141693115 -0.8399999141693115 -0.8499999046325684 -0.809999942779541 -0.8199999332427979 -0.869999885559082 -0.1399998664855957 -0.07999992370605469 -0.07999992370605469 -1.0499999523162842 -1.209999918937683 -1.0399999618530273 -0.9399999380111694 -1.0099998712539673 -0.14999985694885254 -0.7499998807907104 -0.7499998807907104 -0.5799999237060547 -0.4700000286102295 -0.8499999046325684 -0.6399998664855957 -0.34999990463256836
-1.040000081062317 -0.8400001525878906 -0.8400001525878906 -0.8400001525878906 -0.8400001525878906 -0.9500000476837158 -0.8400001525878906 -0.8500001430511475 -0.7500001192092896 -0.6500000953674316 -0.8100000619888306 -0.8100000619888306 -0.7300001382827759 -0.7300001382827759 -0.7700001001358032 -0.6800000667572021 -0.7000000476837158 -0.8000000715255737 -0.7700001001358032 -0.7700001001358032 -0.7700001001358032 -0.6100001335144043 -1.409999966621399 -0.8599998950958252 -0.8899999856948853 -0.8499999046325684 -0.4099998474121094 -0.4099998474121094 -0.7699999809265137 -0.7099999189376831 -0.8199999332427979 -0.9399999380111694 -0.9199999570846558 -0.8999998569488525 -0.8999998569488525 -0.9299999475479126 -0.07999992370605469 -1.0099998712539673 -0.9999998807907104 -0.9899998903274536 -0.6099998950958252 -0.7899999618530273 -0.7899999618530273 -0.059999942779541016 -0.619999885559082 -0.7099999189376831 -0.7699999809265137 -0.7599998712539673
-1.0600000619888306 0 -0.6800000667572021 -0.6800000667572021 -0.5300000905990601 -0.7600001096725464 -0.7300001382827759 -0.8000000715255737 -0.8700001239776611 -0.8400001525878906 -1.040000081062317 -1.040000081062317 -0.8700001239776611 -0.8400001525878906 -0.6100001335144043 -0.7700001001358032 -0.7800000905990601 -0.7700001001358032 -0.7300001382827759 -0.7300001382827759 0 -0.8400001525878906 -1 -1.1299999952316284 -0.8199999332427979 -0.869999885559082 -0.869999885559082 -0.17999982833862305 -0.8299999237060547 -0.869999885559082 -0.8999999761581421 -0.8499999046325684 -0.7899999618530273 -0.6999999284744263 -0.6999999284744263 -0.8199999332427979 -0.15999984741210938 -0.8199999332427979 -0.7699998617172241 -0.07999992370605469 -0.7099999189376831 -0.7199999094009399 -0.7199999094009399 -0.5699999332427979 -0.619999885559082 -0.4700000286102295 -0.7899999618530273 -0.869999885559082
-0.8400001525878906 -0.4500000476837158 -0.720000147819519 -0.720000147819519 -0.3900001049041748 -0.6700000762939453 -0.5800000429153442 -0.720000147819519 -0.6700000762939453 -0.7500001192092896 -0.880000114440918 -0.880000114440918 -0.8400001525878906 -0.8400001525878906 -1.0200001001358032 -0.9300000667572021 -0.9100000858306885 -0.8200000524520874 0 0 -0.7700001001358032 -0.9900001287460327 -1.1099998950958252 -1.119999885559082 -0.9899998903274536 -0.9199999570846558 -0.9199999570846558 -0.9499999284744263 -0.9299999475479126 -0.7999999523162842 -0.25 -0.8499999046325684 -0.8499999046325684 -0.7699998617172241 -0.7699998617172241 -0.869999885559082 -0.8599998950958252 -0.779999852180481 -0.7499998807907104 -0.6699999570846558 -0.6299998760223389 -0.059999942779541016 -0.059999942779541016 -0.6699999570846558 -0.6599999666213989 -0.7899999618530273 -0.5199999809265137 -0.7699999809265137
-1.0200001001358032 -1.4100000858306885 -1.2300001382827759 -1.2300001382827759 -0.6800000667572021 -0.6500000953674316 -0.5000001192092896 -0.5600000619888306 -0.630000114440918 -0.690000057220459 -0.6200001239776611 -0.6200001239776611 -0.5600000619888306 -0.6700000762939453 -0.8000000715255737 -0.880000114440918 -0.9800001382827759 -0.8400001525878906 -0.8400001525878906 -0.8400001525878906 -1.1500000953674316 -0.8400001525878906 -1 -1.1299999952316284 -1.0699999332427979 -0.7399998903274536 -0.7399998903274536 -0.039999961853027344 -0.8199999332427979 -0.9299999475479126 -0.9799998998641968 -0.9699999094009399 -0.7999999523162842 -0.9399999380111694 -0.9399999380111694 -0.07999992370605469 -0.6799999475479126 -0.7099999189376831 -0.6299998760223389 -0.7899999618530273 -0.619999885559082 -0.6699999570846558 -0.6699999570846558 -0.7899999618530273 -0.7199999094009399 -0.7699999809265137 -0.809999942779541 -0.7899999618530273
-0.6200001239776611 -0.940000057220459 -0.8400001525878906 -0.8400001525878906 -0.8400001525878906 -1.040000081062317 -0.7700001001358032 -0.690000057220459 -0.6700000762939453 -0.6600000858306885 -0.690000057220459 -0.690000057220459 -0.37000012397766113 -0.720000147819519 -0.8400001525878906 -0.8700001239776611 -0.9500000476837158 -1.0100001096725464 -0.9900001287460327 -0.9900001287460327 -0.8400001525878906 -0.970000147819519 -1.0899999141693115 -0.039999961853027344 -0.9499999284744263 -0.9499999284744263 -0.9499999284744263 -0.7799999713897705 -0.7099999189376831 -0.039999961853027344 -0.619999885559082 -0.7699998617172241 -0.8899998664855957 -0.9599999189376831 -0.9599999189376831 -0.7099999189376831 -0.779999852180481 -0.8199999332427979 -0.5 -0.6399998664855957 -0.7199999094009399 -0.7099999189376831 -0.7099999189376831 -0.5999999046325684 -0.7599998712539673 -0.6799999475479126 -0.7399998903274536 -0.5499999523162842
-0.6200001239776611 -0.690000057220459 -0.6400001049041748 -0.6400001049041748 -0.5600000619888306 0 -0.8400001525878906 -0.8400001525878906 -0.9100000858306885 -0.8300000429153442 -0.7800000905990601 -0.7800000905990601 -0.6000001430511475 -0.9199999570846558 -1.0299999713897705 -1.0099999904632568 -1.0799999237060547 -1.0299999713897705 -1.1299999952316284 -1.1299999952316284 -1.0499999523162842 -0.9600000381469727 -0.7300000190734863 -0.8700000047683716 -0.8799999952316284 -0.9299999475479126 -0.9299999475479126 -0.9399999380111694 -0.8499999046325684 -0.8899999856948853 -0.8600000143051147 -0.8500000238418579 -0.8500000238418579 -0.7200000286102295 -0.7200000286102295 -0.7899999618530273 -0.039999961853027344 -0.009999990463256836 -0.6699999570846558 -0.6499999761581421 -0.5799999237060547 -0.6899999380111694 -0.6899999380111694 -0.6499999761581421 -0.6499999761581421 -0.75 -0.75 -0.809999942779541
-0.7800000905990601 -0.6700000762939453 -0.5500000715255737 -0.5500000715255737 -0.5700000524520874 -0.5400000810623169 -0.4200000762939453 -0.630000114440918 -0.6500000953674316 -0.6800000667572021 -0.21000003814697266 -0.21000003814697266 -1.0200001001358032 -0.9600000381469727 -1.1100000143051147 -1.100000023841858 -1.0499999523162842 -1.1299999952316284 -1.1299999952316284 -0.9600000381469727 -0.7999999523162842 -0.8299999237060547 -0.6899999380111694 -0.8700000047683716 -0.7699999809265137 -0.8700000047683716 -0.8700000047683716 -0.8499999046325684 -0.9099999666213989 -0.8700000047683716 -0.8899999856948853 -0.8600000143051147 -0.009999990463256836 -0.6699999570846558 -0.6699999570846558 -0.8299999237060547 -0.8299999237060547 -0.809999942779541 -0.6399999856948853 -0.009999990463256836 -0.49000000953674316 -0.49000000953674316 -0.7199999094009399 -0.75 -0.6200000047683716 -0.6999999284744263 -0.6599999666213989 -0.7599999904632568
-0.9100000858306885 -0.7100000381469727 -0.5800000429153442 -0.5800000429153442 0 -0.5600000619888306 -0.5600000619888306 -0.6100001335144043 -0.6600000858306885 -0.6000001430511475 -0.4900001287460327 -0.4900001287460327 -0.630000114440918 -0.6999999284744263 -1.0699999332427979 -0.9600000381469727 -0.9800000190734863 -1.149999976158142 -1.149999976158142 -1.149999976158142 -0.809999942779541 -0.9800000190734863 -0.9199999570846558 -0.8700000047683716 -0.019999980926513672 -0.7899999618530273 -0.7899999618530273 -0.8799999952316284 -0.8700000047683716 -0.9399999380111694 -0.8600000143051147 -0.8500000238418579 -0.8500000238418579 -0.6699999570846558 -0.6699999570846558 -0.8199999332427979 -0.8600000143051147 -0.8299999237060547 -0.7699999809265137 -0.7099999189376831 -0.7199999094009399 -0.7199999094009399 -0.2999999523162842 -0.029999971389770508 -0.6899999380111694 -0.6399999856948853 -0.6799999475479126 -0.7199999094009399
-0.6100000143051147 -0.36000001430511475 -0.36000001430511475 -0.36000001430511475 -0.7700001001358032 -0.630000114440918 -0.5700000524520874 -0.6700000762939453 -0.630000114440918 -0.5400000810623169 -0.5800000429153442 -0.5800000429153442 -0.5200001001358032 -0.7400000095367432 -0.9099999666213989 -0.9099999666213989 -0.7999999523162842 -1.1399999856948853 -1.1399999856948853 -0.9600000381469727 -1.2100000381469727 -0.9600000381469727 -0.9900000095367432 -0.8700000047683716 -0.8399999141693115 -0.8399999141693115 -0.8399999141693115 -0.7599999904632568 -0.7999999523162842 -0.8899999856948853 -0.7699999809265137 -0.6999999284744263 -0.7899999618530273 -0.7799999713897705 -0.7799999713897705 -0.7599999904632568 -0.809999942779541 -0.7699999809265137 -0.7799999713897705 -0.7300000190734863 -0.5499999523162842 -0.5499999523162842 -0.6399999856948853 -0.5999999046325684 -0.7099999189376831 -0.6499999761581421 -0.029999971389770508 -0.9099999666213989
-6.670000076293945 -0.75 -0.040000081062316895 -0.040000081062316895 -0.8400001525878906 -0.8400001525878906 -0.690000057220459 0 -0.7000000476837158 -0.5700000524520874 -0.6400001049041748 -0.6400001049041748 -0.5800000429153442 -0.8700000047683716 -0.8500000238418579 -0.8899999856948853 -0.8199999332427979 -1.0699999332427979 -1.0699999332427979 -0.9600000381469727 -1.1699999570846558 -1.1999999284744263 -1.0999999046325684 -0.9800000190734863 -1.0899999141693115 -0.8799999952316284 -0.8799999952316284 -0.7999999523162842 -0.7199999094009399 -0.7699999809265137 -0.7999999523162842 -0.75 -0.8199999332427979 -0.009999990463256836 -0.009999990463256836 -0.7899999618530273 -0.8399999141693115 -0.8299999237060547 -0.009999990463256836 -0.6599999666213989 -0.6299999952316284 -0.6299999952316284 -0.5899999141693115 -0.6699999570846558 -0.7099999189376831 -0.6899999380111694 -0.5899999141693115 -0.7799999713897705
-6.710000038146973 -6.710000157356262 -2.490000009536743 -2.490000009536743 -1.2000000476837158 -0.8400001525878906 -0.8400001525878906 -0.7400001287460327 -0.7700001001358032 -0.5300000905990601 -0.8100000619888306 -0.720000147819519 -0.690000057220459 -0.11999988555908203 -0.8600000143051147 -0.7999999523162842 -1.1799999475479126 -0.9600000381469727 -0.9600000381469727 -0.8199999332427979 -0.8999999761581421 -1 -0.9399999380111694 -0.9499999284744263 -1.0699999332427979 -1.090000033378601 -1.090000033378601 -0.9199999570846558 -0.9600000381469727 -1.059999942779541 -0.8999999761581421 -0.8700000047683716 -0.8500000238418579 -0.8299999237060547 -0.8299999237060547 -0.7899999618530273 -0.7699999809265137 0 -0.5799999237060547 -0.5900000333786011 -0.6399999856948853 -0.6399999856948853 -0.6499999761581421 -0.6099998950958252 -0.6299999952316284 -0.6699999570846558 -0.6399998664855957 -0.6499999761581421
-0.8999999165534973 -0.8299999237060547 0 0 -5.259999990463257 -5.490000009536743 -2.5799999833106995 -0.6499999761581421 -1.5900000929832458 -0.8400001525878906 -0.8400001525878906 -0.6800000667572021 -0.6000001430511475 -0.8299999237060547 -0.809999942779541 -1.0799999237060547 -0.9600000381469727 -0.9299999475479126 -0.9299999475479126 -0.8199999332427979 -0.7699999809265137 0 -0.9800000190734863 -1.0299999713897705 -0.9299999475479126 -1 -1 -0.8799999952316284 -0.8600000143051147 -0.8899999856948853 -0.9800000190734863 -0.9600000381469727 -1.1899999380111694 -1.1899999380111694 -0.8799999952316284 -0.7799999713897705 -0.7799999713897705 -0.6899999380111694 -0.40000009536743164 -0.5199999809265137 -0.6699999570846558 -0.6699999570846558 -0.6299999952316284 -0.039999961853027344 -0.6699999570846558 -0.5299999713897705 -0.6799999475479126 -0.059999942779541016
-0.25999999046325684 -0.2999999523162842 -0.43999993801116943 -0.43999993801116943 0 -1.6299999430775642 -5.059999942779541 -4.669999837875366 -0.03000009059906006 -0.03000009059906006 -0.03000009059906006 -0.8400001525878906 -0.880000114440918 -0.8400000333786011 -0.8600000143051147 -0.9600000381469727 -1.0199999809265137 -0.7400000095367432 -0.7400000095367432 -0.4200000762939453 -0.7100000381469727 -0.7899999618530273 -0.7599999904632568 -0.6699999570846558 -0.8600000143051147 -0.7999999523162842 -0.7999999523162842 -0.6899999380111694 -0.7699999809265137 -0.7799999713897705 -0.8400000333786011 -0.75 -0.9199999570846558 -0.9199999570846558 -0.9199999570846558 -0.9600000381469727 -1.159999966621399 -1.1699999570846558 -0.9600000381469727 -0.6799999475479126 -0.6399999856948853 -0.6399999856948853 -0.6099998950958252 -0.7199999094009399 -0.21000003814697266 -0.5499999523162842 -0.1099998950958252 -0.6099998950958252
-0.8299999237060547 -1.009999930858612 -0.8399999141693115 -0.8399999141693115 -0.3799999952316284 -0.30000007152557373 -0.05000007152557373 -0.6100000143051147 -2.819999933242798 -4.689999938011169 -4.689999938011169 -3.0399999618530273 -1.0699999332427979 0 0 -0.9600000381469727 -1.0199999809265137 -0.75 -0.75 -0.7400000095367432 -0.6299999952316284 -0.6499999761581421 -0.6599999666213989 -0.6499999761581421 -0.5399999618530273 -0.7200000286102295 -0.7200000286102295 -0.7599999904632568 -0.9499999284744263 -0.75 -0.6000000238418579 -0.6999999284744263 -0.6299999952316284 -0.6299999952316284 -0.5699999332427979 -0.25 -0.7699999809265137 -0.809999942779541 -0.7799999713897705 -0.6699999570846558 -0.9600000381469727 -0.9600000381469727 -1.090000033378601 -0.7599999904632568 -0.6899999380111694 -0.6599999666213989 -0.7199999094009399 -0.6399999856948853
-0.9299999475479126 -0.8899999260902405 -0.6499999165534973 -0.6499999165534973 -0.3500000238418579 -0.9000000357627869 -0.26999998092651367 -0.18000006675720215 -0.8999999761581421 -1.9399999380111694 -1.9399999380111694 -4.569999933242798 -4.460000038146973 -0.9599999189376831 0 -0.9600000381469727 -1.0799999237060547 -0.9600000381469727 -0.9600000381469727 -1.1699999570846558 -0.7200000286102295 -0.6699999570846558 -0.5199999809265137 -0.559999942779541 -0.5699999332427979 -0.6499999761581421 -0.6499999761581421 -0.6799999475479126 -0.6799999475479126 -0.6299999952316284 -0.6000000238418579 -0.6899999380111694 -0.5499999523162842 -0.5499999523162842 -0.5499999523162842 -0.4200000762939453 -0.5299999713897705 -0.559999942779541 -0.7799999713897705 -0.5699999332427979 -0.5699999332427979 -0.5699999332427979 -0.6799999475479126 -1.1299999952316284 -1.0299999713897705 -0.7199999094009399 -0.7499998807907104 -0.6699999570846558
-0.9699999690055847 -0.4599999189376831 0 0 -0.05000007152557373 -1.7000000178813934 -1.1400000154972076 -1.3300000131130219 -1.2899999469518661 -1.2799999415874481 -1.2799999415874481 -1.4400000479072332 -0.020000100135803223 -4.559999942779541 -5.009999990463257 -2.6299999952316284 -0.9699999690055847 -1.4700000286102295 -1.4700000286102295 -0.9600000381469727 -0.7200000286102295 -0.6399999856948853 -0.6899999380111694 -0.6100000143051147 -0.5399999618530273 -0.6599999666213989 -0.6599999666213989 -0.8199999332427979 -0.6999999284744263 -0.6499999761581421 -0.5799999237060547 -0.4700000286102295 -0.6299999952316284 -0.6299999952316284 -0.6000000238418579 -0.6299999952316284 -0.5 -0.5499999523162842 -0.559999942779541 -0.5799999237060547 -0.7100000381469727 -0.7100000381469727 -0.5299999713897705 -0.7300000190734863 -0.6499999761581421 -0.6499999761581421 -1.1899999380111694 -1.6399998664855957
-1.0100000500679016 -0.38999998569488525 -0.38999998569488525 -0.040000081062316895 -0.7499999403953552 -0.12999999523162842 -1.349999949336052 -1.1699999570846558 -0.31999996304512024 -0.6399999782443047 -0.6399999782443047 -0.7199999839067459 -0.44999997317790985 -0.49000006914138794 -2.8300000429153442 -5.1499998569488525 -5.099999904632568 -0.9699999690055847 -0.9699999690055847 0 -0.5399999618530273 -0.3899998664855957 -0.6999999284744263 -0.6599999666213989 -0.6000000238418579 -0.6000000238418579 -0.6299999952316284 -0.7300000190734863 -0.6599999666213989 -0.6299999952316284 -0.5099999904632568 -0.6200000047683716 -0.6000000238418579 -0.6000000238418579 -0.5900000333786011 -0.4700000286102295 -0.5699999332427979 -0.5199999809265137 -0.559999942779541 -0.6799999475479126 -0.5900000333786011 -0.5900000333786011 -0.6699999570846558 -0.6000000238418579 -0.6499999761581421 -0.6200000047683716 -0.8999999761581421 -1.5099999904632568
-0.8200000524520874 -0.040000081062316895 -0.040000081062316895 -0.5199999809265137 -0.12999999523162842 -1.1299999356269836 -1.319999948143959 -1.2499999403953552 -0.5999999791383743 -0.47999997437000275 -0.47999997437000275 -0.4599999785423279 -0.4899999722838402 -1.2700000554323196 -1.0400000512599945 -0.6899999380111694 -5.369999885559082 -5.659999847412109 -5.659999847412109 -6.120000004768372 -2.0799999237060547 0 -1.4199999570846558 -0.9600000381469727 -0.6699999570846558 -0.6699999570846558 -0.6299999952316284 -0.6799999475479126 -0.6799999475479126 -0.6399999856948853 -0.7300000190734863 -0.6000000238418579 -0.6499999761581421 -0.6499999761581421 -0.809999942779541 -0.6299999952316284 -1.8399999737739563 -0.559999942779541 -0.6699999570846558 -0.5699999332427979 -0.6599999666213989 -0.6599999666213989 -0.6699999570846558 -0.6599999666213989 -0.28999996185302734 -4.2900002002716064 -3.2400002479553223 -3.2400002479553223
-0.040000081062316895 -1.7600000202655792 -1.7600000202655792 -1.2400000095367432 -1.079999953508377 -1.0999999344348907 -1.2699999511241913 -1.10999995470047 -0.4599999785423279 -0.5299999751150608 -0.5299999751150608 -0.5399999767541885 -0.20999997854232788 -0.08000001311302185 -0.28999999165534973 -1.2099999487400055 -1.3099999502301216 0 0 -5.739999890327454 -6.849999904632568 -5.4700000286102295 -1.899999976158142 -1.6200000047683716 -0.9600000381469727 -0.9600000381469727 -0.8400000333786011 -0.6699999570846558 -0.6999999284744263 -0.6599999666213989 -0.4200000762939453 -0.5699999332427979 -0.6299999952316284 -0.6299999952316284 -1.3600000143051147 -0.7300000190734863 -0.9600000381469727 -0.6000000238418579 -0.6100000143051147 -0.559999942779541 -0.6200000047683716 -0.6200000047683716 -1.2699999809265137 -1.6899999976158142 -0.9600000381469727 -3.2400002479553223 -4.220000207424164 -2.120000123977661
-0.7000000476837158 -0.1700000762939453 -0.1700000762939453 -1.0800000429153442 -1.2299999445676804 -1.4399999529123306 -1.2599999457597733 -1.2899999469518661 -0.5400000140070915 -0.15000000596046448 -0.15000000596046448 -0.20000001788139343 -0.4700000137090683 -0.48999999463558197 -0.5699999928474426 -0.22999998927116394 -0.6299999952316284 -1.2599999457597733 -1.2599999457597733 -0.8999999761581421 -4.080000042915344 -7.149999737739563 -7.460000038146973 0 -0.60999995470047 -0.60999995470047 0 -1.2799999117851257 -0.36999988555908203 -0.28999996185302734 -0.27999985218048096 -0.27999985218048096 -0.22999989986419678 -0.22999989986419678 -0.7699998617172241 -1.1699998378753662 -0.6200000047683716 -0.5800000429153442 -0.48000001907348633 -1.1399999856948853 -3.710000157356262 -3.710000157356262 -3.2400002479553223 -3.2400002479553223 -3.2900002002716064 -3.3900002241134644 -3.9900001883506775 -1.4699999764561653
-1.480000026524067 -1.1300000250339508 -1.1300000250339508 -1.1100000143051147 -1.1799999475479126 -1.3799999468028545 -1.1999999433755875 -0.9799999594688416 -0.42000000923871994 -0.24000000953674316 -0.24000000953674316 -0.30000001192092896 -0.6800000071525574 -0.2800000011920929 -0.2800000011920929 -0.13999998569488525 -0.41999998688697815 -0.41999998688697815 -0.5300000011920929 -0.29999999701976776 -1.2699999511241913 -1.369999948889017 -1.2699999511241913 -8.259999871253967 -8.940000057220459 -8.940000057220459 -3.2699999809265137 -0.8999999165534973 -0.7999999523162842 -0.43000006675720215 -0.43000006675720215 -0.6700000762939453 -0.6700000762939453 -0.6700000762939453 -2.2699999809265137 -2.2699999809265137 -2.4100000858306885 -2.4100000858306885 -4.28999999165535 -2.5199999809265137 -2.000000238418579 -2.000000238418579 -3.4400001764297485 -1.6899999380111694 -1.5399999618530273 -0.37999993562698364 -0.4299999475479126 -2.380000054836273
