SimulationData/Scenarios/Waterwolf/Flooding/Uitdammerdijk/660.asc
ncols        561
nrows        278
xllcorner    4.817258165162
yllcorner    52.370746892638
cellsize     0.000511251697
NODATA_value  -9999
[rows 132 to 153 of 278, columns 144 to 191 of 561]
-0.7100000381469727 -0.7100000381469727 -1.0000001192092896 -0.690000057220459 -0.019999980926513672 -0.09999990463256836 -0.5099999904632568 -0.49000000953674316 -0.5199999809265137 -0.5199999809265137 -0.5 -0.3900001049041748 -0.4100000858306885 -0.09999990463256836 -0.25999999046325684 -0.3900001049041748 -0.37000012397766113 -0.37000012397766113 -0.21000003814697266 -0.38000011444091797 -0.46000003814697266 -0.04999995231628418 -0.04999995231628418 -0.04999995231628418 -0.04999995231628418 -0.04999995231628418 -0.28999996185302734 -0.04999995231628418 -0.2799999713897705 -0.009999990463256836 -0.32000017166137695 -0.43000006675720215 -0.43000006675720215 -0.3400001525878906 -0.1700000762939453 -0.24000000953674316 -0.24000000953674316 -1.4299999475479126 -1.2199999392032623 -1.2199999392032623 -1.1999999582767487 -0.8700000047683716 -0.4599999189376831 -1.3599999397993088 -0.5 -0.3399999141693115 -0.21999990940093994 -0.21999990940093994
-0.019999980926513672 -0.019999980926513672 -0.690000057220459 -1.0000001192092896 -1.0700000524520874 -0.1700000762939453 -0.09999990463256836 -0.09999990463256836 -0.440000057220459 -0.440000057220459 -0.31999993324279785 -0.3599998950958252 -0.38000011444091797 -0.09999990463256836 -0.5099999904632568 -0.309999942779541 -0.46000003814697266 -0.46000003814697266 -0.35000014305114746 -0.48000001907348633 -0.37000012397766113 -0.3600001335144043 -0.37000012397766113 -0.3300001621246338 -0.3300001621246338 -0.37000012397766113 -0.4500000476837158 -0.3300001621246338 -0.25 -0.3400001525878906 -0.440000057220459 -0.48000001907348633 -0.48000001907348633 -0.43000006675720215 -0.32000017166137695 -0.8400001525878906 -1.3400001525878906 -0.3399999141693115 -0.2399998903274536 -0.2399998903274536 -0.1499999761581421 0 0 -1.0299999713897705 -0.6799999475479126 -0.7799999713897705 0 0
-0.7799999713897705 -0.7799999713897705 -0.019999980926513672 -0.5900001525878906 -0.440000057220459 -0.8299999237060547 -0.09999990463256836 -0.7400000095367432 -0.8299999237060547 -0.8299999237060547 -0.440000057220459 -0.34999990463256836 -0.3299999237060547 -0.19000005722045898 -0.48000001907348633 -0.4500000476837158 -0.4500000476837158 -0.5299999713897705 -0.4500000476837158 -0.09000015258789062 -0.04999995231628418 -0.04999995231628418 -0.35000014305114746 -0.46000003814697266 -0.46000003814697266 -0.40000009536743164 -0.4500000476837158 -0.09999990463256836 -0.5199999809265137 -0.09999990463256836 -0.4100000858306885 -0.440000057220459 -0.440000057220459 -0.25 -0.26999998092651367 0 -1.3400001525878906 -0.2099999189376831 -0.1499999761581421 -0.1499999761581421 -0.25999999046325684 0 -0.31000006198883057 -0.5600000619888306 -0.5100001096725464 -0.48000001907348633 -0.1499999761581421 -0.1499999761581421
-0.5299999713897705 -0.5299999713897705 -0.6100001335144043 -0.019999980926513672 -0.6200001239776611 -0.4100000858306885 -0.09999990463256836 -0.09999990463256836 -0.09999990463256836 -0.09999990463256836 -0.630000114440918 -0.7400000095367432 -0.6099998950958252 -0.09999990463256836 -0.4500000476837158 -0.37000012397766113 -0.37000012397766113 -0.3400001525878906 -0.440000057220459 -0.4700000286102295 -0.46000003814697266 -0.2799999713897705 -0.25999999046325684 -0.09999990463256836 -0.09999990463256836 -0.09999990463256836 -0.309999942779541 -0.4500000476837158 -0.9000000953674316 -0.09999990463256836 -0.6500000953674316 -0.5499999523162842 -0.5499999523162842 -0.09000015258789062 -0.26999998092651367 -0.40000009536743164 -2.080000102519989 -0.16999995708465576 -0.34999990463256836 -0.34999990463256836 -0.2799999713897705 0 -0.010000109672546387 -0.31000006198883057 -0.5 -0.21000003814697266 -0.3999999761581421 -0.3999999761581421
-0.880000114440918 -0.880000114440918 -1.28000009059906 -2.240000069141388 -1.2400001287460327 -0.5499999523162842 -0.09999990463256836 -0.09999990463256836 -0.880000114440918 -0.880000114440918 -0.09999990463256836 -0.09999990463256836 -0.880000114440918 -0.36999988555908203 -0.1700000762939453 -0.3300001621246338 -0.3300001621246338 -0.2999999523162842 -0.5199999809265137 -0.2799999713897705 -0.04999995231628418 -0.04999995231628418 -0.04999995231628418 -0.36999988555908203 -0.36999988555908203 -0.4500000476837158 -0.5399999618530273 -0.36999988555908203 -0.7400000095367432 -0.5 -0.09999990463256836 -0.3599998950958252 -0.3599998950958252 -0.35000014305114746 -0.46000003814697266 -0.4700000286102295 0 0 -0.22999989986419678 -0.22999989986419678 -0.15999996662139893 -0.2799999713897705 -0.010000109672546387 -0.5200001001358032 -1.170000046491623 -0.3799999952316284 -0.2099999189376831 -0.2099999189376831
-1.3900001049041748 -1.3900001049041748 -1.040000081062317 -0.4200000762939453 -0.23000001907348633 -0.2999999523162842 -0.09999990463256836 -0.09999990463256836 -0.09999990463256836 -0.09999990463256836 -0.7400000095367432 -0.6400001049041748 -0.09999990463256836 -0.3399999141693115 -0.09999990463256836 -0.09999990463256836 -0.09999990463256836 -0.09999990463256836 -0.09999990463256836 -0.5799999237060547 -0.4100000858306885 -0.2799999713897705 -0.4100000858306885 -0.5999999046325684 -0.5999999046325684 -0.5299999713897705 -0.5399999618530273 -0.3399999141693115 -0.1400001049041748 -0.6099998950958252 -0.36999988555908203 -0.36999988555908203 -0.09999990463256836 0 -0.3100001811981201 -0.3300001621246338 -0.49000000953674316 -2.1700000762939453 -1.3400001525878906 -1.3400001525878906 -0.2799999713897705 -0.309999942779541 0 -0.2099999189376831 -0.6499999165534973 -0.5999999642372131 -0.5499999523162842 -0.5499999523162842
-0.019999980926513672 -0.019999980926513672 -0.019999980926513672 -0.48000001907348633 -0.7300000190734863 -0.8499999046325684 -0.7200000286102295 -0.09999990463256836 -0.09999990463256836 -0.09999990463256836 -0.09999990463256836 -0.49000000953674316 -0.09999990463256836 -0.19000005722045898 -0.09999990463256836 -0.25 -0.25 -0.09999990463256836 -0.09999990463256836 -0.09999990463256836 -0.09999990463256836 -0.26999998092651367 -0.09999990463256836 -0.09999990463256836 -0.09999990463256836 -0.09999990463256836 -0.09999990463256836 -0.2999999523162842 -0.40000009536743164 -0.3900001049041748 -0.4700000286102295 -0.4700000286102295 -0.09999990463256836 0 0 -0.24000000953674316 -0.4200000762939453 -1.0800000429153442 -1.3400001525878906 -1.3400001525878906 0 0 0 0 -0.9499999284744263 -0.36999988555908203 -0.3299999237060547 -0.3299999237060547
-1.3900001049041748 -1.3900001049041748 -1.2000000476837158 -0.8600001335144043 -0.019999980926513672 -0.09999990463256836 -0.09999990463256836 0 0 -0.09999990463256836 -0.09999990463256836 -0.09999990463256836 -0.09999990463256836 -0.09999990463256836 -0.3299999237060547 -0.34999990463256836 -0.34999990463256836 -0.4700000286102295 -0.25 -0.36999988555908203 -0.3399999141693115 -0.4100000858306885 -0.38000011444091797 -0.309999942779541 -0.309999942779541 -0.3399999141693115 -0.2999999523162842 -0.31999993324279785 -0.09999990463256836 -0.4500000476837158 -0.09999990463256836 -0.09999990463256836 -0.309999942779541 0 0 -0.2800002098083496 0 0 -1.3400001525878906 -1.3400001525878906 0 0 0 -0.5 -0.6599999666213989 -0.8199999332427979 -0.6399999260902405 -0.6399999260902405
-0.26999998092651367 -0.26999998092651367 -0.9500000476837158 -1.100000023841858 -0.630000114440918 -0.09999990463256836 -0.09999990463256836 -0.09999990463256836 -0.09999990463256836 -0.09999990463256836 -0.09999990463256836 -0.49000000953674316 -0.3299999237060547 -0.09999990463256836 -0.09999990463256836 -0.09999990463256836 -0.09999990463256836 -0.09999990463256836 -0.49000000953674316 -0.09999990463256836 -0.09999990463256836 -0.09999990463256836 -0.3399999141693115 -0.2799999713897705 -0.2799999713897705 -0.26999998092651367 -0.09999990463256836 -0.5999999046325684 -0.7899999618530273 -0.7799999713897705 -0.7599999904632568 -0.7599999904632568 -0.49000000953674316 -0.5900001525878906 -0.5600001811981201 -0.6400001049041748 -0.5600001811981201 0 -1.3400001525878906 -1.3400001525878906 0 0 -0.010000109672546387 -0.010000109672546387 -0.690000057220459 -0.010000109672546387 -1.0399999618530273 -1.0399999618530273
-0.9500000476837158 -0.9500000476837158 -1.290000081062317 -0.9900001287460327 -0.9200000762939453 -1 -0.7699999809265137 -0.75 -0.75 -0.09999990463256836 -0.09999990463256836 -0.09999990463256836 -0.6099998950958252 -0.4200000762939453 -0.5699999332427979 -0.46000003814697266 -0.46000003814697266 -0.440000057220459 -0.3399999141693115 -0.24000000953674316 -0.3299999237060547 -0.3399999141693115 -0.3399999141693115 -0.09999990463256836 -0.09999990463256836 -0.09999990463256836 -0.2200000286102295 -0.5999999046325684 -0.8299999237060547 -0.9000000953674316 -0.8399999141693115 -0.8399999141693115 -0.5999999046325684 -0.7300000190734863 -0.690000057220459 -0.630000114440918 -0.039999961853027344 0 -1.3400001525878906 -1.3400001525878906 0 0 -0.010000109672546387 -0.4700000286102295 -0.7300000786781311 -0.690000057220459 -0.690000057220459 0
-0.9300000667572021 -0.9300000667572021 -0.5600001811981201 -0.940000057220459 -0.940000057220459 -0.8299999237060547 -0.7400000095367432 -0.7699999809265137 -0.7699999809265137 -0.09999990463256836 -0.09999990463256836 -0.09999990463256836 -0.09999990463256836 -0.09999990463256836 -0.09999990463256836 -1.3600000143051147 -1.3600000143051147 -0.8199999332427979 -0.630000114440918 -0.7799999713897705 -0.09999990463256836 -0.7799999713897705 -0.09999990463256836 -0.09999990463256836 -1 -1.0700000524520874 -0.809999942779541 -0.6600000858306885 -0.48000001907348633 -0.5999999046325684 -0.8399999141693115 -0.8399999141693115 -1.0700000524520874 -0.6700000762939453 -0.019999980926513672 -0.6700000762939453 -0.5299999713897705 0 -1.3400001525878906 -1.3400001525878906 0 0 -0.010000109672546387 -0.18000006675720215 -0.33000004291534424 -0.6800000667572021 -0.6800000667572021 -0.34999990463256836
-0.3300001621246338 -0.5600001811981201 -1.0100001096725464 -0.9300000667572021 -0.8700001239776611 -1.0499999523162842 -1.0199999809265137 -1.0800000429153442 -1.0800000429153442 -0.9900000095367432 -0.09999990463256836 -0.09999990463256836 -0.09999990463256836 -0.09999990463256836 -0.09999990463256836 -0.09999990463256836 -0.09999990463256836 -0.9200000762939453 -0.8900001049041748 -0.8499999046325684 -0.09999990463256836 -0.6500000953674316 -0.9900000095367432 -0.9900000095367432 -1.149999976158142 -0.9800000190734863 -0.8700001239776611 -0.7000000476837158 -0.9800000190734863 -0.9200000762939453 -0.9100000858306885 -0.9100000858306885 -1.1100000143051147 -0.6200001239776611 -0.8500001430511475 -0.75 -0.630000114440918 -0.9100000858306885 -1.3400001525878906 -1.3400001525878906 -0.28999996185302734 -0.31000006198883057 0 0 -0.7599999308586121 -0.9799998998641968 -0.9799998998641968 -0.4700000286102295
-0.32000017166137695 -0.46000003814697266 -1.4500000476837158 -0.9800001382827759 -0.820000171661377 -0.9800000190734863 -1.0299999713897705 -1.2999999523162842 -1.2999999523162842 -0.8199999332427979 -0.3399999141693115 -0.09999990463256836 -0.09999990463256836 -0.09999990463256836 -0.09999990463256836 -0.09999990463256836 -0.09999990463256836 -0.09999990463256836 -0.09999990463256836 -0.309999942779541 -0.619999885559082 -0.09999990463256836 -0.09999990463256836 -0.09999990463256836 -1.1399999856948853 -0.8499999046325684 -0.940000057220459 -0.6500000953674316 -0.7599999904632568 -0.8199999332427979 -1.090000033378601 -1.090000033378601 -1.2599999904632568 -1.2700001001358032 -0.6400001049041748 -0.6100001335144043 -0.6100001335144043 0 -1.3400001525878906 -1.3400001525878906 -0.22999989986419678 0 0 0 -0.6399999260902405 -1.0099999904632568 -1.0099999904632568 -1.4899999499320984
-0.38000011444091797 -0.440000057220459 -1.6400001049041748 -0.9500000476837158 -0.9300000667572021 -0.9600000381469727 -0.8900001049041748 -0.9600000381469727 -0.9600000381469727 -0.09999990463256836 -0.09999990463256836 -0.09999990463256836 -0.09999990463256836 -0.09999990463256836 -0.8199999332427979 -1.0800000429153442 -1.0800000429153442 -0.8199999332427979 -0.6800000667572021 -0.6600000858306885 -0.4500000476837158 -1.090000033378601 -1.2000000476837158 -1.2000000476837158 -0.48000001907348633 -1.5 -0.6200001239776611 -0.9600000381469727 -0.6700000762939453 -0.6400001049041748 -0.9600000381469727 -0.9600000381469727 -1.2599999904632568 -1.4200000762939453 -1.4000000953674316 -1.6600000858306885 -1.03000009059906 0 -1.3400001525878906 -1.3400001525878906 0 0 0 0 0 -0.8199999332427979 -0.8199999332427979 -1.079999953508377
-0.4500000476837158 -1.5800000429153442 0 0 0 -0.09999990463256836 -0.09999990463256836 -0.09999990463256836 -0.09999990463256836 -0.09999990463256836 -0.5999999046325684 -0.09999990463256836 -0.09999990463256836 -1 -1.2200000286102295 -1.059999942779541 -1.059999942779541 -0.09999990463256836 -0.6800000667572021 -0.690000057220459 -0.9800000190734863 -0.2799999713897705 -0.690000057220459 -0.690000057220459 -1.2699999809265137 -0.5399999618530273 -0.880000114440918 -2.3300000429153442 -1.2899999618530273 -0.7300000190734863 -0.07999992370605469 -0.07999992370605469 -1.2699999809265137 -1.3400001525878906 0 -2.750000089406967 -3.2600001096725464 0 0 -1.3400001525878906 0 0 0 0 0 -1 -1 -0.7599999904632568
-0.820000171661377 -1.4100000858306885 -0.6200001239776611 -0.6500000953674316 -0.49000000953674316 -0.619999885559082 -0.09999990463256836 -0.5799999237060547 -0.5799999237060547 -0.9700000286102295 -0.9000000953674316 -0.09999990463256836 -0.3900001049041748 -0.7899999618530273 -1.0099999904632568 -1.0099999904632568 -0.7000000476837158 -0.09999990463256836 -0.8399999141693115 -1.090000033378601 -1.350000023841858 -0.9200000762939453 -0.1099998950958252 -0.1099998950958252 -0.07999992370605469 -0.630000114440918 -1.5600000619888306 -3.560000002384186 -3.8199999928474426 -1.8000000715255737 -0.6800000667572021 -0.6800000667572021 -1.75 -2.040000081062317 -4.430000066757202 -4.710000038146973 -5.269999980926514 0 0 -1.3400001525878906 0 -0.5399999618530273 -0.60999995470047 0 -0.3599998950958252 -0.8799999952316284 -0.8799999952316284 -0.7099999189376831
-1.4199999868869781 -0.880000114440918 -1.7000000476837158 -1.0100001096725464 -0.6100001335144043 -0.6400001049041748 -0.039999961853027344 -0.9900000095367432 -0.9900000095367432 -0.039999961853027344 -1.059999942779541 -0.09999990463256836 -0.09999990463256836 -0.09999990463256836 -0.5 -0.5 -0.8700001239776611 0 -0.8600001335144043 -1.290000081062317 -0.5099999904632568 -0.5299999713897705 -0.6500000953674316 -0.6500000953674316 -0.7300000190734863 -0.970000147819519 -1.1500000953674316 -0.9900001287460327 -0.820000171661377 -1.470000147819519 -2.090000092983246 -2.090000092983246 -2.9300000946968794 -0.4899999871850014 -1.7899999991059303 -4.800000071525574 -2.4200000762939453 -0.7599999904632568 -0.7599999904632568 -1.3400001525878906 0 -0.7499999403953552 -0.7599999308586121 -0.809999942779541 -0.7799999713897705 -0.8499999642372131 -0.8499999642372131 -0.8699999451637268
-1.1399999856948853 -0.9300000667572021 -0.8100001811981201 -0.5099999904632568 -1.6800000667572021 -0.559999942779541 -0.039999961853027344 -1.0100001096725464 -1.0100001096725464 -0.9600000381469727 -1.340000033378601 -0.09999990463256836 -0.09999990463256836 -0.3599998950958252 0 0 -0.940000057220459 -1.1700000762939453 -1.4100000858306885 -0.8300001621246338 -0.35000014305114746 -0.6000001430511475 -0.5800001621246338 -0.5800001621246338 -1.0500000715255737 -1.040000081062317 -0.8100001811981201 -1.8200000524520874 -1.1100001335144043 -1.3900001049041748 -1.8200000524520874 -1.8200000524520874 -3.2100000977516174 -1.7400000467896461 -2.0300000086426735 -5.300000071525574 -1.0200000405311584 -1.4800001382827759 -1.4800001382827759 -1.3400001525878906 0 -0.7999999523162842 -0.5199999809265137 -0.8899999856948853 -0.85999995470047 -0.5699999332427979 -0.5699999332427979 -0.9199999570846558
-0.6000001430511475 -0.75 -0.8400001525878906 -0.6500000953674316 -0.7400000095367432 -0.6700000762939453 -0.2999999523162842 -0.19000005722045898 -0.19000005722045898 -0.039999961853027344 -0.48000001907348633 -0.09999990463256836 -0.09999990463256836 -0.09999990463256836 0 0 -0.3300001621246338 -1.1500000953674316 -0.7800002098083496 -0.7899999618530273 -0.9000000953674316 -0.9600000381469727 -1.100000023841858 -1.100000023841858 -0.9800001382827759 -0.9600000381469727 0 -0.7599999904632568 -1.1600000858306885 -0.8900001049041748 -0.820000171661377 -0.820000171661377 -1.0700000524520874 -2.140000104904175 0 -0.7200000286102295 -2.1700000762939453 -1.3400001525878906 -1.3400001525878906 -1.3400001525878906 -0.60999995470047 0 -0.8499999642372131 -0.9699999690055847 -0.9399999380111694 -0.43999993801116943 -0.43999993801116943 -0.60999995470047
0 -0.6800000667572021 -0.7400000095367432 -0.9300000667572021 -0.8900001049041748 -0.6200001239776611 -0.6800000667572021 -0.6500000953674316 -0.6500000953674316 -0.21000003814697266 -0.309999942779541 -0.039999961853027344 0 0 0 0 -0.13000011444091797 -0.9000000953674316 -0.7400000095367432 -0.880000114440918 -0.09000015258789062 -0.75 -0.75 -0.75 -0.7300000190734863 -0.48000001907348633 -0.5 -0.9600000381469727 -0.7100000381469727 0 0 -0.9000000953674316 -2.180000066757202 -1.6500000953674316 -1.3400001525878906 0 0 -0.010000109672546387 -0.010000109672546387 -0.010000109672546387 -0.7200000286102295 -0.64000004529953 -0.7999999523162842 -0.9599999189376831 -0.08999991416931152 -1.0299999713897705 -1.0299999713897705 -0.4200000762939453
-1.4500000476837158 -1.4500000476837158 -1.4500000476837158 -1.7600001096725464 -2.290000081062317 -2.6800000965595245 -2.0100001096725464 -2.0100001096725464 -1.3100000619888306 -1.0100001096725464 -1.3700000047683716 -1.090000033378601 -0.75 0 0 0 0 0 -0.16000008583068848 -0.6400001049041748 0 -2.070000112056732 -2.4000000953674316 -2.4000000953674316 -0.8300001621246338 -0.8300001621246338 -0.16999995708465576 0 0 0 0 -0.41999995708465576 0 0 0 0 0 -0.010000109672546387 -0.010000109672546387 -0.010000109672546387 -0.010000109672546387 -0.010000109672546387 0 0 0 -0.6799999475479126 -0.6799999475479126 -0.3200000524520874
0 -0.009999990463256836 -0.009999990463256836 -0.009999990463256836 -0.009999990463256836 -0.029999971389770508 -0.3999999761581421 -0.3999999761581421 -0.019999980926513672 -0.019999980926513672 0 0 0 0 -0.18999993801116943 -0.18999993801116943 -0.6699999570846558 -1.2699998617172241 -1.0299999713897705 -1.3400001525878906 -1.3400001525878906 -1.3400001525878906 -1.3400001525878906 -1.3400001525878906 -0.8300001621246338 -0.8300001621246338 0 0 0 0 0 0 0 0 0 0 0 -0.010000109672546387 -0.010000109672546387 -0.010000109672546387 -0.010000109672546387 -0.010000109672546387 0 -0.5399999618530273 -0.3799999952316284 -0.46999990940093994 -0.46999990940093994 -0.5600000619888306
