SimulationData/Scenarios/Waterwolf/Flooding/Uitdammerdijk/720.asc
ncols        561
nrows        278
xllcorner    4.817258165162
yllcorner    52.370746892638
cellsize     0.000511251697
NODATA_value  -9999
[rows 154 to 175 of 278, columns 384 to 431 of 561]
0.46851861476898193 0.3785187005996704 0.4085186719894409 0.41851866245269775 0.41851866245269775 0.12562739849090576 0.1656273603439331 0.4756273031234741 0.5256273746490479 0.4983726739883423 0.5183727741241455 0.5683727264404297 0.5683727264404297 0.6683727502822876 0.5146529674530029 0.3146529197692871 0.32465291023254395 0.5046528577804565 0.5046528577804565 -0.13534706830978394 -0.13534706830978394 0.29465293884277344 0.48465287685394287 0.8109781742095947 0.5209782123565674 0.5909781455993652 0.7709782123565674 0.7709782123565674 0.6137962341308594 0.6837962865829468 0.5146311521530151 0.3546311855316162 0.5172048807144165 0.4486476182937622 0.4483203887939453 0.4483203887939453 2.5189281702041626 2.5191850662231445 2.518744707107544 -0.32352399826049805 0.45647597312927246 0.2727799415588379 0.3427799940109253 0.3427799940109253 0.13277995586395264 0.35277998447418213 0.5758398771286011 0.2558399438858032
0.4885185956954956 0.4885185956954956 0.5285186767578125 0.5085186958312988 0.5085186958312988 0.10562729835510254 0.02562737464904785 0.10562729835510254 0.5956273078918457 0.9083727598190308 0.608372688293457 0.6883727312088013 0.6883727312088013 0.6783727407455444 1.0146528482437134 0.4646528959274292 0.5546529293060303 0.5146529674530029 0.724652886390686 0.4346529245376587 0.4346529245376587 0.3446528911590576 0.5646529197692871 0.19097816944122314 -0.20902186632156372 0.510978102684021 0.5209782123565674 0.5209782123565674 0.5337963104248047 0.5137962102890015 0.7046312093734741 0.3546311855316162 0.4366830587387085 2.518828272819519 2.518729090690613 2.518729090690613 2.518799662590027 2.5187928676605225 2.5183775424957275 0.5164759159088135 -0.06352400779724121 -0.09722006320953369 -0.09722006320953369 0.3727799654006958 0.4627799987792969 1.012779951095581 0.44583988189697266 0.36583995819091797
0.5030252933502197 0.38302528858184814 0.41302525997161865 0.46302521228790283 0.46302521228790283 0.2580301761627197 0.08803009986877441 0.4280301332473755 0.3380300998687744 0.48133134841918945 0.5613313913345337 1.01133131980896 1.01133131980896 0.6913313865661621 0.914652943611145 0.6846529245376587 0.5946528911590576 1.0846530199050903 0.6046528816223145 0.48465287685394287 0.48465287685394287 0.8346529006958008 0.724652886390686 0.2784569263458252 0.6084568500518799 0.8184568881988525 0.5484569072723389 0.5484569072723389 0.1821833848953247 0.5121833086013794 -0.006347298622131348 0.3336527347564697 0.33668649196624756 0.45867812633514404 2.518789768218994 2.518789768218994 2.518671751022339 2.5185115337371826 0.1964728832244873 -0.5033080577850342 0.13669192790985107 0.2917947769165039 0.2917947769165039 1.0217947959899902 0.43179476261138916 0.8217947483062744 0.5826085209846497 0.49260860681533813
0.5630252361297607 0.6830252408981323 1.0030251741409302 1.0030251741409302 1.0030251741409302 0.5880300998687744 0.31803011894226074 0.5280301570892334 0.5480301380157471 1.01133131980896 0.7213313579559326 0.8213313817977905 0.8213313817977905 0.9213314056396484 0.8746528625488281 0.8446528911590576 0.8046529293060303 0.9446529150009155 0.6246528625488281 0.6246528625488281 0.6046528816223145 0.4646528959274292 1.3646529912948608 0.46845686435699463 0.4284569025039673 0.258456826210022 0.6284568309783936 0.6284568309783936 0.5117042064666748 0.4217042922973633 0.4131664037704468 0.37394893169403076 2.5140804052352905 2.5140817165374756 2.5141252279281616 2.5141252279281616 2.514103055000305 -0.19649505615234375 -0.6141387820243835 -0.13416588306427002 0.5458340644836426 0.25179481506347656 0.25179481506347656 0.22179484367370605 0.3617948293685913 0.381794810295105 0.3826085925102234 0.4426085352897644
0.7530252933502197 0.5530252456665039 0.6230252981185913 0.6830252408981323 0.6830252408981323 0.8280301094055176 0.9480301141738892 0.9180301427841187 0.9380301237106323 0.851331353187561 0.9413313865661621 0.8313313722610474 0.8313313722610474 0.8613313436508179 0.8446528911590576 0.7046529054641724 0.6746529340744019 0.6746529340744019 1.0046528577804565 1.0046528577804565 0.6546529531478882 0.4946528673171997 0.824652910232544 0.7984569072723389 0.5484569072723389 0.508456826210022 0.508456826210022 0.508456826210022 0.4317042827606201 0.31170427799224854 0.26351070404052734 2.513973116874695 2.514019727706909 2.5140445232391357 2.5140609741210938 2.5140609741210938 2.514135241508484 0.45336174964904785 -0.14499986171722412 -0.014165878295898438 -0.614165872335434 -0.12820518016815186 -0.12820518016815186 0.21179485321044922 0.27179479598999023 0.27179479598999023 0.30260854959487915 0.3926085829734802
1.0032302141189575 0.7932302951812744 0.745293378829956 0.8152934312820435 0.8152934312820435 0.7474265098571777 0.7874265909194946 0.7293866872787476 0.8193867206573486 0.7117835283279419 0.7917835712432861 0.8817836046218872 0.8817836046218872 0.7517834901809692 0.8541527986526489 0.7941528558731079 0.8441528081893921 0.8741527795791626 0.7663935422897339 0.7663935422897339 0.7963935136795044 0.9463934898376465 0.976393461227417 0.8367804288864136 0.42678046226501465 0.3195987939834595 0.2995988130569458 0.2995988130569458 0.513219952583313 2.5137919187545776 2.5138020515441895 2.513904333114624 2.5139981508255005 2.5139981508255005 2.513777494430542 2.513777494430542 0.2935357093811035 0.2564438581466675 0.06901431083679199 0.20529496669769287 0.025294899940490723 0.5705643892288208 0.5705643892288208 -0.22943556308746338 -0.14943557977676392 -0.3394355773925781 0.26948797702789307 0.369488000869751
0.5529975891113281 0.67414391040802 0.6956901550292969 0.6756901741027832 0.6756901741027832 0.647625207901001 0.7276251316070557 0.6595778465270996 0.7395777702331543 0.7617835998535156 0.7217835187911987 0.7617835998535156 0.7617835998535156 0.8117835521697998 1.1641528606414795 0.7941528558731079 0.9941527843475342 0.8441528081893921 0.8763934373855591 0.8763934373855591 0.916393518447876 0.7863935232162476 0.5863934755325317 0.517377495765686 0.37737739086151123 0.25895237922668457 0.4532434940338135 0.4532434940338135 2.5136568546295166 2.5136882066726685 2.5137691497802734 2.5137691497802734 2.51391863822937 2.513816475868225 0.23267829418182373 0.23267829418182373 0.21800434589385986 0.2853212356567383 -0.03467869758605957 0.4022974967956543 0.16229748725891113 0.1405644416809082 0.1405644416809082 0.22056448459625244 -0.4294356107711792 0.1105644702911377 0.18948793411254883 0.23948800563812256
0.7733341455459595 0.6442779302597046 0.6156901121139526 0.5656901597976685 0.5656901597976685 0.4876251220703125 0.5976251363754272 0.6495778560638428 0.6395778656005859 0.7117835283279419 0.801783561706543 0.7117835283279419 0.7117835283279419 0.801783561706543 0.7741528749465942 0.9141528606414795 0.8741527795791626 0.8847553730010986 0.6262557506561279 0.6262557506561279 0.6262557506561279 0.5779091119766235 0.5179091691970825 0.3970656394958496 0.46275830268859863 2.5131332874298096 2.513229012489319 2.513229012489319 2.5134077072143555 2.5134077072143555 2.513654351234436 2.513654351234436 2.5136977434158325 0.4626847505569458 0.3622856140136719 0.3622856140136719 0.4122856855392456 0.39375579357147217 0.5037558078765869 0.5837558507919312 0.6337558031082153 0.5740408897399902 0.5740408897399902 0.6140409708023071 0.46404099464416504 0.524040937423706 -0.20881301164627075 -0.3988129496574402
2.493380069732666 2.495106339454651 2.4966375827789307 2.4976937770843506 2.4976937770843506 2.4982582330703735 0.4381263256072998 0.3985719680786133 0.6002166271209717 0.441601037979126 1.0816011428833008 0.7328959703445435 0.7328959703445435 0.792896032333374 0.8040364980697632 0.724036455154419 0.734755277633667 0.8947553634643555 0.6862558126449585 0.6862558126449585 0.7462557554244995 0.8379091024398804 0.4979090690612793 0.4524470567703247 2.512939453125 2.513050675392151 2.5131468772888184 2.5131468772888184 2.5134077072143555 2.5134077072143555 2.513654351234436 2.513654351234436 2.5135387182235718 0.4521123170852661 0.4521123170852661 0.2822856903076172 0.1622856855392456 0.11375582218170166 0.5037558078765869 0.5437557697296143 0.5237557888031006 0.5440409183502197 0.5440409183502197 0.46404099464416504 0.49404096603393555 0.524040937423706 0.3511870503425598 0.5811869502067566
0.6320860385894775 0.4953625202178955 0.44714975357055664 2.497403860092163 2.497403860092163 2.4980536699295044 2.4987494945526123 2.4987376928329468 0.5004066228866577 0.44189155101776123 0.7818915843963623 0.7818915843963623 0.7028032541275024 0.7428032159805298 0.774505615234375 0.6945055723190308 0.6551210880279541 0.875120997428894 0.6963851451873779 0.6963851451873779 0.5568422079086304 0.4877580404281616 2.5122443437576294 2.512561321258545 2.5127851963043213 2.5129915475845337 2.5129915475845337 2.5129915475845337 2.5132545232772827 2.5132545232772827 2.513577699661255 2.513581395149231 0.35249602794647217 0.31828773021698 0.31828773021698 0.46651744842529297 0.3165174722671509 0.1937558650970459 0.5037558078765869 0.3237558603286743 0.26375579833984375 0.39404094219207764 0.39404094219207764 0.5640408992767334 0.5640408992767334 0.49404096603393555 0.6311870217323303 0.2211870551109314
0.5139782428741455 0.5339782238006592 0.4965493679046631 0.4765493869781494 0.4765493869781494 0.47855937480926514 0.4385594129562378 2.5008432865142822 0.40021610260009766 0.5721050500869751 0.6821050643920898 0.6821050643920898 0.44168853759765625 0.19168853759765625 0.5861814022064209 0.6361814737319946 0.4468914270401001 0.4459935426712036 2.508389472961426 2.508389472961426 2.509586215019226 2.5111308097839355 2.511872172355652 2.512545585632324 2.512545585632324 2.512864828109741 2.5130672454833984 2.5130672454833984 2.51311457157135 0.462380051612854 0.28368425369262695 0.2621961832046509 0.36381208896636963 0.4238121509552002 0.4238121509552002 0.40039706230163574 0.32039713859558105 0.2606205344200134 0.4306204915046692 0.4806205630302429 0.5306205153465271 0.5616694688796997 0.5616694688796997 1.0616694688796997 0.5716694593429565 0.6216695308685303 0.541669487953186 0.6816694736480713
0.4139782190322876 0.43397819995880127 0.4765493869781494 0.5065494775772095 0.5065494775772095 0.4085594415664673 0.4385594129562378 2.5024462938308716 0.4515511989593506 0.34210503101348877 0.5021049976348877 0.5021049976348877 0.301688551902771 0.2716885805130005 0.5061813592910767 0.37618136405944824 2.507206082344055 2.506926655769348 2.5058144330978394 2.5058144330978394 0.4585239887237549 2.511460065841675 2.512010097503662 2.512545585632324 2.512545585632324 2.5128642320632935 0.46245622634887695 0.46245622634887695 0.21332478523254395 0.17703580856323242 0.2025439739227295 0.3090630769729614 0.43381214141845703 0.3338121175765991 0.3338121175765991 0.540397047996521 0.010397076606750488 0.3506205677986145 0.5506204962730408 0.5606204867362976 0.6006205677986145 0.5616694688796997 0.5616694688796997 0.4716695547103882 0.5916695594787598 0.5816694498062134 0.4716695547103882 0.5816694498062134
0.47388505935668945 0.44388508796691895 0.707075834274292 0.44707584381103516 0.44707584381103516 0.4191223382949829 0.4539046287536621 2.5034093856811523 2.502923607826233 2.5028789043426514 2.5028547048568726 2.5028547048568726 2.5028494596481323 2.502934694290161 2.50383460521698 2.505216360092163 0.4454838037490845 0.34512555599212646 0.417461633682251 0.417461633682251 0.41025006771087646 0.40223705768585205 0.42350125312805176 0.3248884677886963 0.3357349634170532 0.5181487798690796 0.17808020114898682 0.17808020114898682 0.304378867149353 0.34437882900238037 0.2501058578491211 0.3801058530807495 0.3912007808685303 0.42120087146759033 0.42120087146759033 0.35212254524230957 0.32212257385253906 0.3706205487251282 0.5706204771995544 0.5906205773353577 0.5506204962730408 0.5316694974899292 0.5316694974899292 0.5916695594787598 0.5716694593429565 0.9216694831848145 0.541669487953186 0.5116695165634155
0.4939897060394287 0.47398972511291504 0.48891544342041016 0.4689154624938965 0.4689154624938965 0.4308962821960449 2.50333034992218 2.503068447113037 2.503068447113037 2.5029925107955933 2.5029925107955933 2.5029925107955933 2.5031657218933105 2.502717137336731 0.4232921600341797 0.4144488573074341 0.3865100145339966 0.3565099239349365 0.39094316959381104 0.39094316959381104 0.4109431505203247 0.34497761726379395 0.3849775791168213 0.259304404258728 0.35930442810058594 0.522681474685669 0.31268155574798584 0.31268155574798584 0.2781568765640259 0.1981569528579712 0.30815696716308594 0.30815696716308594 0.3397728204727173 0.32977283000946045 0.32977283000946045 0.47977280616760254 0.42977285385131836 0.3231472969055176 0.44314730167388916 0.6831473112106323 0.5131473541259766 0.5916695594787598 0.5916695594787598 0.5716694593429565 0.46166956424713135 0.731669545173645 0.5716694593429565 0.6216695308685303
0.5539897680282593 0.4839897155761719 0.4489154815673828 0.3889155387878418 0.3889155387878418 2.5028250217437744 2.50304639339447 2.503068447113037 2.503068447113037 2.5029925107955933 2.5029925107955933 2.5029925107955933 2.502990484237671 0.45263445377349854 0.14428412914276123 0.5558764934539795 0.43650996685028076 0.36650991439819336 0.39094316959381104 0.39094316959381104 0.360943078994751 0.34497761726379395 0.3849775791168213 0.3493044376373291 0.40930449962615967 0.522681474685669 0.522681474685669 0.27268147468566895 0.5381568670272827 0.5481569766998291 0.3481569290161133 0.2881568670272827 0.3697727918624878 0.45977282524108887 0.45977282524108887 0.4397728443145752 0.38977277278900146 0.5731472969055176 0.6131473779678345 0.6031473875045776 0.6531473398208618 0.5716694593429565 0.5716694593429565 0.641669511795044 0.5116695165634155 0.7416695356369019 0.7216695547103882 0.5716694593429565
0.44352221488952637 0.49352216720581055 0.45270657539367676 0.45270657539367676 2.502909779548645 2.5029444694519043 2.5029444694519043 2.503011465072632 2.503011465072632 2.502962827682495 2.502962827682495 2.502962827682495 2.502591848373413 0.442094087600708 0.6367872953414917 0.6567872762680054 0.4597522020339966 0.529752254486084 0.5840429067611694 0.5840429067611694 0.5740429162979126 0.5182045698165894 0.35820460319519043 0.4038212299346924 0.35382115840911865 0.7485212087631226 0.7485212087631226 0.28852128982543945 0.30815696716308594 0.30815696716308594 0.33815693855285645 0.4081568717956543 0.40977275371551514 0.2197728157043457 0.2197728157043457 0.35977280139923096 0.38977277278900146 0.38314735889434814 0.10314738750457764 0.13314735889434814 0.6131473779678345 0.6816694736480713 0.6816694736480713 0.6616694927215576 0.49166953563690186 0.6516695022583008 0.8416695594787598 0.6016695499420166
-0.054845333099365234 -1.8948453664779663 2.5028709173202515 2.5028709173202515 2.5028709173202515 2.50295627117157 2.50295627117157 2.5029598474502563 2.5029598474502563 2.5030698776245117 2.5027633905410767 2.5027633905410767 0.3720816373825073 0.6948226690292358 0.628143310546875 0.5881433486938477 0.5315144062042236 0.4315143823623657 0.28273725509643555 0.28273725509643555 0.6227371692657471 0.562737226486206 0.4527372121810913 0.34905779361724854 0.2890578508377075 0.3868504762649536 0.3868504762649536 0.19685053825378418 0.19223248958587646 0.4522324800491333 0.37281548976898193 0.37281548976898193 0.465069055557251 0.45506906509399414 0.45506906509399414 0.47984814643859863 0.32984817028045654 -0.12011247873306274 1.049887478351593 0.5533497333526611 0.6233497858047485 0.6785285472869873 0.6785285472869873 0.5885286331176758 0.5985286235809326 0.538528561592102 0.6368231177330017 0.676823079586029
2.156097888946533 1.3560981750488281 -0.7441427707672119 -0.7441427707672119 0.30585718154907227 2.502979874610901 2.502979874610901 2.50281023979187 2.50281023979187 0.4429450035095215 0.6033023595809937 0.6033023595809937 0.7160183191299438 0.5860183238983154 0.6300331354141235 0.510033130645752 0.5946987867355347 0.5446988344192505 0.5227371454238892 0.5227371454238892 0.4827371835708618 0.34273719787597656 0.562737226486206 0.6458569765090942 0.5158569812774658 0.20199358463287354 0.20199358463287354 2.543571710586548 0.49347639083862305 0.293515682220459 0.4937640428543091 2.5438246726989746 2.5434662103652954 0.4827841520309448 0.4827841520309448 0.47623395919799805 0.3084077835083008 0.43838274478912354 0.6283828020095825 0.5924718976020813 0.5224718451499939 0.4285285472869873 0.4285285472869873 0.6685285568237305 1.0585285425186157 0.6585285663604736 0.6968230605125427 0.6868230700492859
1.8960981369018555 1.3060979843139648 1.455857276916504 1.455857276916504 0.12585735321044922 2.19297993183136 0.012979984283447266 2.50281023979187 0.4428102970123291 0.4817652702331543 0.7413656711578369 0.7413656711578369 0.6060183048248291 0.646018385887146 0.600033164024353 0.540033221244812 0.5546988248825073 0.6046987771987915 0.5727372169494629 0.5727372169494629 0.5427372455596924 0.49273717403411865 0.36273717880249023 0.4758570194244385 0.6058570146560669 2.5437716245651245 2.5437716245651245 2.543660521507263 2.5436116456985474 2.5436941385269165 2.543768048286438 2.5436969995498657 0.4134645462036133 0.3240269422531128 0.3240269422531128 0.4149308204650879 0.28123438358306885 0.43838274478912354 0.598382830619812 0.6024718880653381 0.5724717974662781 0.5585285425186157 0.5585285425186157 0.5685285329818726 0.6085286140441895 0.6485285758972168 0.6068231463432312 0.39682310819625854
1.1460800170898438 1.7260799407958984 1.5260801315307617 1.5260801315307617 1.6560797691345215 1.5259499549865723 2.0659499168395996 1.555849313735962 1.5058495998382568 1.1265060901641846 -0.3934941291809082 -0.3934941291809082 0.5065460205078125 0.726546049118042 0.7435386180877686 0.5435386896133423 0.5772420167922974 0.4672420024871826 0.5816274881362915 0.5816274881362915 0.4016275405883789 0.4219413995742798 0.40194129943847656 0.48182034492492676 2.5438232421875 2.543787717819214 2.543787717819214 2.543762445449829 2.5437856912612915 2.5437856912612915 2.5438601970672607 2.5439027547836304 2.543919563293457 2.544103264808655 2.544103264808655 0.23329293727874756 0.2641686201095581 0.41728585958480835 0.5072858929634094 0.4921919107437134 0.46219193935394287 0.5879425406455994 0.5879425406455994 0.48794251680374146 0.44794243574142456 0.5279424786567688 0.29835110902786255 0.46835118532180786
1.3460798263549805 1.436079978942871 1.5560798645019531 1.5560798645019531 1.7060799598693848 1.3861973285675049 1.5661976337432861 1.7061970233917236 2.066197156906128 1.0263571739196777 0.5863568782806396 0.5863568782806396 0.04637408256530762 -1.6936259269714355 0.6684008836746216 0.7584007978439331 0.30108416080474854 0.2710840702056885 0.13512039184570312 0.13512039184570312 0.2251204252243042 0.23639321327209473 0.5392347574234009 2.5437095165252686 2.5437434911727905 2.5437575578689575 2.5437575578689575 2.5437575578689575 2.543853521347046 2.543853521347046 2.5439120531082153 2.543967366218567 0.49367475509643555 0.4830702543258667 0.4830702543258667 0.26916074752807617 0.30916082859039307 0.07790696620941162 0.5679068565368652 0.6221956014633179 1.0521955490112305 1.0521955490112305 0.4779425263404846 0.3679425120353699 0.29794245958328247 0.4079424738883972 0.5383511185646057 0.5083511471748352
1.5260801315307617 2.066080093383789 1.4560799598693848 1.4560799598693848 1.5860800743103027 1.4861972332000732 1.5961973667144775 1.7061970233917236 1.176196813583374 1.1463570594787598 2.066357135772705 2.066357135772705 2.0663743019104004 -0.07362580299377441 0.5184007883071899 0.6584008932113647 0.5210840702056885 0.26108407974243164 0.26108407974243164 -0.10487949848175049 0.06512045860290527 0.3572361469268799 0.3637349605560303 2.5437055826187134 2.543710470199585 2.5437575578689575 2.5437575578689575 2.5437575578689575 2.543853521347046 2.543853521347046 2.5439095497131348 2.543623208999634 0.34377241134643555 0.3762744665145874 0.3762744665145874 0.279160737991333 0.2991607189178467 0.29790687561035156 0.48881810903549194 0.4288180470466614 0.888818085193634 0.888818085193634 0.5101345181465149 0.35013455152511597 0.4601345658302307 0.5101345181465149 0.5597032308578491 0.6197032928466797
