SimulationData/Scenarios/Waterwolf/Flooding/Uitdammerdijk/720.asc
ncols        561
nrows        278
xllcorner    4.817258165162
yllcorner    52.370746892638
cellsize     0.000511251697
NODATA_value  -9999
[rows 154 to 175 of 278, columns 288 to 335 of 561]
-0.6100000143051147 -0.6100000143051147 -0.6299999952316284 -0.6500000953674316 -0.6000000238418579 -0.5500000715255737 -0.5099999904632568 -0.6600000858306885 -0.5137588977813721 -0.5137588977813721 -0.49375879764556885 -0.5337588787078857 -0.5637588500976562 -0.5037589073181152 -0.233758807182312 -0.5937588214874268 -0.5937588214874268 -0.43375885486602783 0.011676311492919922 0.0016762018203735352 0.0016762018203735352 0.0016762018203735352 -0.29832375049591064 -0.19832372665405273 -0.19832372665405273 -0.1883237361907959 -0.07832372188568115 -0.12419402599334717 -0.09419393539428711 -0.09419393539428711 -0.04419398307800293 0.12818920612335205 0.12818920612335205 0.09818923473358154 0.16818928718566895 0.2081892490386963 0.6587400436401367 0.08873999118804932 0.15874004364013672 0.15874004364013672 0.11873996257781982 0.06946229934692383 0.05946230888366699 0.25946223735809326 0.05946230888366699 0.17179453372955322 0.14179456233978271 0.14179456233978271
-0.6000000238418579 -0.6000000238418579 -0.6299999952316284 -0.3900001049041748 -0.3900001049041748 -0.3900001049041748 -0.3900001049041748 -0.3900001049041748 -0.25375890731811523 -0.25375890731811523 -0.46375882625579834 -0.5237588882446289 -0.5337588787078857 -0.5637588500976562 -0.6837588548660278 -0.41375887393951416 -0.41375887393951416 -0.37375879287719727 -0.1583237648010254 -0.10832369327545166 -0.19832372665405273 -0.22832369804382324 -0.12832379341125488 -0.20832371711730957 -0.20832371711730957 -0.13832378387451172 -0.2183237075805664 -0.2141939401626587 -0.3141939640045166 -0.1641939878463745 -0.134194016456604 -0.134194016456604 -0.02181077003479004 0.06818926334381104 0.13818931579589844 0.16818928718566895 0.07874000072479248 0.08873999118804932 0.6587400436401367 0.6587400436401367 0.6587400436401367 0.13946235179901123 0.06946229934692383 0.0894622802734375 0.09946227073669434 -0.13913094997406006 0.010869026184082031 0.010869026184082031
-0.6400001049041748 -0.6400001049041748 -0.6299999952316284 -0.6400001049041748 -0.6500000953674316 -0.6100000143051147 -0.6400001049041748 -0.6400001049041748 -0.6400001049041748 -0.5837588310241699 -0.5537588596343994 -0.483758807182312 -0.3037588596343994 -0.5337588787078857 -0.3537588119506836 -0.3037588596343994 -0.3037588596343994 -0.3037588596343994 -0.09832370281219482 -0.10832369327545166 -0.1583237648010254 -0.14832377433776855 -0.1583237648010254 -0.1583237648010254 -0.1583237648010254 -0.24832379817962646 -0.19832372665405273 -0.2361084222793579 -0.3061084747314453 -0.08610844612121582 -0.06610846519470215 -0.06610846519470215 0.047922372817993164 0.1579223871231079 0.08792233467102051 0.12792229652404785 0.6585111618041992 0.19851112365722656 0.13881170749664307 0.13881170749664307 0.12881159782409668 0.24914169311523438 0.11914169788360596 -0.23086023330688477 0.009139657020568848 -3.429999828338623 -1.5899996757507324 -1.5899996757507324
-0.6600000858306885 -0.6600000858306885 -0.5400000810623169 -0.6299999952316284 -0.6100000143051147 -0.5800000429153442 -0.6000000238418579 -0.6299999952316284 -0.6299999952316284 -0.4737588167190552 -0.44375884532928467 -0.4737588167190552 -0.49375879764556885 -0.5437588691711426 -0.25375890731811523 -0.38375890254974365 -0.38375890254974365 -0.37375879287719727 -0.10832369327545166 -0.19832372665405273 -0.10832369327545166 -0.08832371234893799 -0.1183236837387085 -0.05832374095916748 -0.05832374095916748 -0.1583237648010254 -0.09832370281219482 -0.1761084794998169 -0.22610843181610107 -0.21610844135284424 -0.2661083936691284 -0.2661083936691284 -0.12207770347595215 0.027922391891479492 0.06792235374450684 -0.052077651023864746 0.008511066436767578 0.008511066436767578 -0.44118833541870117 -0.44118833541870117 -3.8600001335144043 -4.449999928474426 -1.0299997329711914 -0.809999942779541 -1.380000114440918 -1.7699999809265137 -1.179999828338623 -1.179999828338623
-0.440000057220459 -0.440000057220459 -0.49000000953674316 -0.49000000953674316 -0.3400000333786011 -0.5400000810623169 -0.4700000286102295 -0.5 -0.5 -0.18375885486602783 -0.49375879764556885 -0.4037588834762573 -0.4037588834762573 -0.483758807182312 -0.25375890731811523 -0.5137588977813721 -0.5137588977813721 -0.4037588834762573 -0.1883237361907959 -0.2583237886428833 -0.14832377433776855 -0.09832370281219482 -0.07832372188568115 0.031676292419433594 0.031676292419433594 0.08167624473571777 0.031676292419433594 0.03389155864715576 -0.03610849380493164 -0.006108403205871582 -0.04610848426818848 -0.04610848426818848 0.017922401428222656 -0.36207759380340576 -0.3220776319503784 -0.33207762241363525 -0.6499998569488525 -0.6499998569488525 -2.630000114440918 -2.630000114440918 -1.1700000762939453 -0.8600001335144043 -0.7899999618530273 -0.7300000190734863 -0.8199996948242188 -1.1500000953674316 -0.9899997711181641 -0.9899997711181641
-0.4099999666213989 -0.4099999666213989 -0.3999999761581421 -0.3500000238418579 -0.36000001430511475 -0.4099999666213989 -0.3999999761581421 -0.4099999666213989 -0.4099999666213989 -0.3399999141693115 -0.4299999475479126 -0.44999992847442627 -0.4299999475479126 -0.5299999713897705 -0.6699999570846558 -0.5 -0.5 -0.559999942779541 -0.3299999237060547 -0.3999999761581421 -0.2799999713897705 -0.21999990940093994 -0.1985236406326294 -0.128523588180542 -0.128523588180542 -0.09852361679077148 -0.11852359771728516 -0.20575463771820068 -0.14575457572937012 0.015900611877441406 -0.08409929275512695 -0.08409929275512695 -0.002996683120727539 -0.002996683120727539 -3.5 -3.5 -1.6899998188018799 -1.4600000381469727 -1.1700000762939453 -1.1700000762939453 -0.7300000190734863 -0.619999885559082 -0.6399998664855957 -0.5 -0.559999942779541 -0.7199997901916504 -0.7999997138977051 -0.7999997138977051
-0.43999993801116943 -0.43999993801116943 -0.3999999761581421 -0.4299999475479126 -0.28999996185302734 -0.41999995708465576 -0.3999999761581421 -0.3799999952316284 -0.3799999952316284 -0.3999999761581421 -0.38999998569488525 -0.41999995708465576 -0.38999998569488525 -0.4500000476837158 -0.5900000333786011 -0.5399999618530273 -0.5399999618530273 -0.3200000524520874 -0.21999990940093994 -0.36000001430511475 -0.2999999523162842 -0.19999992847442627 -0.318523645401001 -0.318523645401001 -0.10852360725402832 -0.048523664474487305 -0.08852362632751465 -0.23000001907348633 -0.1400001049041748 -2.1100000143051147 -2.2200000286102295 -2.2200000286102295 -3.4600000381469727 -0.7800002098083496 -0.809999942779541 -0.5199999809265137 -0.559999942779541 -0.559999942779541 -0.3900003433227539 -0.3900003433227539 -0.5300002098083496 -0.619999885559082 -0.679999828338623 -0.619999885559082 -0.440000057220459 -0.5799999237060547 -0.5799999237060547 -0.8199996948242188
-0.41999995708465576 -0.43999993801116943 -0.4299999475479126 -0.31999993324279785 -0.3700000047683716 -0.1499999761581421 -0.3200000524520874 -0.3799999952316284 -0.3799999952316284 -0.3299999237060547 -0.3799999952316284 -0.38999998569488525 -0.28999996185302734 -0.48000001907348633 -0.5199999809265137 -0.559999942779541 -0.559999942779541 -0.5499999523162842 -0.3399999141693115 -0.24000000953674316 -0.3399999141693115 0 -0.14852368831634521 -0.14852368831634521 -0.06852364540100098 -0.08852362632751465 -0.20852363109588623 -0.23000001907348633 -0.21000003814697266 -2.4800000190734863 -2.89000004529953 -2.89000004529953 -0.8899998664855957 -0.19999980926513672 -0.690000057220459 -0.559999942779541 -0.36999988555908203 -0.48000001907348633 -0.3600001335144043 -0.3600001335144043 -0.32000017166137695 -0.630000114440918 -0.6399998664855957 -0.5899996757507324 -0.5499997138977051 -0.5899996757507324 -0.5899996757507324 -0.5899996757507324
-0.46000003814697266 -0.4200000762939453 -0.3400000333786011 -0.4100000858306885 -0.3500000238418579 -0.3299999237060547 -0.3700000047683716 -0.3799999952316284 -0.3799999952316284 -0.3400000333786011 -0.3700000047683716 -0.4200000762939453 -0.3400000333786011 -0.46000003814697266 -0.4099999666213989 -0.31000006198883057 -0.31000006198883057 -0.41999995708465576 -0.4099999666213989 -0.3400000333786011 -0.3299999237060547 -0.13999998569488525 -0.18999993801116943 -0.18999993801116943 -0.21000003814697266 -0.36000001430511475 -0.31000006198883057 -2.929999828338623 -1.7199997901916504 -0.75 -0.6599998474121094 -0.6599998474121094 -1.3400001525878906 -0.679999828338623 -0.690000057220459 -0.6999998092651367 -0.5499997138977051 -0.46000003814697266 -0.5 -0.5 -0.4099998474121094 -0.6500000953674316 -0.690000057220459 -0.7899999618530273 -0.929999828338623 -0.7199997901916504 -0.7199997901916504 -2.0299999713897705
-0.4700000286102295 -0.3700000047683716 -0.25 -0.20000004768371582 -0.25999999046325684 -0.16999995708465576 -0.309999942779541 -0.3399999141693115 -0.3399999141693115 -0.25999999046325684 -0.26999998092651367 -0.2900000810623169 -0.43000006675720215 -0.4500000476837158 -0.3400000333786011 -0.41999995708465576 -0.41999995708465576 -0.33000004291534424 -0.31999993324279785 -0.2999999523162842 -0.25999999046325684 -0.18999993801116943 -2.9700000286102295 -2.9700000286102295 -3.190000057220459 -4.25 -2.509999990463257 -1.1100001335144043 -1.8999998569488525 -0.6100001335144043 -0.690000057220459 -0.690000057220459 -0.48000001907348633 -0.6399998664855957 -0.5299997329711914 -0.5099997520446777 0 -0.25999975204467773 -0.36999988555908203 -0.36999988555908203 -0.48999977111816406 -0.6500000953674316 -0.679999828338623 -0.75 -1.8199999332427979 0 0 -1.239999771118164
-0.5300000905990601 -0.3700000047683716 -0.4500000476837158 -0.15000009536743164 -0.16999995708465576 -0.36000001430511475 -0.24000000953674316 -0.23000001907348633 -0.23000001907348633 -0.2200000286102295 -0.31000006198883057 -0.23000001907348633 -0.30000007152557373 -0.19000005722045898 -0.2999999523162842 -0.4700000286102295 -0.4700000286102295 -0.3200000524520874 -0.039999961853027344 -0.25 -0.5299999713897705 -0.3400000333786011 -3.190000057220459 -3.190000057220459 -3.0399999618530273 -2.4700000286102295 -2.940000057220459 -0.9699997901916504 -0.8299999237060547 -0.5900001525878906 -0.7300000190734863 -0.7300000190734863 -0.559999942779541 -0.5499997138977051 -0.5699996948242188 -0.6500000953674316 -0.46000003814697266 -0.440000057220459 -0.440000057220459 -0.440000057220459 -0.5099997520446777 -0.7599997520446777 -0.6999998092651367 -2.109999895095825 -1.6999998092651367 -1.3299999237060547 -1.3299999237060547 -1.0399999618530273
-3.53000009059906 -3.130000114440918 -0.3500000238418579 -0.3500000238418579 -0.5399999618530273 -0.5500000715255737 -0.3500000238418579 -0.3500000238418579 -0.3500000238418579 -0.31000006198883057 -0.31000006198883057 -0.690000057220459 -0.690000057220459 -1.9200000762939453 -1.9200000762939453 -2.5799999237060547 -2.5799999237060547 -2.669999897480011 -3.67000013589859 -1.6600000858306885 -1.809999942779541 -1 -0.869999885559082 -0.869999885559082 -0.6700000762939453 -0.6100001335144043 -2.8499999046325684 -0.559999942779541 0 -0.48999977111816406 -0.6599998474121094 -0.6599998474121094 -0.34999990463256836 -0.7599997520446777 -0.7300000190734863 -0.32000017166137695 -0.9499998092651367 -0.7399997711181641 -0.7399997711181641 -0.7899999618530273 -2.0799999237060547 -1.6399998664855957 -0.7699999809265137 -1.489999771118164 -1.6599998474121094 -0.5099997520446777 -0.5099997520446777 -0.7399997711181641
-1.2899999618530273 -1.2100000381469727 -1.3999998569488525 -2.6499998569488525 -3.0099997520446777 -1.9199998378753662 -1.7599997520446777 -1.440000057220459 -1.440000057220459 -3.3299999237060547 -2.759999990463257 -2.4200000762939453 -1.5699996948242188 -2.5899999141693115 -1.2300000190734863 -1.2300000190734863 -1.059999942779541 -0.7799997329711914 -2.190000057220459 -1.25 -0.9600000381469727 -0.8400001525878906 -1.1500000953674316 -1.1500000953674316 -0.48000001907348633 -0.570000171661377 -0.6700000762939453 -0.5900001525878906 -0.5 -0.7300000190734863 -0.5900001525878906 -0.5900001525878906 -0.559999942779541 -0.6700000762939453 -0.679999828338623 -0.7599997520446777 -0.8499999046325684 -0.21000003814697266 -0.21000003814697266 -1.0999999046325684 -0.6999998092651367 -0.7899999618530273 -0.809999942779541 -1.3499999046325684 -0.9499998092651367 -0.75 -0.75 -0.7300000190734863
-0.5999999046325684 -0.559999942779541 -0.8199996948242188 -0.3899998664855957 -1.1399998664855957 -1.1500000953674316 -1.1500000953674316 -0.9899997711181641 -0.9899997711181641 -0.9000000953674316 -0.940000057220459 -0.8600001335144043 -0.7899999618530273 -0.7300000190734863 -0.929999828338623 -0.929999828338623 0 -0.48999977111816406 -0.6999998092651367 -0.75 -0.5900001525878906 -0.6399998664855957 -0.6100001335144043 -0.6100001335144043 -0.5 -0.570000171661377 -0.38000011444091797 -0.5099997520446777 -0.6599998474121094 -0.5799999237060547 0 0 -0.5499997138977051 -0.75 0 -1.7699999809265137 0 -0.21000003814697266 -0.21000003814697266 -0.809999942779541 -0.7999997138977051 -0.6700000762939453 -0.9600000381469727 -0.9000000953674316 -0.8299999237060547 -0.7599997520446777 -0.7599997520446777 -0.619999885559082
-0.440000057220459 -0.690000057220459 -0.7599997520446777 -0.019999980926513672 -0.9499998092651367 -0.820000171661377 -0.809999942779541 -0.880000114440918 -0.880000114440918 -0.7899999618530273 -0.9200000762939453 -0.9200000762939453 0 -0.6999998092651367 -1.5399999618530273 -1.5399999618530273 -1.2699999809265137 -0.8600001335144043 -0.6700000762939453 -0.570000171661377 -0.5499997138977051 -0.6500000953674316 -0.6999998092651367 -0.6999998092651367 -0.4699997901916504 -0.5299997329711914 -0.309999942779541 -0.48999977111816406 -0.5199999809265137 -0.7699999809265137 -0.7699999809265137 -0.7699999809265137 -0.7599997520446777 -2.0399999618530273 -1.059999942779541 -0.7799997329711914 -0.690000057220459 -0.7899999618530273 -0.7899999618530273 -0.8299999237060547 -0.940000057220459 -0.8400001525878906 -0.940000057220459 -1.0799999237060547 -0.9499998092651367 -1.049999713897705 -1.049999713897705 -0.8299999237060547
-0.5199999809265137 -0.7899999618530273 -0.690000057220459 -0.5499997138977051 -0.6999998092651367 -0.630000114440918 -0.619999885559082 -0.880000114440918 -0.880000114440918 -0.8299999237060547 -0.7899999618530273 -0.820000171661377 -0.6599998474121094 -0.8400001525878906 -0.9800000190734863 -0.9800000190734863 -1.320000171661377 0 -0.559999942779541 -0.6399998664855957 -0.809999942779541 -0.5299997329711914 -0.630000114440918 -0.630000114440918 0 -0.5399999618530273 -0.5999999046325684 -0.8899998664855957 -0.8400001525878906 -2.0299999713897705 0 0 -1.429999828338623 -1.3400001525878906 -0.9099998474121094 -0.8499999046325684 -0.679999828338623 -0.880000114440918 -0.880000114440918 -0.6999998092651367 -0.880000114440918 -0.9600000381469727 -0.880000114440918 -0.21000003814697266 -1.070000171661377 -0.809999942779541 -0.809999942779541 -0.7199997901916504
-1.119999885559082 -1.1399998664855957 -1.0099997520446777 -0.9899997711181641 -1.0799999237060547 -0.4099998474121094 -0.9399995803833008 -1.0999999046325684 -1.0999999046325684 -0.7300000190734863 -0.9000000953674316 -0.09000015258789062 -0.09000015258789062 -0.630000114440918 -0.6399998664855957 -0.6399998664855957 -0.619999885559082 -0.5999999046325684 -0.8299999237060547 -0.7599997520446777 -0.820000171661377 -0.75 -0.5099997520446777 -0.5099997520446777 -0.7100000381469727 -0.75 -0.5799999237060547 -0.630000114440918 -2.179999828338623 -1.619999885559082 -0.48000001907348633 -0.48000001907348633 -1.5900001525878906 -1.6599998474121094 -0.8600001335144043 -0.6700000762939453 -0.6999998092651367 -0.6999998092651367 -0.6999998092651367 -0.7699999809265137 -0.7699999809265137 -0.4200000762939453 -0.5299997329711914 -0.34999990463256836 -0.75 -0.9499998092651367 -0.9499998092651367 -0.8499999046325684
-1.239999771118164 -1.169999599456787 -1.049999713897705 -0.9399995803833008 -0.9599995613098145 -0.9899997711181641 -0.8899998664855957 -0.9399995803833008 -0.9399995803833008 -0.6600003242492676 -0.9000000953674316 -0.09000015258789062 -0.7400002479553223 -0.5999999046325684 -0.7400002479553223 -0.7400002479553223 -0.619999885559082 -0.869999885559082 -0.559999942779541 0 -0.559999942779541 -0.6100001335144043 -0.5499997138977051 -0.5499997138977051 -0.7599997520446777 -0.7199997901916504 -1.7699999809265137 0 0 -1.0099997520446777 -1.0099997520446777 -1.1399998664855957 -1.1999998092651367 -0.9699997901916504 -0.8499999046325684 -0.75 -0.7999997138977051 -0.7999997138977051 -0.7999997138977051 -0.679999828338623 -0.8400001525878906 -0.5199999809265137 -0.690000057220459 -0.7100000381469727 -0.7799997329711914 -0.7399997711181641 -0.7399997711181641 -0.8299999237060547
-0.9800000190734863 -0.9199995994567871 -0.9399995803833008 -1.0399999618530273 -1.0299997329711914 -1.0299997329711914 -0.869999885559082 -0.869999885559082 -0.4099998474121094 -0.7100000381469727 -0.7000002861022949 -0.8499999046325684 -0.8000001907348633 -0.9000000953674316 -0.9900002479553223 -0.9900002479553223 -0.7200002670288086 -0.8499999046325684 -0.6999998092651367 -0.7199997901916504 -0.8499999046325684 -0.7599997520446777 -0.11999988555908203 -0.11999988555908203 -1.5399999618530273 -1.3899998664855957 -1.190000057220459 -0.7100000381469727 -0.7300000190734863 -0.5799999237060547 -0.5799999237060547 -0.6599998474121094 -0.7100000381469727 -0.2799997329711914 -0.7300000190734863 -0.7599997520446777 -0.820000171661377 -0.7399997711181641 -0.7399997711181641 -0.9899997711181641 -0.9099998474121094 -0.7300000190734863 -0.690000057220459 -0.8899998664855957 -0.5999999046325684 -0.5199999809265137 -0.5199999809265137 -0.5499997138977051
-1.0099997520446777 -0.9599995613098145 -1.0199999809265137 -0.9499998092651367 -0.9599995613098145 -1.0099997520446777 -1 -1 -0.9800000190734863 -0.7000002861022949 -0.5300002098083496 -0.8400001525878906 -0.7000002861022949 -0.869999885559082 -0.5199999809265137 -0.5199999809265137 -0.820000171661377 -0.690000057220459 -0.5099997520446777 -0.7399997711181641 -0.7799997329711914 -2.0799999237060547 -1.7899999618530273 -1.7899999618530273 -2.009999990463257 -2.1000001430511475 -1.6700000762939453 -1.869999885559082 -0.6399998664855957 -0.36999988555908203 -0.36999988555908203 -0.3400001525878906 -0.570000171661377 -0.48999977111816406 -0.5499997138977051 -0.5900001525878906 -0.6100001335144043 -0.570000171661377 -0.570000171661377 -0.6500000953674316 -0.75 -0.7999997138977051 -0.5999999046325684 -0.5 -0.6399998664855957 -0.5499997138977051 -0.5499997138977051 0
-0.8899998664855957 -0.869999885559082 -1.049999713897705 -0.809999942779541 -0.9499998092651367 -0.9399995803833008 -0.9399995803833008 -0.9399995803833008 -0.9899997711181641 -0.7200002670288086 -0.09000015258789062 -0.8499999046325684 -0.820000171661377 -0.9100003242492676 -0.8899998664855957 -0.8899998664855957 -1.0399999618530273 -1.940000057220459 -1.5399999618530273 -0.7399997711181641 -1.3899998664855957 -0.7599997520446777 -0.559999942779541 -0.559999942779541 -1.25 -1.619999885559082 -1.299999713897705 -0.7100000381469727 -0.630000114440918 -0.690000057220459 -0.690000057220459 -0.5499997138977051 -0.570000171661377 -0.5399999618530273 -0.4499998092651367 -0.559999942779541 -0.5099997520446777 -0.5399999618530273 -0.5399999618530273 -0.32000017166137695 -0.48999977111816406 -0.6399998664855957 -0.6399998664855957 -0.679999828338623 -0.9200000762939453 -1.1999998092651367 -1.1999998092651367 -1.7899999618530273
-0.4099998474121094 -0.9199995994567871 -1.0799999237060547 -0.929999828338623 -1 -0.9599995613098145 -1.0099997520446777 -1.0099997520446777 -1.239999771118164 -0.940000057220459 -0.8400001525878906 -0.09000015258789062 -0.3000001907348633 -2.0199999809265137 -2.320000171661377 -2.320000171661377 -0.880000114440918 -0.09000015258789062 0 -0.6399998664855957 -0.48999977111816406 -0.679999828338623 -0.5299997329711914 -0.5299997329711914 -0.6599998474121094 -1.1599998474121094 -1.2300000190734863 0 -0.679999828338623 -0.6599998474121094 -0.6599998474121094 -0.4699997901916504 -0.48000001907348633 -0.5299997329711914 -0.5299997329711914 -0.2999997138977051 -0.559999942779541 -0.5499997138977051 -0.5499997138977051 -0.559999942779541 -0.5999999046325684 -0.6599998474121094 -0.869999885559082 -1.179999828338623 -4.25 -4.0899999141693115 -4.0899999141693115 -4.309999942779541
