SimulationData/Scenarios/Waterwolf/Flooding/Uitdammerdijk/720.asc
ncols        561
nrows        278
xllcorner    4.817258165162
yllcorner    52.370746892638
cellsize     0.000511251697
NODATA_value  -9999
[rows 22 to 43 of 278, columns 240 to 287 of 561]
-0.48000001907348633 -1.0600000023841858 -1.1700000166893005 -1.3700000047683716 -1.3700000047683716 -0.6599999666213989 -0.6899999380111694 -0.5899999737739563 -0.6299999952316284 -1.1299999356269836 0 -0.7599999904632568 -0.7599999904632568 -1.0299999713897705 -0.4099999666213989 -0.21999996900558472 -0.3699999451637268 -0.309999942779541 -0.2200000286102295 -0.2200000286102295 -0.3100000023841858 0 -0.3599998950958252 -3.6399999856948853 -0.7599999904632568 -0.3999999761581421 -0.4700000286102295 -0.4700000286102295 -0.9599999189376831 -0.8799999356269836 0 -1.2299998998641968 -0.9599999189376831 -0.9499999284744263 -1.2799999713897705 -1.2799999713897705 -1.009999930858612 -0.9899999499320984 -0.8999999165534973 -0.85999995470047 -1.019999921321869 -0.040000081062316895 -0.040000081062316895 -0.8799999952316284 -1.0400000214576721 -0.9399999976158142 -1.1299999356269836 -1.3799999356269836
-0.13999998569488525 -1.7100000083446503 -1.5399999916553497 -1.6299999952316284 -1.6299999952316284 -0.6299999952316284 -1.1099999845027924 -0.8899999856948853 -0.6899999976158142 -1.1499999463558197 0 -1.259999930858612 -1.259999930858612 -0.9399999380111694 -0.31999993324279785 -0.5899999439716339 -0.15999996662139893 -0.7599999606609344 -0.9099999666213989 -0.9099999666213989 -1.1299999356269836 0 -1.599999949336052 0 -1.2999999523162842 -0.35999995470046997 -0.04999995231628418 -0.04999995231628418 -1.019999921321869 0 -1.2999999523162842 -1.1199999451637268 -0.7999999523162842 -1.0299999713897705 -1.0299999713897705 -0.8999999165534973 -0.9899999499320984 -1.0799999237060547 -0.9599999189376831 0 -0.6799999475479126 -1.2300000190734863 -1.2300000190734863 -1.7800000309944153 -1.7800000309944153 -1.7800000309944153 -1.7499999441206455 -1.0999999642372131
-1.4500000178813934 -1.4900000095367432 -1.3299999833106995 -1.520000010728836 -1.520000010728836 -1.2900000214576721 -1.5999999940395355 -1.449999988079071 -1.6500000059604645 -1.339999943971634 0 -0.25 -0.25 -0.1127399206161499 -1.1899999380111694 -1.2899999618530273 -1.339999943971634 -0.5199999809265137 -1.1100000143051147 -1.1100000143051147 -0.9399999976158142 -1.029972791671753 -0.8999727368354797 0 -1.0699999332427979 -1.1699999570846558 -1.0699999332427979 -1.0699999332427979 -0.9999999403953552 -1.0499999523162842 -1.1999999284744263 -1.2799999713897705 -1.3099999725818634 -1.2799999713897705 -1.2799999713897705 -1.019999921321869 -0.9099999666213989 -0.8799999356269836 -0.9199999570846558 0 -1.339999943971634 -0.8300000429153442 -0.8300000429153442 -1.0100000500679016 -1.0100000500679016 -1.0100000500679016 -0.1199999451637268 -0.07999998331069946
-1.6300000250339508 -1.2599999904632568 -1.5 -1.6700000166893005 -1.6700000166893005 -1.719999998807907 -1.4600000083446503 -1.2799999713897705 -1.5099999904632568 -0.9999999403953552 -0.9099999666213989 -0.25 -0.25 -0.5399999618530273 -0.8699999451637268 -0.5099999904632568 -0.6899999380111694 0 -4.899999976158142 -4.899999976158142 -0.05000007152557373 -1.3999727666378021 -1.4199727475643158 -1.4699999392032623 -1.0299999713897705 -1.059999942779541 -0.9199999570846558 -1.159999966621399 -1.2299998998641968 -0.8299999237060547 -1.1199999451637268 -1.3099999725818634 -1.1799999475479126 -1.2599999904632568 -1.2599999904632568 -1.2399998903274536 -1.1399999260902405 -0.85999995470047 -0.9999999403953552 -1.6599999368190765 -1.6599999368190765 -1.0100000500679016 -1.0100000500679016 -0.7500000298023224 -0.64000004529953 -0.5600000619888306 -0.37999993562698364 -0.4399999976158142
0 -1.4800000190734863 -1.520000010728836 -1.3100000023841858 -1.3100000023841858 -1.6800000071525574 -1.4000000059604645 -0.8700000047683716 -0.5 -0.809999942779541 -1.469999998807907 -0.25 -0.25 -4.4700000286102295 -0.559999942779541 0 -0.010000109672546387 -1.3100000619888306 -1.2799999713897705 -1.2799999713897705 -1.3199999332427979 -0.570000022649765 -0.12000000476837158 -1.3499999344348907 -1.4199999570846558 -0.8999999165534973 0 0 -0.9499999284744263 -1.1899999380111694 -0.9199999570846558 -1.059999942779541 -0.8399999141693115 -1.209999918937683 -1.209999918937683 -0.7599999904632568 -0.85999995470047 -0.31999993324279785 -1.3099999725818634 -0.7999999523162842 -1.6599999368190765 -0.040000081062316895 -0.040000081062316895 -0.10000002384185791 -0.2800000309944153 -0.4100000858306885 -0.15999996662139893 -0.42000001668930054
-1.2499994039535522 -1.3999994099140167 -0.08000004291534424 -0.3700000047683716 -0.3700000047683716 -1.5 -5.080000042915344 -4.610000014305115 -1.0400000214576721 0 0 0 0 -0.8899999260902405 -0.7999999523162842 -1.2899999618530273 -0.13999992609024048 -0.47999995946884155 -0.5700000524520874 -0.5700000524520874 -0.1899999976158142 -0.3799999952316284 -0.7100000083446503 -1.6199999451637268 -1.10999995470047 -0.9699999690055847 -1.1899999380111694 -1.1899999380111694 -1.3499999344348907 -1.0299999713897705 -0.9499999284744263 -1.009999930858612 -0.9899999499320984 -1.0399999618530273 -1.0399999618530273 -1.2499999403953552 0 -0.949999988079071 -0.9799999594688416 -1.0399999618530273 -0.8799999952316284 -0.8199999332427979 -0.8199999332427979 -1.009999930858612 -1.2899999618530273 -1.0499999523162842 -1.009999930858612 -1.2499999403953552
-3.7899999618530273 -0.11000001430511475 -0.23000001907348633 -0.7699999809265137 -0.7699999809265137 -0.7799999713897705 -0.9600000381469727 -0.4099999666213989 -0.4099999666213989 -0.440000057220459 -0.4700000286102295 -0.4700000286102295 -1.3299999386072159 0 -0.4899998903274536 -0.2799999713897705 -1.0299999713897705 -1.3199999630451202 -0.3199999928474426 -0.3199999928474426 -0.4100000262260437 -0.2900000214576721 -0.3100000023841858 -0.8799999356269836 -1.339999943971634 0 -1.0299999713897705 -1.0299999713897705 -0.809999942779541 -1.0499999523162842 -1.1799999475479126 -1.2999999523162842 -0.8499999642372131 -0.41999995708465576 -0.41999995708465576 0 -1.1299999952316284 -0.7699999809265137 -0.9800000190734863 -0.559999942779541 -0.6899999976158142 -0.6899999380111694 -0.6899999380111694 -1.2799999713897705 -1.009999930858612 -0.9499999284744263 -0.9899999499320984 -1.1299999356269836
-0.6599999666213989 -1.0700000524520874 -0.8899999856948853 -0.8899999856948853 -0.8899999856948853 -0.6100000143051147 -1 -0.32999998331069946 -0.4700000286102295 -0.3399999737739563 -0.12999999523162842 -0.12999999523162842 -0.9399999380111694 0 -1.68999994546175 0 -1.10999995470047 -1.0399999618530273 -0.25999999046325684 -0.25999999046325684 -0.3700000047683716 -0.3100000023841858 -0.5800000429153442 -1.2399999499320984 -0.8899999260902405 0 0 0 0 -0.8999999165534973 -0.7699999809265137 -0.9599999189376831 -1.4399999380111694 0 0 -0.9799999594688416 -1.0499999523162842 -1.0199999809265137 -0.9800000190734863 -0.8899999856948853 -1.6499999854713678 -1.10999995470047 -1.10999995470047 -0.809999942779541 -0.7699999809265137 0 -0.019999980926513672 -1.7799999434500933
-0.8700000047683716 -1.1299999952316284 -0.9900000095367432 -1.090000033378601 -1.090000033378601 -0.3699999451637268 -0.3399999737739563 -0.26999998092651367 -0.31999993324279785 -0.25 -0.5099999904632568 -0.5099999904632568 -0.7899999618530273 0 -3.2799999713897705 -1.1999999284744263 -0.2600000500679016 -0.18000006675720215 -0.2800000309944153 -0.2800000309944153 -0.0700000524520874 -0.12999999523162842 -0.30000001192092896 -0.8699999451637268 -1.1499999165534973 -1.1399999260902405 -1.1399999260902405 0 0 0 0 0 0 -0.8399999141693115 -0.8399999141693115 -1.1999999284744263 -0.9299999475479126 -0.1600000262260437 -0.18000006675720215 -0.39000004529953003 -0.5700000524520874 -0.8899999931454659 -0.8899999931454659 -0.5699999928474426 -1.8899999484419823 0 -1.4600000381469727 -2.310000032186508
0 -0.7899999618530273 -0.8500000238418579 -0.8999999761581421 -0.8999999761581421 -0.24000000953674316 -0.1499999761581421 -0.2999999523162842 -0.5699999332427979 -0.12000000476837158 -0.2099999189376831 -0.2099999189376831 -0.9599999189376831 -1.4165469408035278 -1.3161509484052658 -3.009999990463257 -1.75 -0.6900000274181366 -0.3500000238418579 -0.3500000238418579 -0.2200000286102295 -0.5700000524520874 -0.2900000214576721 -1.3099999725818634 -0.9299999475479126 -0.9199999570846558 -0.9199999570846558 -1.0299999713897705 0 0 0 -0.6499999761581421 -0.75 -1.0499999523162842 -1.0499999523162842 -1.0499999523162842 -1.10999995470047 -0.2800000309944153 -0.33000004291534424 -0.7300000488758087 -1.2100000530481339 -2.0300000458955765 -2.0300000458955765 -1.0700000524520874 -2.0200000405311584 -3.531690001487732 -3.290000021457672 -9999
0 -0.9700000286102295 -0.8799999952316284 -0.8600000143051147 -0.8600000143051147 -0.1799999475479126 -0.28999996185302734 -0.31999993324279785 -0.32999998331069946 -0.35999995470046997 -1.2499999478459358 -1.2499999478459358 0 -1.4746218398213387 0 -3.069999933242798 -0.48000001907348633 -0.1899999976158142 -0.4500000476837158 -0.4500000476837158 -0.4599999785423279 -0.36000001430511475 -0.4599999785423279 -1.159999966621399 -1.159999966621399 -1.0499999523162842 -1.0499999523162842 -1.10999995470047 -1.059999942779541 -0.8899999260902405 0 0 -0.9199999570846558 -1.1299999356269836 -1.1299999356269836 -1.3599999248981476 -0.8199999332427979 -0.32999998331069946 -0.38999998569488525 -0.3200000524520874 -0.48000001907348633 -0.48000001907348633 -0.9699999690055847 0 -2.4800000190734863 -0.13000011444091797 -9999 -9999
-1.6700000166893005 -1.2599999904632568 -1.1700000762939453 -1.4300000667572021 -1.4300000667572021 -1.3899999856948853 -1.7200000286102295 -1.6200000047683716 -1.3100000619888306 -0.060000061988830566 -0.27000004053115845 -0.27000004053115845 -0.7899999618530273 -0.9099999666213989 0 -1.809999942779541 -1.929999940097332 -1.0299999713897705 -0.3399999737739563 -0.3399999737739563 -0.4500000476837158 -0.43999993801116943 -0.13999998569488525 -0.26999998092651367 -0.570000022649765 -0.3700000047683716 -0.3700000047683716 -0.25999999046325684 -1.139930546283722 -1.2999305725097656 -0.6599305868148804 -1.179930567741394 -1.3199999630451202 -1.2599999904632568 -1.2599999904632568 -1.2999999523162842 -1.2399999499320984 0 -0.19999992847442627 -0.4200000762939453 -0.36000001430511475 -0.36000001430511475 -0.8299999237060547 -1.309999942779541 -3.759999990463257 -9999 -9999 -9999
-1.6100000143051147 0 0 0 -1.340000033378601 -1.7400000095367432 -1.3700000047683716 -1.4000000953674316 -1.28000009059906 -0.22999995946884155 -0.38999998569488525 -0.38999998569488525 -0.5299999713897705 -0.5699999332427979 0 -1.009999930858612 0 -1.2799999713897705 -0.20999997854232788 -0.20999997854232788 -0.26999998092651367 -0.12999999523162842 -0.21999996900558472 -0.40000003576278687 -0.38999998569488525 -0.25999999046325684 -0.25999999046325684 -0.36000001430511475 -1.0999305844306946 -0.7599306106567383 -1.129930555820465 -1.0599305629730225 -1.1299999356269836 -1.0299999713897705 -1.0299999713897705 -1.339999943971634 -0.7099999189376831 -0.1600000262260437 -0.4700000286102295 -0.8999999165534973 -1.2399998903274536 -1.2399998903274536 -2.039999946951866 -1.309999942779541 -9999 -9999 -9999 -9999
-0.8999999761581421 -0.029999971389770508 -1.5099999904632568 -1.5099999904632568 -1.350000023841858 -1.4700000286102295 -0.3299999237060547 -0.029999971389770508 -1.3300000429153442 -1.5 -1.3600000143051147 -1.3600000143051147 -1.5699999928474426 -1.6100000143051147 -1.1699999570846558 0 -0.7799999713897705 -0.41999995708465576 -1.25 -1.25 -1.2299998998641968 -1.019999921321869 -0.9899999499320984 -1.25 -0.9499999284744263 -1.3499999344348907 -1.3499999344348907 -2.059999942779541 0 -1.1799999475479126 -1.0999999642372131 -1.25 -1.2999999523162842 -1.0499999523162842 -1.0499999523162842 -1.1999999284744263 -0.8699999451637268 -0.3800000548362732 -0.46000003814697266 -0.9899999499320984 -1.2999999523162842 -1.2999999523162842 0 -9999 -9999 -9999 -9999 -9999
-0.029999971389770508 -0.5399999618530273 -1.7200000286102295 -1.7200000286102295 -1.5400000214576721 -1.2000000476837158 -1.4900000095367432 -1.5 -0.6200000047683716 -0.019999980926513672 -1.3700000047683716 -1.3700000047683716 -1.659999966621399 -1.409999966621399 -0.7599999308586121 0 -0.9299999475479126 -1.7699999436736107 -1.7699999436736107 -1.1999999284744263 -1.25 -1.1999999284744263 -1.2599999904632568 -1.1399999260902405 -1.329999953508377 -1.3499999344348907 -1.3499999344348907 -0.6899999380111694 -0.9299999475479126 -1.6699999421834946 -1.1899999380111694 -1.259999930858612 -1.1299999356269836 -1.0499999523162842 -1.0499999523162842 -1.0299999713897705 -0.9299999475479126 -0.5 -0.4500000476837158 0 -1.309999942779541 -1.309999942779541 -9999 -9999 -9999 -9999 -9999 -9999
-0.029999971389770508 -1.350000023841858 -1.6200000047683716 -1.6200000047683716 -1.7300000190734863 -1.4300000667572021 -1.7100000381469727 -1.7400000095367432 -1.7599999904632568 -1.4300000667572021 -0.1400001049041748 -0.1400001049041748 -1.2899999618530273 -1.440000057220459 -1.7000000476837158 -0.9100000858306885 -1.269999921321869 0 0 -1.1399999260902405 -1.2899999618530273 -1.3199999630451202 -0.9499999284744263 -0.9399999380111694 -1.009999930858612 0 0 -0.8899999260902405 -1.0499999523162842 -1.2799999713897705 -1.0299999713897705 -0.8499999642372131 -1.0799999237060547 -1.0999999642372131 -1.0999999642372131 -0.9699999690055847 -1.2899999618530273 -1.159999966621399 0 -1.309999942779541 -9999 -9999 -9999 -9999 -9999 -9999 -9999 -9999
-1.690000057220459 -1.550000011920929 -0.029999971389770508 -0.029999971389770508 -1.5600000023841858 -1.5600000023841858 -1.7699999809265137 -1.4800000190734863 -1.399999976158142 -1.5300000309944153 -1.350000023841858 -1.350000023841858 -1.190000057220459 -0.5800000429153442 -1.440000057220459 -1.350000023841858 -0.25 -2.10999995470047 -2.10999995470047 -0.7099999189376831 -0.8999999165534973 -0.8999999165534973 -0.9399999380111694 -0.9199999570846558 0 0 0 0 -0.8799999356269836 -1.1299999356269836 -1.019999921321869 -1.0799999237060547 -0.12999999523162842 -0.12999999523162842 -0.48000001907348633 -0.47999995946884155 -0.6199999451637268 -1.2399999499320984 -2.0099999457597733 -0.7000000029802322 -9999 -9999 -9999 -9999 -9999 -9999 -9999 -9999
-1.6399999856948853 -0.9900000095367432 -0.029999971389770508 -0.029999971389770508 -1.409999966621399 -1.4199999570846558 -1.5 -1.7400000095367432 -1.5099999904632568 -1.290000081062317 -1.7000000476837158 -1.7000000476837158 -0.6800000667572021 -0.48000001907348633 -1.7300000190734863 -2.150000035762787 -0.25 0 0 -0.9799999594688416 -1.0799999237060547 -1.329999953508377 -0.8899999260902405 -1.1699999570846558 -0.16790997982025146 0 0 -0.8399999141693115 0 -0.7999999523162842 -1.0899999141693115 -1.21999990940094 -0.12999999523162842 -0.12999999523162842 -0.12000000476837158 -0.6799999475479126 -0.5099999308586121 0 -1.309999942779541 -9999 -9999 -9999 -9999 -9999 -9999 -9999 -9999 -9999
-1.3899999856948853 -0.029999971389770508 -1.1399999856948853 -1.1399999856948853 -1.7400000095367432 -1.7300000190734863 -1.3200000524520874 -1.399999976158142 -1.4700000286102295 -1.7599999904632568 -1.25 -1.25 -0.9800000190734863 -1.7599999904632568 -0.49000000953674316 -0.6700000762939453 -0.25 -1.309999942779541 -1.309999942779541 -0.2799999713897705 -0.9599999189376831 -0.9399999380111694 -0.9199999570846558 -1.059999942779541 -0.9599999189376831 -0.9499999284744263 -0.9499999284744263 -1.0299999713897705 -1.1799999475479126 -0.8999999165534973 -0.9599999189376831 -0.9999999403953552 0 0 -1.2399998903274536 -1.1499999165534973 -1.9499999433755875 -1.309999942779541 -9999 -9999 -9999 -9999 -9999 -9999 -9999 -9999 -9999 -9999
-2.840000033378601 -1.2599999904632568 -3.100000023841858 -3.100000023841858 -2.4600000381469727 -2.6100000143051147 -2.700000047683716 -2.8300000429153442 -2.75 -1.4000000953674316 -0.8700000047683716 -0.8700000047683716 -1.7400000095367432 -1.4800000190734863 -0.16999995708465576 -0.5800000429153442 0 -1.009999930858612 -1.009999930858612 0 -1.2399998903274536 -0.059999942779541016 -0.1199999451637268 -1.4699999392032623 -1.1199999451637268 -1.2399998903274536 -1.2399998903274536 -0.9499999284744263 -0.5000000596046448 -0.5400000214576721 -0.5800000429153442 -0.42000001668930054 -0.7699999809265137 -0.7699999809265137 -1.2799999713897705 0 -1.309999942779541 -9999 -9999 -9999 -9999 -9999 -9999 -9999 -9999 -9999 -9999 -9999
-2.9700000286102295 -2.5800000429153442 -2.9700000286102295 -2.9700000286102295 -1.2599999904632568 -2.6100000143051147 -2.800000011920929 -2.7100000381469727 -2.9600000381469727 -0.5 -0.5 -1.3700000047683716 -1.5400000214576721 -1.340000033378601 -0.3299999237060547 -0.15999996662139893 -0.9099999666213989 0 0 -0.41999995708465576 -1.1399999856948853 -0.5799999833106995 -0.07999998331069946 -1.429999977350235 -1.019999921321869 -1.2499999403953552 -1.2499999403953552 -0.9199999570846558 -0.5400000214576721 -0.6100000143051147 -0.7300000190734863 -0.7200000286102295 -1.059999942779541 -1.059999942779541 0 -0.6000000238418579 -9999 -9999 -9999 -9999 -9999 -9999 -9999 -9999 -9999 -9999 -9999 -9999
-2.7800000309944153 -2.950000047683716 -1.3399999141693115 -1.3399999141693115 -1.8899999856948853 -2.950000047683716 -2.950000047683716 -2.690000057220459 -2.9800000190734863 0 0 -1.5300000309944153 -1.7400000095367432 -1.5400000214576721 -0.48000001907348633 -0.2799999713897705 -0.5399999618530273 0 0 -1.0299999713897705 -1.2399999499320984 -0.1899999976158142 -0.4399999976158142 -1.059999942779541 -1.159999966621399 -1.329999953508377 -1.329999953508377 -1.0799999237060547 -0.64000004529953 -0.7200000286102295 -0.6800000667572021 -0.9200000464916229 -1.2299998998641968 -1.2299998998641968 -1.5499999523162842 -2.5 -9999 -9999 -9999 -9999 -9999 -9999 -9999 -9999 -9999 -9999 -9999 -9999
