SimulationData/Scenarios/Waterwolf/Flooding/Uitdammerdijk/720.asc
ncols        561
nrows        278
xllcorner    4.817258165162
yllcorner    52.370746892638
cellsize     0.000511251697
NODATA_value  -9999
[rows 110 to 131 of 278, columns 48 to 95 of 561]
-0.8200000524520874 -1.8600000441074371 -0.6899999976158142 -1.370000034570694 -3.6100001335144043 0 -0.23000001907348633 0 0 -0.3700000047683716 -0.33000004291534424 -0.36000001430511475 -0.25999999046325684 -0.2200000286102295 -0.1700000762939453 -0.1700000762939453 -0.13999998569488525 -0.08000004291534424 -0.20000004768371582 -0.19000005722045898 -0.23000001907348633 -0.21000003814697266 -0.19000005722045898 -0.19000005722045898 -0.3200000524520874 -0.2900000810623169 -0.25 -0.13999998569488525 -0.15999996662139893 -0.08000004291534424 -0.08000004291534424 -0.11000001430511475 -0.2200000286102295 -0.1499999761581421 -0.1700000762939453 -0.6899999976158142 -0.7099999785423279 -0.6000000238418579 -0.6000000238418579 -0.4299999475479126 -0.5899999141693115 -0.8399999737739563 -0.9199999570846558 -0.7699999809265137 -1.0799999833106995 -0.3399999141693115 -0.3399999141693115 -0.6399999856948853
-1.5400000363588333 -0.10000002384185791 -0.9800000488758087 -2.4100000262260437 -2.680000066757202 -0.440000057220459 -0.40000009536743164 -0.40000009536743164 0 -0.3700000047683716 -0.24000000953674316 -0.3200000524520874 -0.26999998092651367 -0.31000006198883057 -0.25999999046325684 -0.25999999046325684 -0.31000006198883057 -0.009999990463256836 -0.24000000953674316 -0.28000009059906006 -0.2900000810623169 -0.24000000953674316 -0.2700001001358032 -0.2700001001358032 -0.23000001907348633 -0.08000004291534424 -0.25 -0.18000006675720215 -0.24000000953674316 -0.26999998092651367 -0.26999998092651367 -0.33000004291534424 -0.1499999761581421 -0.1499999761581421 -0.1499999761581421 -0.440000057220459 -0.6799999475479126 -0.309999942779541 -0.309999942779541 -0.2099999189376831 -0.2099999189376831 -0.49000000953674316 -0.7099999785423279 -0.26999998092651367 -0.08999991416931152 -0.2099999189376831 -0.2099999189376831 -0.6699999570846558
-6.639999866485596 -0.6500000357627869 -0.7700000405311584 -3.200000047683716 -1.14000004529953 -0.30000007152557373 0 0 0 -0.3799999952316284 -0.36000001430511475 -0.019999980926513672 -0.019999980926513672 -0.019999980926513672 -0.019999980926513672 -0.019999980926513672 -0.019999980926513672 -0.019999980926513672 -0.12999999523162842 -0.12999999523162842 -0.12999999523162842 -0.12999999523162842 -0.12999999523162842 -0.12999999523162842 -0.12999999523162842 -0.12999999523162842 -0.12999999523162842 -0.1499999761581421 -0.1499999761581421 -0.1499999761581421 -0.1499999761581421 -0.1499999761581421 -0.1499999761581421 -0.1499999761581421 -0.1499999761581421 -0.1499999761581421 -0.28999996185302734 -0.3299999237060547 -0.3299999237060547 -0.3399999141693115 -0.2099999189376831 -0.309999942779541 -0.3399999141693115 -0.2799999713897705 -0.2799999713897705 -0.2799999713897705 -0.6999999284744263 -0.7899999618530273
-9999 -5.860000133514404 -4.7799999713897705 -4.430000066757202 -0.40000009536743164 -0.31000006198883057 -0.49000006914138794 -0.49000006914138794 -0.440000057220459 -0.3999999761581421 -0.30000007152557373 -0.1499999761581421 -0.2799999713897705 -0.2900000810623169 -0.440000057220459 -0.440000057220459 -0.5200000405311584 -0.6500000357627869 -0.4700000286102295 -0.12999999523162842 -0.4200000762939453 -0.4500000476837158 -0.40000009536743164 -0.40000009536743164 -0.5200001001358032 -0.440000057220459 -0.49000000953674316 -0.6700000166893005 -0.5199999809265137 -0.25 -0.25 -0.31000006198883057 -0.1499999761581421 -0.1499999761581421 -0.5 -0.36000001430511475 -0.4599999189376831 -0.38999998569488525 -0.38999998569488525 -0.49000000953674316 -0.44999992847442627 -0.5 -0.3700000047683716 -0.3299999237060547 -0.2099999189376831 -0.2099999189376831 -0.22999989986419678 -0.309999942779541
-9999 -9999 -9999 -0.5199999809265137 0 -0.09000003337860107 -0.10000002384185791 -0.10000002384185791 0 -0.019999980926513672 -0.019999980926513672 -0.019999980926513672 -0.38999998569488525 -0.3799999952316284 -0.4200000762939453 -0.4200000762939453 -0.3400000333786011 -0.2799999713897705 -0.43000006675720215 -0.12999999523162842 -0.3500000238418579 -0.3200000524520874 -0.3200000524520874 -0.2700001001358032 -0.3200000524520874 -0.3700000047683716 -0.25999999046325684 -0.2799999713897705 -0.3200000524520874 -0.3400000333786011 -0.3400000333786011 -0.3200000524520874 -0.1499999761581421 -0.1499999761581421 -0.1499999761581421 -0.1499999761581421 -0.2099999189376831 -0.2099999189376831 -0.2099999189376831 -0.2099999189376831 -0.2099999189376831 -0.5399999618530273 -0.3799999952316284 -0.3399999141693115 -0.6100000143051147 -0.6100000143051147 -0.22999989986419678 -0.38999998569488525
-9999 -9999 -9999 -0.25999999046325684 -0.89000004529953 -0.25999999046325684 0 0 -0.30000007152557373 -0.26999998092651367 -0.25999999046325684 -0.23000001907348633 -0.2200000286102295 -0.2200000286102295 -0.19000005722045898 -0.19000005722045898 -0.24000000953674316 -0.23000001907348633 -0.2799999713897705 -0.3500000238418579 -0.25999999046325684 -0.25 -0.25 -0.23000001907348633 -0.28999996185302734 -0.039999961853027344 -0.039999961853027344 -0.04999995231628418 -0.04999995231628418 -0.04999995231628418 -0.04999995231628418 -0.04999995231628418 -0.04999995231628418 -0.04999995231628418 -0.04999995231628418 -0.04999995231628418 -0.31999993324279785 -0.31999993324279785 -0.31999993324279785 -0.31999993324279785 -0.31999993324279785 -0.31999993324279785 -0.31999993324279785 -0.31999993324279785 -0.31999993324279785 -0.31999993324279785 -0.16999995708465576 -0.16999995708465576
-9999 -9999 -9999 -9999 -9999 -1.0000000298023224 -0.009999990463256836 -0.009999990463256836 -0.009999990463256836 -0.029999971389770508 -0.23000001907348633 -0.029999971389770508 -0.11000001430511475 -0.13999998569488525 -0.1499999761581421 -0.1499999761581421 -0.16000008583068848 -0.09000003337860107 -0.10000002384185791 -0.15999996662139893 -0.23000001907348633 -0.2999999523162842 -0.2999999523162842 -0.13999998569488525 -0.24000000953674316 -0.25 -0.24000000953674316 -0.26999998092651367 -0.26999998092651367 -0.26999998092651367 -0.26999998092651367 -0.04999995231628418 -0.2200000286102295 -0.1499999761581421 -0.0700000524520874 -0.04999995231628418 -0.3700000047683716 -0.3999999761581421 -0.3999999761581421 -0.38999998569488525 -0.41999995708465576 -0.31999993324279785 -0.46000003814697266 -0.43999993801116943 -0.31999993324279785 -0.31999993324279785 -0.5499999523162842 -0.7599999904632568
-9999 -9999 -9999 -9999 -9999 -2.5 -0.10000002384185791 -0.10000002384185791 -0.16000008583068848 -0.28999996185302734 -0.20000004768371582 -0.19000005722045898 -0.10000002384185791 -0.20000004768371582 -0.21000003814697266 -0.21000003814697266 -0.19000005722045898 -0.20000004768371582 -0.2200000286102295 -0.039999961853027344 -0.039999961853027344 -0.039999961853027344 -0.039999961853027344 -0.039999961853027344 -0.13999998569488525 -0.039999961853027344 -0.24000000953674316 -0.19000005722045898 -0.23000001907348633 -0.04999995231628418 -0.04999995231628418 -0.1499999761581421 -0.1799999475479126 -0.19000005722045898 -0.23000001907348633 -0.28999996185302734 -0.31999993324279785 -0.31999993324279785 -0.31999993324279785 -0.3999999761581421 -0.46000003814697266 -0.46000003814697266 -0.48000001907348633 -0.4299999475479126 -0.31999993324279785 -0.31999993324279785 -0.3500000238418579 -0.28999996185302734
-9999 -9999 -9999 -9999 -9999 -9999 -1.6899999976158142 -1.6899999976158142 -0.20000004768371582 -0.18000006675720215 -0.25 -0.16000008583068848 -0.2200000286102295 -0.25999999046325684 -0.25999999046325684 -0.3400000333786011 -0.2999999523162842 -0.04999995231628418 -0.24000000953674316 -0.15999996662139893 -0.24000000953674316 -0.25999999046325684 -0.25999999046325684 -0.039999961853027344 -0.25 -0.20000004768371582 -0.15999996662139893 -0.04999995231628418 -0.04999995231628418 -0.21000003814697266 -0.21000003814697266 -0.15999996662139893 -0.20000004768371582 -0.04999995231628418 -0.04999995231628418 -0.04999995231628418 -0.4299999475479126 -0.4299999475479126 -0.31999993324279785 -0.1499999761581421 -0.039999961853027344 -0.16999995708465576 -0.2999999523162842 -0.3799999952316284 -0.5 -0.5 -0.16999995708465576 -0.28999996185302734
-9999 -9999 -9999 -9999 -9999 -9999 -9999 -9999 -1.3600000143051147 -0.1499999761581421 -0.12000000476837158 -0.1499999761581421 -0.20000004768371582 -0.20000004768371582 -0.20000004768371582 -0.24000000953674316 -0.12999999523162842 -0.0700000524520874 -0.0700000524520874 -0.2200000286102295 -0.2200000286102295 -0.19000005722045898 -0.19000005722045898 -0.039999961853027344 -0.11000001430511475 -0.039999961853027344 -0.039999961853027344 -0.04999995231628418 -0.04999995231628418 -0.04999995231628418 -0.04999995231628418 -0.04999995231628418 -0.04999995231628418 -0.25999999046325684 -0.1799999475479126 -0.15999996662139893 -0.41999995708465576 -0.41999995708465576 -0.31999993324279785 -0.5399999618530273 -0.31999993324279785 -0.5799999237060547 -0.4700000286102295 -0.31999993324279785 -0.31999993324279785 -0.31999993324279785 -0.16999995708465576 -0.33000004291534424
-9999 -9999 -9999 -9999 -9999 -9999 -9999 -9999 -9999 -1.3800000101327896 -0.21000003814697266 -0.24000000953674316 -0.059999942779541016 -0.04999995231628418 -0.04999995231628418 -0.04999995231628418 -0.04999995231628418 -0.04999995231628418 -0.039999961853027344 -0.04999995231628418 -0.25 -0.2200000286102295 -0.2200000286102295 -0.25 -0.24000000953674316 -0.039999961853027344 -0.18000006675720215 -0.1799999475479126 -0.04999995231628418 -0.04999995231628418 -0.04999995231628418 -0.04999995231628418 -0.04999995231628418 -0.3200000524520874 -0.2200000286102295 -0.3400000333786011 -0.15999996662139893 -0.15999996662139893 -0.15999996662139893 -0.23000001907348633 -0.3400000333786011 -0.15999996662139893 -0.15999996662139893 -0.28999996185302734 -0.5500000715255737 -0.5500000715255737 -0.039999961853027344 -0.23000001907348633
-9999 -9999 -9999 -9999 -9999 -9999 -9999 -9999 -9999 -9999 -1.8300000429153442 -0.029999971389770508 -0.029999971389770508 -0.10000002384185791 -0.10000002384185791 -0.09000003337860107 -0.08000004291534424 -0.1799999475479126 -0.13999998569488525 -0.04999995231628418 -0.04999995231628418 -0.25999999046325684 -0.25999999046325684 -0.2999999523162842 -0.2799999713897705 -0.3200000524520874 -0.039999961853027344 -0.26999998092651367 -0.26999998092651367 -0.26999998092651367 -0.3500000238418579 -0.26999998092651367 -0.26999998092651367 -0.46000003814697266 -0.38999998569488525 -0.4100000858306885 -0.15999996662139893 -0.15999996662139893 -0.31000006198883057 -0.3400000333786011 -0.30000007152557373 -0.25 -0.3700000047683716 -0.15999996662139893 -0.3200000524520874 -0.3200000524520874 -0.15999996662139893 -0.039999961853027344
-9999 -9999 -9999 -9999 -9999 -9999 -9999 -9999 -9999 -9999 -9999 -1.2900000512599945 -0.12000000476837158 -0.15999996662139893 -0.15999996662139893 -0.1799999475479126 -0.21000003814697266 -0.23000001907348633 -0.04999995231628418 -0.04999995231628418 -0.019999980926513672 -0.16999995708465576 -0.16999995708465576 -0.10000002384185791 -0.2200000286102295 -0.039999961853027344 -0.24000000953674316 -0.3400000333786011 -0.36000001430511475 -0.36000001430511475 -0.3799999952316284 -0.3400000333786011 -0.3400000333786011 -0.3700000047683716 -0.33000004291534424 -0.48000001907348633 -0.46000003814697266 -0.46000003814697266 -0.15999996662139893 -0.3400000333786011 -0.30000007152557373 -0.15999996662139893 -0.4700000286102295 -0.43000006675720215 -0.5199999809265137 -0.5199999809265137 -0.23000001907348633 -0.039999961853027344
-9999 -9999 -9999 -9999 -9999 -9999 -9999 -9999 -9999 -9999 -9999 -9999 -1.340000033378601 -0.009999990463256836 -0.009999990463256836 -0.009999990463256836 -0.24000000953674316 -0.25 -0.07999992370605469 -0.07999992370605469 -0.07999992370605469 -0.07999992370605469 -0.07999992370605469 -0.2200000286102295 -0.19999992847442627 -0.23000001907348633 -0.07999992370605469 -0.3700000047683716 -0.31000006198883057 -0.31000006198883057 -0.26999998092651367 -0.3400000333786011 -0.26999998092651367 -0.26999998092651367 -0.26999998092651367 -0.26999998092651367 -0.15999996662139893 -0.15999996662139893 -0.33000004291534424 -0.3799999952316284 -0.18000006675720215 -0.15999996662139893 -0.15999996662139893 -0.24000000953674316 -0.33000004291534424 -0.33000004291534424 -0.039999961853027344 -0.039999961853027344
-9999 -9999 -9999 -9999 -9999 -9999 -9999 -9999 -9999 -9999 -9999 -9999 -9999 -1.4800000376999378 -1.4800000376999378 -0.009999990463256836 -0.24000000953674316 -0.10000002384185791 -0.2099999189376831 -0.25 -0.07999992370605469 -0.07999992370605469 -0.07999992370605469 -0.19999992847442627 -0.16999995708465576 -0.16999995708465576 -0.07999992370605469 -0.2900000810623169 -0.26999998092651367 -0.26999998092651367 -0.26999998092651367 -0.26999998092651367 -0.2799999713897705 -0.24000000953674316 -0.18000006675720215 -0.33000004291534424 -0.15999996662139893 -0.15999996662139893 -0.3999999761581421 -0.15999996662139893 -0.15999996662139893 -0.15999996662139893 -0.15999996662139893 -0.15999996662139893 -0.3200000524520874 -0.3200000524520874 -0.19000005722045898 -0.04999995231628418
-9999 -9999 -9999 -9999 -9999 -9999 -9999 -9999 -9999 -9999 -9999 -9999 -9999 -9999 -9999 -0.40000009536743164 -0.04999995231628418 -0.1799999475479126 -0.1799999475479126 -0.26999998092651367 -0.26999998092651367 -0.07999992370605469 -0.07999992370605469 -0.07999992370605469 -0.07999992370605469 -0.15999996662139893 -0.07999992370605469 -0.800000011920929 -0.43000006675720215 -0.43000006675720215 -0.26999998092651367 -0.26999998092651367 -0.26999998092651367 -0.26999998092651367 -0.5099999904632568 -0.49000000953674316 -0.15999996662139893 -0.15999996662139893 -0.31000006198883057 -0.15999996662139893 -0.15999996662139893 -0.33000004291534424 -0.28999996185302734 -0.38999998569488525 -0.38999998569488525 -0.24000000953674316 -0.19000005722045898 -0.16999995708465576
-9999 -9999 -9999 -9999 -9999 -9999 -9999 -9999 -9999 -9999 -9999 -9999 -9999 -9999 -9999 -9999 -1.190000057220459 -0.05000007152557373 -0.12999999523162842 -0.11000001430511475 -0.12000000476837158 -0.12000000476837158 -0.09000003337860107 -0.3700000047683716 -0.22999989986419678 -0.22999989986419678 -0.34999990463256836 -0.25 -0.26999998092651367 -0.26999998092651367 -0.28999996185302734 -0.21999990940093994 -0.5899999141693115 -0.21999990940093994 -0.21999990940093994 -0.21999990940093994 -0.34999990463256836 -0.34999990463256836 -0.18999993801116943 -0.25 -0.08999991416931152 -0.25999999046325684 -0.34999990463256836 -0.08999991416931152 -0.08999991416931152 -0.08999991416931152 -0.24000000953674316 -0.28999996185302734
-9999 -9999 -9999 -9999 -9999 -9999 -9999 -9999 -9999 -9999 -9999 -9999 -9999 -9999 -9999 -9999 -9999 -0.6200000643730164 0 0 -0.2200000286102295 -0.2200000286102295 -0.08000004291534424 -0.3599998950958252 -0.12999999523162842 -0.3399999141693115 -0.21999990940093994 -0.21999990940093994 -0.21999990940093994 -0.21999990940093994 -0.21999990940093994 -0.6899999380111694 -0.3999999761581421 -0.38999998569488525 -0.5699999332427979 -0.21999990940093994 -0.12999999523162842 -0.12999999523162842 -0.4099999666213989 -0.08999991416931152 -0.08999991416931152 -0.36000001430511475 -0.25 -0.2999999523162842 -0.2999999523162842 -0.38999998569488525 -0.039999961853027344 -0.25
-9999 -9999 -9999 -9999 -9999 -9999 -9999 -9999 -9999 -9999 -9999 -9999 -9999 -9999 -9999 -9999 -9999 -9999 -1.3600000441074371 -0.3400000333786011 -0.7100000381469727 -0.7100000381469727 -0.05000007152557373 -0.4099999666213989 -0.22999989986419678 -0.4799998998641968 -0.2999999523162842 -0.26999998092651367 -0.21999990940093994 -0.21999990940093994 -0.21999990940093994 -0.21999990940093994 -0.3299999237060547 -0.2799999713897705 -0.31999993324279785 -0.21999990940093994 -0.08999991416931152 -0.08999991416931152 -0.25999999046325684 -0.08999991416931152 -0.36000001430511475 -0.08999991416931152 -0.08999991416931152 -0.4299999475479126 -0.4299999475479126 -0.08999991416931152 -0.1499999761581421 -0.039999961853027344
-9999 -9999 -9999 -9999 -9999 -9999 -9999 -9999 -9999 -9999 -9999 -9999 -9999 -9999 -9999 -9999 -9999 -9999 -9999 -0.6700000166893005 -0.039999961853027344 -0.039999961853027344 -0.18000006675720215 -0.41999995708465576 -0.07999992370605469 -0.07999992370605469 -0.11000001430511475 -0.18999993801116943 -0.18999993801116943 -0.18999993801116943 -0.2799999713897705 -0.21999990940093994 -0.21999990940093994 -0.24000000953674316 -0.2099999189376831 -0.31999993324279785 -0.31999993324279785 -0.08999991416931152 -0.08999991416931152 -0.23000001907348633 -0.08999991416931152 -0.08999991416931152 -0.08999991416931152 -0.2999999523162842 -0.2999999523162842 -0.21999990940093994 -0.039999961853027344 -0.2999999523162842
-9999 -9999 -9999 -9999 -9999 -9999 -9999 -9999 -9999 -9999 -9999 -9999 -9999 -9999 -9999 -9999 -9999 -9999 -9999 -9999 -1.3900000490248203 -1.3900000490248203 -0.4100000858306885 -0.07999992370605469 -0.08999991416931152 -0.08999991416931152 -0.24000000953674316 -0.21999990940093994 -0.21999990940093994 -0.21999990940093994 -0.31999993324279785 -0.2799999713897705 -0.38999998569488525 -0.21999990940093994 -0.21999990940093994 -0.3700000047683716 -0.3700000047683716 -0.26999998092651367 -0.08999991416931152 -0.309999942779541 -0.08999991416931152 -0.08999991416931152 -0.9199999570846558 -0.6699999570846558 -0.6699999570846558 -0.08999991416931152 -0.31000006198883057 -0.23000001907348633
-9999 -9999 -9999 -9999 -9999 -9999 -9999 -9999 -9999 -9999 -9999 -9999 -9999 -9999 -9999 -9999 -9999 -9999 -9999 -9999 -9999 -9999 -0.7100000381469727 -0.07999992370605469 -0.07999992370605469 -0.25 -0.13999998569488525 -0.2999999523162842 -0.21999990940093994 -0.21999990940093994 -0.21999990940093994 -0.3399999141693115 -0.21999990940093994 -0.24000000953674316 -0.25999999046325684 -0.3299999237060547 -0.3299999237060547 -0.08999991416931152 -0.08999991416931152 -0.28999996185302734 -0.08999991416931152 -0.08999991416931152 -0.24000000953674316 -0.2999999523162842 -0.2999999523162842 -0.46999990940093994 -0.039999961853027344 -0.12000000476837158
