SimulationData/Scenarios/Waterwolf/Flooding/Uitdammerdijk/780.asc
ncols        561
nrows        278
xllcorner    4.817258165162
yllcorner    52.370746892638
cellsize     0.000511251697
NODATA_value  -9999
[rows 198 to 219 of 278, columns 336 to 383 of 561]
0.5146462917327881 0.6446462869644165 0.5846463441848755 0.4946463108062744 0.4946463108062744 0.9246463775634766 0.6546463966369629 0.4711294174194336 0.9411294460296631 0.411129355430603 0.4411294460296631 0.5711294412612915 0.5711294412612915 0.4411294460296631 0.9411294460296631 0.49112939834594727 0.4097723960876465 0.5997724533081055 0.9497724771499634 0.9497724771499634 0.4297724962234497 0.3597724437713623 0.3297724723815918 0.2897723913192749 -0.040227532386779785 -0.28048574924468994 0.23951423168182373 0.23951423168182373 0.2895141839981079 0.29951417446136475 0.41049039363861084 0.16049039363861084 0.04049038887023926 0.1204904317855835 0.2008953094482422 0.2008953094482422 0.29089534282684326 0.2608952522277832 0.25089526176452637 0.3274195194244385 0.47741949558258057 0.29741954803466797 0.29741954803466797 0.4074195623397827 0.3025146722793579 0.39251458644866943 0.5225633382797241 0.32256340980529785
0.4146463871002197 0.45464634895324707 0.4646463394165039 0.9246463775634766 0.9246463775634766 0.4946463108062744 0.4846463203430176 0.48112940788269043 0.49112939834594727 0.5111293792724609 0.49112939834594727 0.49112939834594727 0.4411294460296631 0.2211294174194336 0.43112945556640625 0.9411294460296631 0.39977240562438965 0.9497724771499634 0.4097723960876465 0.4097723960876465 0.4297724962234497 0.379772424697876 0.29977238178253174 0.16977238655090332 0.059772491455078125 0.1595141887664795 0.4795142412185669 0.4795142412185669 0.5695141553878784 0.48951423168182373 0.32049036026000977 0.32049036026000977 0.10049045085906982 0.13049042224884033 0.13049042224884033 0.09089529514312744 0.3308953046798706 0.29089534282684326 0.19089531898498535 0.47741949558258057 0.28741955757141113 0.2074195146560669 0.2074195146560669 0.38741958141326904 0.5225145816802979 0.39251458644866943 0.5225633382797241 0.32256340980529785
0.5246462821960449 0.5146462917327881 0.4146463871002197 0.7046463489532471 0.7046463489532471 0.44464635848999023 0.4846463203430176 0.49112939834594727 0.5411293506622314 0.49112939834594727 0.5111293792724609 0.5111293792724609 0.9411294460296631 0.9411294460296631 0.4511294364929199 0.4211294651031494 0.3597724437713623 0.9497724771499634 0.39977240562438965 0.39977240562438965 0.3097724914550781 0.6897724866867065 0.0797724723815918 0.18977248668670654 0.009772419929504395 0.33951425552368164 0.5995142459869385 0.5995142459869385 0.6695141792297363 0.6195142269134521 0.5004904270172119 0.3504904508590698 0.2704904079437256 0.19049036502838135 0.19049036502838135 0.25089526176452637 0.17089533805847168 0.2608952522277832 0.13089525699615479 0.11741960048675537 0.07741951942443848 0.22741949558258057 0.22741949558258057 0.26741957664489746 0.26244890689849854 0.3024488687515259 0.2913020849227905 0.2813020944595337
0.9246463775634766 0.5946463346481323 0.7146463394165039 0.5246462821960449 0.5246462821960449 0.7446463108062744 0.6646463871002197 0.5411293506622314 0.5511294603347778 0.9411294460296631 0.411129355430603 0.411129355430603 0.4511294364929199 0.48112940788269043 0.9411294460296631 0.5111293792724609 0.5597724914550781 0.4297724962234497 0.9497724771499634 0.9497724771499634 0.6897724866867065 -0.020227551460266113 -0.28022754192352295 -0.040227532386779785 0.11977243423461914 0.4775390625 0.6175390481948853 0.6175390481948853 0.6175390481948853 0.537539005279541 0.5494356155395508 0.5794357061386108 0.36157894134521484 -0.018421053886413574 -0.018421053886413574 0.27948999404907227 0.1894899606704712 0.11337482929229736 0.18337488174438477 0.16059207916259766 0.07059216499328613 0.21398794651031494 0.21398794651031494 0.25398802757263184 0.26288604736328125 0.4628859758377075 0.2828860282897949 0.492885947227478
0.7546463012695312 0.7146463394165039 0.4146463871002197 0.7346463203430176 0.7346463203430176 0.5946463346481323 0.6746463775634766 0.7811293601989746 0.48112940788269043 0.4511294364929199 0.49112939834594727 0.49112939834594727 0.6811294555664062 0.7011294364929199 0.9411294460296631 0.5111293792724609 0.49977242946624756 0.4297724962234497 -0.2102276086807251 -0.2102276086807251 0.24977242946624756 0.6797724962234497 0.18977248668670654 -0.12022757530212402 0.1797724962234497 0.5075390338897705 0.5675389766693115 0.5675389766693115 0.5675389766693115 0.5475389957427979 0.6891665458679199 0.41916656494140625 0.22259902954101562 0.03259897232055664 0.03259897232055664 0.1128305196762085 0.3314257860183716 2.3260151147842407 0.1394714117050171 0.20727550983428955 0.17727553844451904 0.02638077735900879 0.02638077735900879 0.2263808250427246 0.29288601875305176 0.24288594722747803 0.3328859806060791 0.2828860282897949
0.7246463298797607 0.6446462869644165 0.7546463012695312 0.7846462726593018 0.7846462726593018 0.6246463060379028 0.5446463823318481 0.5211293697357178 0.48112940788269043 0.5911294221878052 0.48112940788269043 0.48112940788269043 0.6111294031143188 0.6411293745040894 0.49112939834594727 0.36112940311431885 0.5497723817825317 0.3897724151611328 0.2297724485397339 0.2297724485397339 0.2297724485397339 0.3297724723815918 0.4097723960876465 0.379772424697876 0.5297724008560181 0.3175389766693115 0.45753908157348633 0.45753908157348633 0.5575389862060547 0.6675390005111694 0.41916656494140625 0.29916656017303467 0.23259902000427246 0.012598991394042969 0.012598991394042969 0.17739081382751465 2.327781915664673 2.3278080224990845 0.32359158992767334 0.22727549076080322 0.4072754383087158 0.44638073444366455 0.44638073444366455 0.19638073444366455 0.38288605213165283 0.29288601875305176 0.492885947227478 0.2828860282897949
0.6584802865982056 0.8084801435470581 0.7484802007675171 0.7484802007675171 0.9184802770614624 0.7284802198410034 0.6884802579879761 0.5414513349533081 0.7114514112472534 0.581451416015625 0.5314513444900513 0.5314513444900513 0.5014513731002808 0.4614514112472534 0.9414514303207397 0.4614514112472534 0.7203001976013184 0.6403001546859741 0.3903001546859741 0.3903001546859741 0.32030022144317627 0.3069349527359009 0.46693503856658936 0.546934962272644 0.6169350147247314 0.49496889114379883 0.49496889114379883 0.544968843460083 0.49496889114379883 0.5649688243865967 0.2890498638153076 0.2590498924255371 0.10424017906188965 2.3275339603424072 2.3275339603424072 2.3275047540664673 2.3275556564331055 2.3275951147079468 -0.004542708396911621 0.1451120376586914 0.20511198043823242 0.17747020721435547 0.17747020721435547 0.17747020721435547 0.27814781665802 0.23814785480499268 0.33814775943756104 0.28814780712127686
0.8984802961349487 0.9684802293777466 0.7184802293777466 0.7184802293777466 0.7584801912307739 0.6884802579879761 0.5484802722930908 0.6614513397216797 0.5514514446258545 0.37145137786865234 0.4214514493942261 0.4214514493942261 0.4314514398574829 0.2614513635635376 0.27145135402679443 0.4914513826370239 0.5603002309799194 0.680300235748291 0.7003002166748047 0.7003002166748047 0.6103001832962036 0.3069349527359009 0.2869349718093872 0.21693503856658936 0.3569350242614746 0.49496889114379883 0.49496889114379883 0.544968843460083 0.5349688529968262 0.30496883392333984 0.26221227645874023 0.21221232414245605 0.2775259017944336 2.327431321144104 2.327431321144104 2.3274840116500854 2.3274840116500854 2.3273723125457764 0.006465554237365723 0.11888563632965088 0.19888567924499512 0.10594940185546875 0.10594940185546875 0.20594942569732666 0.2281477451324463 0.09814774990081787 0.2481478452682495 0.28814780712127686
0.9184802770614624 0.7884801626205444 0.6684802770614624 0.6684802770614624 0.6984802484512329 0.6684802770614624 0.598480224609375 0.8014513254165649 0.47145140171051025 0.9414514303207397 0.4614514112472534 0.4614514112472534 0.4814513921737671 -0.04854857921600342 -0.3485485315322876 0.2914513349533081 0.5903002023696899 0.5903002023696899 0.7803001403808594 0.7803001403808594 0.30030012130737305 0.6169350147247314 0.39693498611450195 0.1569349765777588 0.29693496227264404 0.40496885776519775 0.40496885776519775 0.40496885776519775 0.3149688243865967 0.21496891975402832 0.2822122573852539 0.182212233543396 2.327452540397644 2.327411651611328 2.327411651611328 2.3274840116500854 2.3274840116500854 2.3274710178375244 0.04517090320587158 0.15888571739196777 0.15888571739196777 0.1759493350982666 0.1759493350982666 0.09594941139221191 0.43814778327941895 0.3281477689743042 0.2981477975845337 0.2281477451324463
0.8484803438186646 0.7184802293777466 0.6784802675247192 0.6784802675247192 0.6084802150726318 0.5084801912307739 0.4484802484512329 0.29145145416259766 -0.10854864120483398 0.32145142555236816 0.9414514303207397 0.9414514303207397 0.6214513778686523 0.6914514303207397 0.7114514112472534 0.6314513683319092 1.3028768301010132 0.5928769111633301 0.7128769159317017 0.7128769159317017 0.6328768730163574 0.7161809206008911 0.6561808586120605 0.4889472723007202 0.27894723415374756 0.13502848148345947 0.13502848148345947 0.20502853393554688 0.21771490573883057 0.10771489143371582 0.26652705669403076 2.327205777168274 2.327243208885193 2.327243208885193 2.327243208885193 2.3272026777267456 2.3273152112960815 2.326642870903015 0.08463096618652344 0.1793278455734253 0.11932778358459473 0.29417431354522705 0.29417431354522705 0.12417435646057129 0.2335721254348755 0.25357210636138916 0.22357213497161865 0.22357213497161865
0.9984802007675171 0.7084802389144897 0.6784802675247192 0.6784802675247192 0.5184801816940308 0.098480224609375 0.4484802484512329 0.391451358795166 0.22145140171051025 0.35145139694213867 0.4814513921737671 0.4814513921737671 0.5214513540267944 0.6314513683319092 0.7314513921737671 0.6214513778686523 0.6428768634796143 0.3028768301010132 0.6428768634796143 0.6428768634796143 0.6428768634796143 0.627785325050354 1.4377853870391846 0.6593619585037231 0.5993620157241821 0.1918940544128418 0.1918940544128418 0.18189406394958496 0.261002779006958 0.16277122497558594 0.27706611156463623 2.3270827531814575 2.327178120613098 2.327178120613098 2.327178120613098 2.3270697593688965 2.3270697593688965 2.3268444538116455 0.2772899866104126 0.025156497955322266 0.09114456176757812 0.17324411869049072 0.17324411869049072 0.14324414730072021 0.16357207298278809 0.22357213497161865 0.3135720491409302 0.3135720491409302
0.7384802103042603 0.598480224609375 0.5284802913665771 0.5284802913665771 0.2962144613265991 0.4962143898010254 0.26621437072753906 0.41624999046325684 0.3962498903274536 0.37624990940093994 0.47624993324279785 0.47624993324279785 0.30054783821105957 0.30054783821105957 0.6605478525161743 0.6705478429794312 0.6738109588623047 0.6438109874725342 0.7266362905502319 0.7266362905502319 0.6766362190246582 0.6880080699920654 0.49800801277160645 0.5097923278808594 0.2637507915496826 0.14596021175384521 0.14596021175384521 2.3263717889785767 2.3262619972229004 2.326393485069275 2.3267199993133545 2.3267199993133545 2.3270199298858643 2.3270199298858643 2.3270199298858643 2.327139735221863 2.327139735221863 2.3270158767700195 2.3270158767700195 2.327222466468811 0.27701902389526367 0.10708236694335938 0.10708236694335938 0.21708238124847412 0.2761274576187134 0.3161274194717407 0.3161274194717407 0.29612743854522705
0.9162144660949707 0.39621448516845703 0.3762143850326538 0.3762143850326538 0.3162144422531128 0.3462144136428833 0.42621445655822754 0.5662499666213989 0.5062499046325684 0.5562499761581421 0.5162498950958252 0.5162498950958252 0.5205478668212891 0.5805479288101196 0.6705478429794312 0.6505478620529175 0.7038110494613647 0.653810977935791 0.653810977935791 0.3066362142562866 0.3066362142562866 0.40800797939300537 0.3280080556869507 0.2519639730453491 2.325903534889221 2.3260878324508667 2.3260878324508667 2.326237916946411 2.326296806335449 2.326419472694397 2.3267199993133545 2.3267199993133545 2.3270199298858643 2.3270199298858643 2.3270199298858643 2.327139735221863 2.327139735221863 2.3270158767700195 2.3270158767700195 2.325985908508301 0.2715444564819336 0.0870823860168457 0.0870823860168457 0.09708237648010254 0.24612748622894287 0.1861274242401123 0.19612741470336914 0.24612748622894287
0.4462144374847412 0.3162144422531128 0.26621437072753906 0.26621437072753906 0.2962144613265991 0.3762143850326538 0.42621445655822754 0.4862499237060547 0.6462498903274536 0.5862499475479126 0.6962499618530273 0.6962499618530273 0.5505478382110596 0.43054795265197754 0.5905479192733765 0.6605478525161743 0.5957916975021362 0.765791654586792 0.765791654586792 0.5884279012680054 0.2484278678894043 0.45894956588745117 0.21377801895141602 0.2662343978881836 2.32606041431427 2.32608699798584 2.32608699798584 2.32608699798584 2.3262757062911987 2.3262757062911987 2.3265974521636963 2.3265974521636963 2.3269041776657104 2.3269041776657104 2.3269041776657104 2.326927423477173 2.3271644115448 2.327731966972351 2.3273608684539795 0.2647397518157959 0.3175678253173828 0.3175678253173828 0.27099883556365967 0.15099883079528809 0.2561274766921997 0.33612751960754395 0.4361274242401123 0.2761274576187134
0.33621442317962646 0.2962144613265991 0.30621445178985596 0.30621445178985596 0.30621445178985596 0.33621442317962646 0.38621437549591064 0.49657976627349854 0.4565798044204712 0.4565798044204712 0.5465798377990723 0.5465798377990723 0.597075343132019 0.6870753765106201 0.4934736490249634 0.4034736156463623 0.26277971267700195 0.4627797603607178 0.4627797603607178 0.2553461790084839 0.2655411958694458 2.325786828994751 2.3257604837417603 2.325915217399597 2.325915217399597 2.3259814977645874 2.3259814977645874 2.3259814977645874 2.326049327850342 2.326075792312622 2.3264386653900146 2.326712727546692 2.3267771005630493 2.3264098167419434 2.3264098167419434 0.1376972198486328 0.1988990306854248 0.3542090654373169 0.3642091751098633 0.28988051414489746 0.21988046169281006 0.21988046169281006 0.2261885404586792 0.11618852615356445 0.3062620162963867 0.40626204013824463 0.3762620687484741 0.3462620973587036
0.39621448516845703 0.35621440410614014 0.4362144470214844 0.4362144470214844 0.366214394569397 0.3762143850326538 0.4362144470214844 0.9365798234939575 0.5065797567367554 0.3665797710418701 0.40657973289489746 0.40657973289489746 0.44707536697387695 0.5270752906799316 0.39347362518310547 0.38347363471984863 0.26277971267700195 0.26277971267700195 0.26277971267700195 2.3254520893096924 2.32557213306427 2.325725555419922 2.3257498741149902 2.325915217399597 2.325915217399597 2.3259814977645874 2.3259814977645874 2.3259814977645874 2.3259623050689697 0.2757878303527832 0.10495781898498535 0.1677011251449585 0.23020434379577637 0.1927475929260254 0.1927475929260254 0.2551156282424927 0.29630792140960693 0.3042091131210327 0.5442091226577759 0.28988051414489746 0.33988046646118164 0.33988046646118164 0.24618852138519287 0.09618854522705078 0.5062620639801025 0.40626204013824463 0.5162620544433594 0.4962620735168457
0.32621443271636963 0.4462144374847412 0.366214394569397 0.366214394569397 0.33621442317962646 0.3162144422531128 0.3162144422531128 0.3065798282623291 0.3365797996520996 0.2665797472000122 0.25657975673675537 0.25657975673675537 0.36536264419555664 0.2553626298904419 0.3254157304763794 2.3255535364151 2.3255914449691772 2.325465202331543 2.325465202331543 2.3255484104156494 2.3255484104156494 2.325733184814453 2.325733184814453 2.3258776664733887 2.3258776664733887 2.325896382331848 2.325896382331848 0.025682449340820312 0.17718768119812012 0.0791245698928833 0.18585848808288574 0.2758585214614868 0.24960041046142578 0.19960033893585205 0.19960033893585205 0.25233638286590576 0.6223363876342773 0.3191947937011719 0.37919485569000244 0.31943583488464355 0.36943578720092773 0.36943578720092773 0.29274773597717285 0.3927476406097412 0.2962620258331299 0.7962620258331299 0.5262620449066162 0.5862621068954468
0.28207695484161377 0.24207687377929688 0.2920769453048706 0.2920769453048706 0.33207690715789795 0.2220768928527832 0.27207696437835693 0.22858643531799316 0.24858641624450684 0.25858640670776367 0.25858640670776367 0.16858649253845215 0.17090916633605957 0.24090921878814697 0.27563488483428955 2.3256070613861084 2.325562000274658 2.325562000274658 2.325562000274658 2.325598955154419 2.325598955154419 2.3256869316101074 2.325750470161438 2.3258659839630127 2.325838804244995 0.21570563316345215 0.21570563316345215 0.328676700592041 0.1258336305618286 0.10583364963531494 0.2541242837905884 0.2841242551803589 0.2641242742538452 0.2641242742538452 0.2641242742538452 0.30370819568634033 0.31370818614959717 0.4737081527709961 0.263708233833313 0.2692296504974365 0.35922956466674805 0.35922956466674805 0.3392295837402344 0.38922953605651855 0.33353233337402344 0.39353227615356445 0.46353232860565186 0.5435322523117065
0.3120769262313843 0.21207690238952637 0.26207685470581055 0.26207685470581055 0.23207688331604004 0.20207691192626953 0.13207685947418213 0.15858638286590576 0.1385864019393921 0.11858642101287842 0.11858642101287842 0.2885863780975342 -0.019090771675109863 0.07090926170349121 0.08543598651885986 2.3256208896636963 2.3255611658096313 2.325553059577942 2.325553059577942 2.3254934549331665 0.13538861274719238 0.11531484127044678 0.17973673343658447 0.19973552227020264 0.20973551273345947 0.16218304634094238 0.16218304634094238 0.13218307495117188 0.1362905502319336 0.18629050254821777 0.5541242361068726 0.24412429332733154 0.27412426471710205 0.27412426471710205 0.5141242742538452 0.40370821952819824 0.46370816230773926 0.38370823860168457 0.3537081480026245 0.27922964096069336 0.18922960758209229 0.18922960758209229 0.29922962188720703 0.23922955989837646 0.42353224754333496 0.4835323095321655 0.4435323476791382 0.42353224754333496
0.09207689762115479 0.18207693099975586 0.1920769214630127 0.1920769214630127 0.26207685470581055 0.23207688331604004 0.08207690715789795 0.15858638286590576 0.24858641624450684 0.24858641624450684 0.24858641624450684 0.2885863780975342 0.12031829357147217 0.12031829357147217 0.0009223222732543945 0.19181323051452637 0.25397753715515137 -0.05552661418914795 -0.05552661418914795 0.24540257453918457 0.127050518989563 0.18156540393829346 0.22965240478515625 0.24973559379577637 0.16973555088043213 0.13218307495117188 0.13218307495117188 0.15218305587768555 0.2962905168533325 0.1962904930114746 0.2641242742538452 0.40412425994873047 0.5541242361068726 0.5541242361068726 0.33412420749664307 0.3937082290649414 0.46370816230773926 0.40370821952819824 0.40370821952819824 0.4092296361923218 0.27922964096069336 0.27922964096069336 0.27922964096069336 0.25922954082489014 0.3835322856903076 0.9435322284698486 0.43353235721588135 0.4035322666168213
-0.027923107147216797 0.18207693099975586 0.33207690715789795 0.33207690715789795 0.4720768928527832 0.13207685947418213 0.1920769214630127 0.13653135299682617 0.24653136730194092 0.8165313005447388 0.8165313005447388 0.2765313386917114 0.3421226739883423 0.3421226739883423 0.2763974666595459 0.3463975191116333 0.3104720115661621 0.34047210216522217 0.34047210216522217 0.1255054473876953 0.14550542831420898 0.1114581823348999 0.21145808696746826 0.19861483573913574 0.26861488819122314 0.2585557699203491 0.2585557699203491 0.19855570793151855 0.3085557222366333 0.5885556936264038 0.4384056329727173 0.3184056282043457 0.29840564727783203 0.29840564727783203 0.39840567111968994 0.4675084352493286 0.787508487701416 0.3675084114074707 0.4675084352493286 0.2655956745147705 0.3655956983566284 0.3655956983566284 0.24559569358825684 0.3055957555770874 0.39353227615356445 0.4435323476791382 0.5335322618484497 0.4135322570800781
0.17207694053649902 0.3920769691467285 0.21207690238952637 0.21207690238952637 0.2220768928527832 0.7720768451690674 0.12207686901092529 0.07653141021728516 0.40653133392333984 0.3665313720703125 0.3665313720703125 0.4965313673019409 0.49171507358551025 0.4717150926589966 0.8263324499130249 0.5363324880599976 0.4074821472167969 0.29748213291168213 0.29748213291168213 0.18091797828674316 0.21091806888580322 0.18570160865783691 0.26570165157318115 0.21149861812591553 0.38149869441986084 0.41855573654174805 0.41855573654174805 0.34855568408966064 0.4085557460784912 0.3585556745529175 0.32840561866760254 0.49840569496154785 0.49840569496154785 0.49840569496154785 0.4084056615829468 0.5275084972381592 0.42750847339630127 0.5075085163116455 0.5775084495544434 0.5555957555770874 0.9055956602096558 0.9055956602096558 0.34559571743011475 0.6255956888198853 0.5435322523117065 0.5535323619842529 0.4735323190689087 0.5435322523117065
