SimulationData/Scenarios/Waterwolf/Flooding/Uitdammerdijk/780.asc
ncols        561
nrows        278
xllcorner    4.817258165162
yllcorner    52.370746892638
cellsize     0.000511251697
NODATA_value  -9999
[rows 154 to 175 of 278, columns 288 to 335 of 561]
-0.6100000143051147 -0.6100000143051147 -0.6299999952316284 -0.6500000953674316 -0.6000000238418579 -0.5500000715255737 -0.5099999904632568 -0.6600000858306885 -0.25424087047576904 -0.25424087047576904 -0.23424077033996582 -0.2742408514022827 -0.3042408227920532 -0.2442408800125122 0.025759220123291016 -0.33424079418182373 -0.33424079418182373 -0.1742408275604248 0.048599839210510254 0.03859972953796387 0.03859972953796387 0.03859972953796387 -0.2614002227783203 -0.1614001989364624 -0.1614001989364624 -0.15140020847320557 -0.04140019416809082 -0.08393919467926025 -0.053939104080200195 -0.053939104080200195 -0.003939151763916016 0.16784119606018066 0.16784119606018066 0.13784122467041016 0.20784127712249756 0.2478412389755249 0.6985386610031128 0.1285386085510254 0.1985386610031128 0.1985386610031128 0.1585385799407959 0.10943210124969482 0.09943211078643799 0.29943203926086426 0.09943211078643799 0.21210050582885742 0.18210053443908691 0.18210053443908691
-0.6000000238418579 -0.6000000238418579 -0.6299999952316284 -0.3900001049041748 -0.3900001049041748 -0.3900001049041748 -0.3900001049041748 -0.3900001049041748 0.005759119987487793 0.005759119987487793 -0.2042407989501953 -0.2642408609390259 -0.2742408514022827 -0.3042408227920532 -0.4242408275604248 -0.15424084663391113 -0.15424084663391113 -0.11424076557159424 -0.12140023708343506 -0.07140016555786133 -0.1614001989364624 -0.1914001703262329 -0.09140026569366455 -0.17140018939971924 -0.17140018939971924 -0.10140025615692139 -0.18140017986297607 -0.17393910884857178 -0.2739391326904297 -0.1239391565322876 -0.09393918514251709 -0.09393918514251709 0.017841219902038574 0.10784125328063965 0.17784130573272705 0.20784127712249756 0.11853861808776855 0.1285386085510254 0.6985386610031128 0.6985386610031128 0.6985386610031128 0.17943215370178223 0.10943210124969482 0.1294320821762085 0.13943207263946533 -0.09996151924133301 0.05003845691680908 0.05003845691680908
-0.6400001049041748 -0.6400001049041748 -0.6299999952316284 -0.6400001049041748 -0.6500000953674316 -0.6100000143051147 -0.6400001049041748 -0.6400001049041748 -0.6400001049041748 -0.3242408037185669 -0.2942408323287964 -0.22424077987670898 -0.04424083232879639 -0.2742408514022827 -0.09424078464508057 -0.04424083232879639 -0.04424083232879639 -0.04424083232879639 -0.06140017509460449 -0.07140016555786133 -0.12140023708343506 -0.11140024662017822 -0.12140023708343506 -0.12140023708343506 -0.12140023708343506 -0.21140027046203613 -0.1614001989364624 -0.18886280059814453 -0.25886285305023193 -0.03886282444000244 -0.01886284351348877 -0.01886284351348877 0.08704519271850586 0.1970452070236206 0.1270451545715332 0.16704511642456055 0.6981905698776245 0.23819053173065186 0.17866528034210205 0.17866528034210205 0.16866517066955566 0.28909313678741455 0.15909314155578613 -0.1908358335494995 0.0491640567779541 -3.429999828338623 -1.5899996757507324 -1.5899996757507324
-0.6600000858306885 -0.6600000858306885 -0.5400000810623169 -0.6299999952316284 -0.6100000143051147 -0.5800000429153442 -0.6000000238418579 -0.6299999952316284 -0.6299999952316284 -0.21424078941345215 -0.18424081802368164 -0.21424078941345215 -0.23424077033996582 -0.28424084186553955 0.005759119987487793 -0.12424087524414062 -0.12424087524414062 -0.11424076557159424 -0.07140016555786133 -0.1614001989364624 -0.07140016555786133 -0.051400184631347656 -0.08140015602111816 -0.02140021324157715 -0.02140021324157715 -0.12140023708343506 -0.06140017509460449 -0.12886285781860352 -0.1788628101348877 -0.16886281967163086 -0.21886277198791504 -0.21886277198791504 -0.08295488357543945 0.06704521179199219 0.10704517364501953 -0.01295483112335205 0.04819047451019287 0.04819047451019287 -0.4013347625732422 -0.4013347625732422 -3.3899693489074707 -4.449999928474426 -1.0299997329711914 -0.809999942779541 -1.380000114440918 -1.7699999809265137 -1.179999828338623 -1.179999828338623
-0.440000057220459 -0.440000057220459 -0.49000000953674316 -0.49000000953674316 -0.3400000333786011 -0.5400000810623169 -0.4700000286102295 -0.5 -0.5 0.0757591724395752 -0.23424077033996582 -0.1442408561706543 -0.1442408561706543 -0.22424077987670898 0.005759119987487793 -0.25424087047576904 -0.25424087047576904 -0.1442408561706543 -0.15140020847320557 -0.22140026092529297 -0.11140024662017822 -0.06140017509460449 -0.04140019416809082 0.06859982013702393 0.06859982013702393 0.1185997724533081 0.06859982013702393 0.08113718032836914 0.011137127876281738 0.0411372184753418 0.0011371374130249023 0.0011371374130249023 0.05704522132873535 -0.32295477390289307 -0.2829548120498657 -0.29295480251312256 -0.43397271633148193 -0.43397271633148193 -2.1599693298339844 -2.1599693298339844 -0.6999692916870117 -0.8600001335144043 -0.7899999618530273 -0.7300000190734863 -0.8199996948242188 -1.1500000953674316 -0.9899997711181641 -0.9899997711181641
-0.4099999666213989 -0.4099999666213989 -0.3999999761581421 -0.3500000238418579 -0.36000001430511475 -0.4099999666213989 -0.3999999761581421 -0.4099999666213989 -0.4099999666213989 -0.33501338958740234 -0.4250134229660034 -0.4450134038925171 -0.4250134229660034 -0.5299999713897705 -0.6699999570846558 -0.5 -0.5 -0.559999942779541 -0.2560582160949707 -0.3260582685470581 -0.20605826377868652 -0.14605820178985596 -0.09764587879180908 -0.02764582633972168 -0.02764582633972168 0.002354145050048828 -0.017645835876464844 -0.034285664558410645 0.025714397430419922 0.12419915199279785 0.024199247360229492 0.024199247360229492 0.030509471893310547 0.030509471893310547 -3.228208541870117 -3.228208541870117 -1.6899998188018799 -1.4600000381469727 -1.1700000762939453 -1.1700000762939453 -0.7300000190734863 -0.619999885559082 -0.6399998664855957 -0.5 -0.559999942779541 -0.7199997901916504 -0.7999997138977051 -0.7999997138977051
-0.43999993801116943 -0.43999993801116943 -0.3999999761581421 -0.4299999475479126 -0.28999996185302734 -0.41999995708465576 -0.3999999761581421 -0.3799999952316284 -0.3799999952316284 -0.3950134515762329 -0.3850134611129761 -0.4150134325027466 -0.3850134611129761 -0.4500000476837158 -0.5900000333786011 -0.5399999618530273 -0.5399999618530273 -0.3200000524520874 -0.14605820178985596 -0.28605830669403076 -0.2260582447052002 -0.12605822086334229 -0.21764588356018066 -0.21764588356018066 -0.007645845413208008 0.05235409736633301 0.012354135513305664 0.007666468620300293 0.09766638278961182 -0.9652966260910034 -1.0752966403961182 -1.0752966403961182 -3.4600000381469727 -0.7800002098083496 -0.809999942779541 -0.5199999809265137 -0.559999942779541 -0.559999942779541 -0.3900003433227539 -0.3900003433227539 -0.5300002098083496 -0.619999885559082 -0.679999828338623 -0.619999885559082 -0.440000057220459 -0.5799999237060547 -0.5799999237060547 -0.8199996948242188
-0.41999995708465576 -0.43999993801116943 -0.4299999475479126 -0.31999993324279785 -0.3700000047683716 -0.1499999761581421 -0.3200000524520874 -0.3799999952316284 -0.3799999952316284 -0.3250133991241455 -0.37501347064971924 -0.3850134611129761 -0.28501343727111816 -0.48000001907348633 -0.5199999809265137 -0.559999942779541 -0.559999942779541 -0.5499999523162842 -0.26605820655822754 -0.16605830192565918 -0.26605820655822754 0.07394170761108398 -0.0476459264755249 -0.0476459264755249 0.032354116439819336 0.012354135513305664 -0.10764586925506592 0.007666468620300293 0.027666449546813965 -1.335296630859375 -1.7452966570854187 -1.7452966570854187 -0.8899998664855957 -0.19999980926513672 -0.690000057220459 -0.559999942779541 -0.36999988555908203 -0.48000001907348633 -0.3600001335144043 -0.3600001335144043 -0.32000017166137695 -0.630000114440918 -0.6399998664855957 -0.5899996757507324 -0.5499997138977051 -0.5899996757507324 -0.5899996757507324 -0.5899996757507324
-0.46000003814697266 -0.4200000762939453 -0.3400000333786011 -0.4100000858306885 -0.3500000238418579 -0.3299999237060547 -0.3700000047683716 -0.3799999952316284 -0.3799999952316284 -0.3400000333786011 -0.3700000047683716 -0.4200000762939453 -0.3400000333786011 -0.46000003814697266 -0.4099999666213989 -0.31000006198883057 -0.31000006198883057 -0.41999995708465576 -0.4099999666213989 -0.3400000333786011 -0.3299999237060547 -0.13999998569488525 -0.0898059606552124 -0.0898059606552124 -0.10980606079101562 -0.1130133867263794 -0.06301343441009521 -1.969552755355835 -0.7595527172088623 -0.75 -0.6599998474121094 -0.6599998474121094 -1.3400001525878906 -0.679999828338623 -0.690000057220459 -0.6999998092651367 -0.5499997138977051 -0.46000003814697266 -0.5 -0.5 -0.4099998474121094 -0.6500000953674316 -0.690000057220459 -0.7899999618530273 -0.929999828338623 -0.7199997901916504 -0.7199997901916504 -2.0299999713897705
-0.4700000286102295 -0.3700000047683716 -0.25 -0.20000004768371582 -0.25999999046325684 -0.16999995708465576 -0.309999942779541 -0.3399999141693115 -0.3399999141693115 -0.25999999046325684 -0.26999998092651367 -0.2900000810623169 -0.43000006675720215 -0.4500000476837158 -0.3400000333786011 -0.41999995708465576 -0.41999995708465576 -0.33000004291534424 -0.31999993324279785 -0.2999999523162842 -0.25999999046325684 -0.18999993801116943 -1.9673151969909668 -1.9673151969909668 -2.1873152256011963 -4.25 -2.509999990463257 -1.1100001335144043 -1.8999998569488525 -0.6100001335144043 -0.690000057220459 -0.690000057220459 -0.48000001907348633 -0.6399998664855957 -0.5299997329711914 -0.5099997520446777 0 -0.25999975204467773 -0.36999988555908203 -0.36999988555908203 -0.48999977111816406 -0.6500000953674316 -0.679999828338623 -0.75 -1.8199999332427979 0 0 -1.239999771118164
-0.5300000905990601 -0.3700000047683716 -0.4500000476837158 -0.15000009536743164 -0.16999995708465576 -0.36000001430511475 -0.24000000953674316 -0.23000001907348633 -0.23000001907348633 -0.2200000286102295 -0.31000006198883057 -0.23000001907348633 -0.30000007152557373 -0.19000005722045898 -0.2999999523162842 -0.4700000286102295 -0.4700000286102295 -0.3200000524520874 -0.039999961853027344 -0.25 -0.5299999713897705 -0.3400000333786011 -2.1873152256011963 -2.1873152256011963 -2.0373151302337646 -2.4700000286102295 -2.940000057220459 -0.9699997901916504 -0.8299999237060547 -0.5900001525878906 -0.7300000190734863 -0.7300000190734863 -0.559999942779541 -0.5499997138977051 -0.5699996948242188 -0.6500000953674316 -0.46000003814697266 -0.440000057220459 -0.440000057220459 -0.440000057220459 -0.5099997520446777 -0.7599997520446777 -0.6999998092651367 -2.109999895095825 -1.6999998092651367 -1.3299999237060547 -1.3299999237060547 -1.0399999618530273
-3.53000009059906 -3.130000114440918 -0.3500000238418579 -0.3500000238418579 -0.5399999618530273 -0.5500000715255737 -0.3500000238418579 -0.3500000238418579 -0.3500000238418579 -0.31000006198883057 -0.31000006198883057 -0.690000057220459 -0.690000057220459 -1.9200000762939453 -1.9200000762939453 -2.5799999237060547 -2.5799999237060547 -2.669999897480011 -3.67000013589859 -1.6600000858306885 -1.809999942779541 -1 -0.869999885559082 -0.869999885559082 -0.6700000762939453 -0.6100001335144043 -2.8499999046325684 -0.559999942779541 0 -0.48999977111816406 -0.6599998474121094 -0.6599998474121094 -0.34999990463256836 -0.7599997520446777 -0.7300000190734863 -0.32000017166137695 -0.9499998092651367 -0.7399997711181641 -0.7399997711181641 -0.7899999618530273 -2.0799999237060547 -1.6399998664855957 -0.7699999809265137 -1.489999771118164 -1.6599998474121094 -0.5099997520446777 -0.5099997520446777 -0.7399997711181641
-1.2899999618530273 -1.2100000381469727 -1.3999998569488525 -2.6499998569488525 -3.0099997520446777 -1.9199998378753662 -1.7599997520446777 -1.440000057220459 -1.440000057220459 -3.3299999237060547 -2.759999990463257 -2.4200000762939453 -1.5699996948242188 -2.5899999141693115 -1.2300000190734863 -1.2300000190734863 -1.059999942779541 -0.7799997329711914 -2.190000057220459 -1.25 -0.9600000381469727 -0.8400001525878906 -1.1500000953674316 -1.1500000953674316 -0.48000001907348633 -0.570000171661377 -0.6700000762939453 -0.5900001525878906 -0.5 -0.7300000190734863 -0.5900001525878906 -0.5900001525878906 -0.559999942779541 -0.6700000762939453 -0.679999828338623 -0.7599997520446777 -0.8499999046325684 -0.21000003814697266 -0.21000003814697266 -1.0999999046325684 -0.6999998092651367 -0.7899999618530273 -0.809999942779541 -1.3499999046325684 -0.9499998092651367 -0.75 -0.75 -0.7300000190734863
-0.5999999046325684 -0.559999942779541 -0.8199996948242188 -0.3899998664855957 -1.1399998664855957 -1.1500000953674316 -1.1500000953674316 -0.9899997711181641 -0.9899997711181641 -0.9000000953674316 -0.940000057220459 -0.8600001335144043 -0.7899999618530273 -0.7300000190734863 -0.929999828338623 -0.929999828338623 0 -0.48999977111816406 -0.6999998092651367 -0.75 -0.5900001525878906 -0.6399998664855957 -0.6100001335144043 -0.6100001335144043 -0.5 -0.570000171661377 -0.38000011444091797 -0.5099997520446777 -0.6599998474121094 -0.5799999237060547 0 0 -0.5499997138977051 -0.75 0 -1.7699999809265137 0 -0.21000003814697266 -0.21000003814697266 -0.809999942779541 -0.7999997138977051 -0.6700000762939453 -0.9600000381469727 -0.9000000953674316 -0.8299999237060547 -0.7599997520446777 -0.7599997520446777 -0.619999885559082
-0.440000057220459 -0.690000057220459 -0.7599997520446777 -0.019999980926513672 -0.9499998092651367 -0.820000171661377 -0.809999942779541 -0.880000114440918 -0.880000114440918 -0.7899999618530273 -0.9200000762939453 -0.9200000762939453 0 -0.6999998092651367 -1.5399999618530273 -1.5399999618530273 -1.2699999809265137 -0.8600001335144043 -0.6700000762939453 -0.570000171661377 -0.5499997138977051 -0.6500000953674316 -0.6999998092651367 -0.6999998092651367 -0.4699997901916504 -0.5299997329711914 -0.309999942779541 -0.48999977111816406 -0.5199999809265137 -0.7699999809265137 -0.7699999809265137 -0.7699999809265137 -0.7599997520446777 -2.0399999618530273 -1.059999942779541 -0.7799997329711914 -0.690000057220459 -0.7899999618530273 -0.7899999618530273 -0.8299999237060547 -0.940000057220459 -0.8400001525878906 -0.940000057220459 -1.0799999237060547 -0.9499998092651367 -1.049999713897705 -1.049999713897705 -0.8299999237060547
-0.5199999809265137 -0.7899999618530273 -0.690000057220459 -0.5499997138977051 -0.6999998092651367 -0.630000114440918 -0.619999885559082 -0.880000114440918 -0.880000114440918 -0.8299999237060547 -0.7899999618530273 -0.820000171661377 -0.6599998474121094 -0.8400001525878906 -0.9800000190734863 -0.9800000190734863 -1.320000171661377 0 -0.559999942779541 -0.6399998664855957 -0.809999942779541 -0.5299997329711914 -0.630000114440918 -0.630000114440918 0 -0.5399999618530273 -0.5999999046325684 -0.8899998664855957 -0.8400001525878906 -2.0299999713897705 0 0 -1.429999828338623 -1.3400001525878906 -0.9099998474121094 -0.8499999046325684 -0.679999828338623 -0.880000114440918 -0.880000114440918 -0.6999998092651367 -0.880000114440918 -0.9600000381469727 -0.880000114440918 -0.21000003814697266 -1.070000171661377 -0.809999942779541 -0.809999942779541 -0.7199997901916504
-0.9937725067138672 -1.0137724876403809 -0.8837723731994629 -0.8637723922729492 -0.9537725448608398 -0.28377246856689453 -0.8137722015380859 -0.9737725257873535 -0.9737725257873535 -0.6385259628295898 -0.8085260391235352 0.0014739036560058594 0.0014739036560058594 -0.5385260581970215 -0.5485258102416992 -0.5485258102416992 -0.5285258293151855 -0.5085258483886719 -0.8299999237060547 -0.7599997520446777 -0.820000171661377 -0.75 -0.5099997520446777 -0.5099997520446777 -0.7100000381469727 -0.75 -0.5799999237060547 -0.630000114440918 -2.179999828338623 -1.619999885559082 -0.48000001907348633 -0.48000001907348633 -1.5900001525878906 -1.6599998474121094 -0.8600001335144043 -0.6700000762939453 -0.6999998092651367 -0.6999998092651367 -0.6999998092651367 -0.7699999809265137 -0.7699999809265137 -0.4200000762939453 -0.5299997329711914 -0.34999990463256836 -0.75 -0.9499998092651367 -0.9499998092651367 -0.8499999046325684
-1.1137723922729492 -1.0437722206115723 -0.9237723350524902 -0.8137722015380859 -0.8337721824645996 -0.8637723922729492 -0.7637724876403809 -0.8137722015380859 -0.8137722015380859 -0.5685262680053711 -0.8085260391235352 0.0014739036560058594 -0.6485261917114258 -0.5085258483886719 -0.6485261917114258 -0.6485261917114258 -0.5285258293151855 -0.7785258293151855 -0.559999942779541 0 -0.559999942779541 -0.6100001335144043 -0.5499997138977051 -0.5499997138977051 -0.7599997520446777 -0.7199997901916504 -1.7699999809265137 0 0 -1.0099997520446777 -1.0099997520446777 -1.1399998664855957 -1.1999998092651367 -0.9699997901916504 -0.8499999046325684 -0.75 -0.7999997138977051 -0.7999997138977051 -0.7999997138977051 -0.679999828338623 -0.8400001525878906 -0.5199999809265137 -0.690000057220459 -0.7100000381469727 -0.7799997329711914 -0.7399997711181641 -0.7399997711181641 -0.8299999237060547
-0.8537726402282715 -0.7937722206115723 -0.8137722015380859 -0.9137725830078125 -0.9037723541259766 -0.9037723541259766 -0.7437725067138672 -0.7437725067138672 -0.28377246856689453 -0.6185259819030762 -0.6085262298583984 -0.7585258483886719 -0.7085261344909668 -0.8085260391235352 -0.8985261917114258 -0.8985261917114258 -0.6285262107849121 -0.7585258483886719 -0.6999998092651367 -0.7199997901916504 -0.8499999046325684 -0.7599997520446777 -0.11999988555908203 -0.11999988555908203 -1.5399999618530273 -1.3899998664855957 -1.190000057220459 -0.7100000381469727 -0.7300000190734863 -0.5799999237060547 -0.5799999237060547 -0.6599998474121094 -0.7100000381469727 -0.2799997329711914 -0.7300000190734863 -0.7599997520446777 -0.820000171661377 -0.7399997711181641 -0.7399997711181641 -0.9899997711181641 -0.9099998474121094 -0.7300000190734863 -0.690000057220459 -0.8899998664855957 -0.5999999046325684 -0.5199999809265137 -0.5199999809265137 -0.5499997138977051
-0.8837723731994629 -0.8337721824645996 -0.8937726020812988 -0.8237724304199219 -0.8337721824645996 -0.8837723731994629 -0.8737726211547852 -0.8737726211547852 -0.8537726402282715 -0.6085262298583984 -0.4385261535644531 -0.7485260963439941 -0.6085262298583984 -0.7785258293151855 -0.4285259246826172 -0.4285259246826172 -0.7285261154174805 -0.5985260009765625 -0.5099997520446777 -0.7399997711181641 -0.7799997329711914 -2.0799999237060547 -1.7899999618530273 -1.7899999618530273 -2.009999990463257 -2.1000001430511475 -1.6700000762939453 -1.869999885559082 -0.6399998664855957 -0.36999988555908203 -0.36999988555908203 -0.3400001525878906 -0.570000171661377 -0.48999977111816406 -0.5499997138977051 -0.5900001525878906 -0.6100001335144043 -0.570000171661377 -0.570000171661377 -0.6500000953674316 -0.75 -0.7999997138977051 -0.5999999046325684 -0.5 -0.6399998664855957 -0.5499997138977051 -0.5499997138977051 0
-0.7637724876403809 -0.7437725067138672 -0.9237723350524902 -0.6837725639343262 -0.8237724304199219 -0.8137722015380859 -0.8137722015380859 -0.8137722015380859 -0.8637723922729492 -0.6285262107849121 0.0014739036560058594 -0.7585258483886719 -0.7285261154174805 -0.8185262680053711 -0.7985258102416992 -0.7985258102416992 -0.9485259056091309 -1.8485260009765625 -1.5399999618530273 -0.7399997711181641 -1.3899998664855957 -0.7599997520446777 -0.559999942779541 -0.559999942779541 -1.25 -1.619999885559082 -1.299999713897705 -0.7100000381469727 -0.630000114440918 -0.690000057220459 -0.690000057220459 -0.5499997138977051 -0.570000171661377 -0.5399999618530273 -0.4499998092651367 -0.559999942779541 -0.5099997520446777 -0.5399999618530273 -0.5399999618530273 -0.32000017166137695 -0.48999977111816406 -0.6399998664855957 -0.6399998664855957 -0.679999828338623 -0.9200000762939453 -1.1999998092651367 -1.1999998092651367 -1.7899999618530273
-0.28377246856689453 -0.7937722206115723 -0.9537725448608398 -0.8037724494934082 -0.8737726211547852 -0.8337721824645996 -0.8837723731994629 -0.8837723731994629 -1.1137723922729492 -0.8485260009765625 -0.7485260963439941 0.0014739036560058594 -0.2085261344909668 -1.9285259246826172 -2.2285261154174805 -2.2285261154174805 -0.7885260581970215 0.0014739036560058594 0 -0.6399998664855957 -0.48999977111816406 -0.679999828338623 -0.5299997329711914 -0.5299997329711914 -0.6599998474121094 -1.1599998474121094 -1.2300000190734863 0 -0.679999828338623 -0.6599998474121094 -0.6599998474121094 -0.4699997901916504 -0.48000001907348633 -0.5299997329711914 -0.5299997329711914 -0.2999997138977051 -0.559999942779541 -0.5499997138977051 -0.5499997138977051 -0.559999942779541 -0.5999999046325684 -0.6599998474121094 -0.869999885559082 -1.179999828338623 -4.25 -4.0899999141693115 -4.0899999141693115 -4.309999942779541
