SimulationData/Scenarios/Waterwolf/Flooding/Uitdammerdijk/780.asc
ncols        561
nrows        278
xllcorner    4.817258165162
yllcorner    52.370746892638
cellsize     0.000511251697
NODATA_value  -9999
[rows 220 to 241 of 278, columns 192 to 239 of 561]
-0.6699999868869781 -0.6699999868869781 -2.3499999046325684 -2.1699999570846558 -1.0099999606609344 -0.6399999856948853 -3 -1.9999999403953552 -1.9999999403953552 0 -0.41999995708465576 0 -0.9300000667572021 -0.5 -2.2399999499320984 -1.7900002002716064 -1.7900002002716064 -0.7200002670288086 -0.9000000953674316 -0.7400002479553223 -1.1700000762939453 -1.3400001525878906 -0.8000001907348633 -1.4500000476837158 -1.4500000476837158 -0.7800002098083496 -3.010000228881836 -9.160000324249268 -9.170000076293945 -0.28999996185302734 -1.4700002670288086 -1.4700002670288086 -1.4800002574920654 -1.5300002098083496 -1.3400001525878906 -1.2300002574920654 -1.4800002574920654 -1.380000114440918 -1.7300002574920654 -1.7300002574920654 -1.190000295639038 -1.1200001239776611 -1.2800002098083496 -1.4600002765655518 0 -2.7300002574920654 -1.5500001907348633 -1.5500001907348633
-0.3800000548362732 -0.5300000309944153 -0.37000006437301636 -0.4599999785423279 -2.21999990940094 -2.009999990463257 -2.3799999952316284 -1.5599999725818634 -1.5599999725818634 -3.109999895095825 -3.25 -2.859999895095825 -1.079999953508377 -3.4700002670288086 -5.300000220537186 -0.820000171661377 -0.820000171661377 -0.6600003242492676 -0.6400003433227539 -0.880000114440918 -0.9000000953674316 -0.7100000381469727 -0.7300000190734863 0 0 -2.190000295639038 -8.970000267028809 -8.830000400543213 -0.8400001525878906 -1.6200003623962402 -1.6200003623962402 -1.6200003623962402 -0.5500001907348633 -0.6500000953674316 -2.2300000190734863 -0.1700000762939453 -0.26999998092651367 -0.4100000858306885 -0.4100000858306885 -0.4100000858306885 -0.34999990463256836 -1.5900003910064697 -1.3500001430511475 -1.450000286102295 0 -5.220000177621841 -4.850000191479921 -4.850000191479921
-0.30000001192092896 -0.1899999976158142 -0.3199999928474426 -0.2300000786781311 -2.5 -2.4799998998641968 -2.3299999237060547 -2.209999918937683 -2.209999918937683 -2.819999933242798 0 -4.5 0 -3.4700002670288086 -3.2200002670288086 -0.7100000381469727 -0.7100000381469727 -0.7600002288818359 -0.7300000190734863 -0.75 -0.7100000381469727 -0.8300004005432129 -0.6400003433227539 -0.6400003433227539 -0.6800003051757812 -8.540000200271606 -9.03000020980835 -2.690000295639038 -1.250000238418579 -1.6200003623962402 -1.5600001811981201 -1.5600001811981201 -0.440000057220459 -0.880000114440918 -1.6100001335144043 -3.7000000197440386 -0.9900000095367432 -0.9900000095367432 -0.2999999523162842 -0.2999999523162842 -0.3600001335144043 -1.5900003910064697 -1.250000238418579 -1.3700001239776611 -1.1800003051757812 0 0 -2.3600001335144043
-0.3199999928474426 -0.5300000309944153 -0.2900000214576721 -0.050000011920928955 -2.049999952316284 -2.209999918937683 -2.409999966621399 -2.409999966621399 -2.409999966621399 -1.3699999451637268 0 0 -3.369999885559082 -5.11000020802021 -5.81000018119812 -5.799999952316284 -5.799999952316284 -2.5199999809265137 -0.5400004386901855 -0.75 -0.7900004386901855 -0.7100000381469727 -5.050000209361315 -5.050000209361315 -8.510000228881836 -7.3500001430511475 -0.23000001907348633 -1.320000171661377 -1.500000238418579 -1.7400002479553223 -1.7200002670288086 -1.7200002670288086 -1.0199999809265137 -3.550000011920929 -0.19000005722045898 -0.25 -0.25 -0.34999990463256836 -0.13000011444091797 -0.13000011444091797 -0.48000001907348633 -1.2300002574920654 -1.5400002002716064 -1.2700002193450928 -1.4100000858306885 -1.4100000858306885 -1.4100000858306885 -1.1800003051757812
-0.17000001668930054 -0.3899999260902405 -0.3899999260902405 -0.1199999451637268 -1.5699999928474426 -0.11999998986721039 -1.35999995470047 -1.300000011920929 -1.300000011920929 -3.1899999380111694 0 0 0 -2.5799999237060547 -0.15999996662139893 -1.7100000381469727 -1.7100000381469727 -1.4000000655651093 -4.9300002083182335 -1.7900002002716064 -0.6800003051757812 -3.0500001907348633 -6.740000247955322 -6.740000247955322 -7.320000171661377 0 -1.630000352859497 -0.690000057220459 -0.5399999618530273 -0.8299999237060547 -0.5899999141693115 -0.5899999141693115 -3.3700000047683716 -0.5 -0.4500000476837158 -0.5799999237060547 -0.7100000381469727 -0.4500000476837158 -0.3900001049041748 -0.3900001049041748 -0.3600001335144043 -1.5300002098083496 -1.580000400543213 -1.500000238418579 -1.260000228881836 -1.5500001907348633 -1.5500001907348633 -1.3100001811981201
-0.20999997854232788 -0.3399999737739563 -0.4100000262260437 -0.1600000262260437 -1.4100000262260437 -1.4300000071525574 -1.3499999642372131 -1.7399999499320984 -1.7399999499320984 -1.8399999737739563 -2.009999930858612 0 0 0 -1.1199999451637268 -1.76999993622303 -1.76999993622303 -2.099999964237213 -1.7299999594688416 -2.0299999713897705 -3.3700002431869507 0 -1.1800003051757812 -1.1800003051757812 0 -1.510000228881836 -1.630000114440918 -0.5699999332427979 -0.7400000095367432 -3.4799998998641968 -3.8299998957663774 -3.8299998957663774 -0.309999942779541 -0.3399999141693115 -0.440000057220459 -0.1400001049041748 -0.4700000286102295 -0.18000006675720215 -0.19000005722045898 -0.19000005722045898 -0.23000001907348633 -1.3000001907348633 -1.500000238418579 -1.440000295639038 -1.5300002098083496 -1.3400001525878906 -1.3400001525878906 -1.570000171661377
-0.1899999976158142 -0.3899999260902405 -0.30000001192092896 -0.4699999690055847 -1.25 -1.3699999451637268 -1.4799999594688416 -1.39000004529953 -1.39000004529953 -0.929999977350235 0 -2.709999918937683 0 0 -3.2799999713897705 -3.2799999713897705 -0.07999992370605469 -1.8999999463558197 -1.949999988079071 -0.6699999570846558 -9.220000267028809 -3.6400002241134644 -3.220000147819519 -3.220000147819519 -3.6100001335144043 -1.4700002670288086 -0.33329010009765625 -0.5399999618530273 -0.5899999141693115 -3.669999897480011 -0.5399999618530273 -0.5399999618530273 -0.25999999046325684 -0.25 -0.13000011444091797 -0.4700000286102295 -0.7300000190734863 -0.3399999141693115 -0.3399999141693115 -0.3399999141693115 -0.25 -1.190000295639038 -1.2900002002716064 -1.2700002193450928 -1.1800003051757812 -1.2200002670288086 -1.2200002670288086 -1.4100000858306885
-0.5200000405311584 -0.4899999499320984 -0.4599999785423279 -0.4699999690055847 -2.149999976158142 -1.850000023841858 -2.100000023841858 -1.8199999928474426 -1.8199999928474426 0 -1.0299999713897705 -2.2299999594688416 0 0 -2.869999885559082 -2.869999885559082 -0.85999995470047 -2.10999995470047 -0.7100000083446503 -3.550000011920929 -4.78000009059906 -0.36000001430511475 -4.080000162124634 -4.080000162124634 -3.900000214576721 -3.3600001335144043 -1.3100001811981201 0 -4.620000183582306 -1.4000000953674316 -1.3000001907348633 -1.500000238418579 -1.2700002193450928 -1.2200002670288086 -1.3100001811981201 -1.510000228881836 -0.4499986171722412 -0.2499988079071045 -0.2499988079071045 -0.31999874114990234 -0.3599987030029297 -0.3299999237060547 -0.23000001907348633 -0.15000009536743164 -0.13000011444091797 -1.5500001907348633 -1.5500001907348633 -1.6100001335144043
-0.34999996423721313 -0.60999995470047 -0.6600000262260437 -0.4300000071525574 -2.2200000286102295 -1.75 -1.199999988079071 -0.75 -0.75 -0.04000002145767212 -1.8799999952316284 -2.859999895095825 0 -0.9199999570846558 -1.6599999442696571 -1.6599999442696571 -2.1799999475479126 -0.4299999475479126 -1.5699999928474426 -2.0299999713897705 -0.30000001192092896 -0.3799999952316284 -4.530000180006027 -4.530000180006027 -4.390000194311142 -4.350000202655792 -5.27000018954277 -4.580000191926956 -4.4900001883506775 -1.5300002098083496 0 0 -1.2100002765655518 -1.1600000858306885 -1.200000286102295 -1.3400001525878906 -0.45999860763549805 -0.5399987697601318 -0.5399987697601318 -0.45999860763549805 -0.4699985980987549 -0.2200000286102295 -0.38000011444091797 -0.28999996185302734 -0.24000000953674316 -1.500000238418579 -1.500000238418579 -1.3500001430511475
-0.6199999451637268 -0.6300000548362732 -0.3800000548362732 -0.6299999356269836 -2.1399999856948853 -1.199999988079071 -0.9999999925494194 -1.0199999958276749 -1.0199999958276749 -1.1500000059604645 -2.2899999618530273 -1.7299999445676804 0 -0.6299999356269836 -1.3299999386072159 -1.3299999386072159 -1.9799999594688416 -3.5299999713897705 -0.5499999970197678 -0.7899999991059303 -0.7900000065565109 -0.4699999988079071 -4.330000191926956 -4.330000191926956 -4.350000202655792 -4.2900002002716064 -4.52000018954277 -2.830000162124634 -4.690000206232071 -4.700000189244747 -2.440000295639038 -2.440000295639038 0 -0.440000057220459 -1.500000238418579 -1.4200000762939453 -0.029998779296875 -0.6999986171722412 -0.6999986171722412 -0.8599987030029297 -0.17999863624572754 -0.1099998950958252 -0.24000000953674316 -0.31999993324279785 -0.8600001335144043 -1.2400002479553223 -1.2400002479553223 -1.2700002193450928
-0.4599999785423279 -0.5300000309944153 -0.5100000500679016 -0.3399999737739563 -1.9600000381469727 -0.6399999856948853 -1.3899999856948853 -1.3899999856948853 -1.0199999809265137 -0.1899999976158142 -1.6500000432133675 0 -1.6299999430775642 -1.839999943971634 -1.829999953508377 -1.829999953508377 -5.510000228881836 -0.6400001049041748 -1.6300000548362732 -1.8200000524520874 0 -2.200000047683716 -0.689999982714653 -0.689999982714653 -0.4699999690055847 -0.7899999767541885 -0.7699999809265137 -0.3700000047683716 -0.6100000143051147 -0.45000001788139343 -0.45000001788139343 -0.45000001788139343 -4.90000019967556 -4.430000185966492 -4.120000183582306 -1.2300002574920654 0 0 0 -1.3000001907348633 -1.1800003051757812 -0.08000016212463379 -0.3600001335144043 -1.380000114440918 -1.570000171661377 0 0 -2.1800003051757812
-0.6299999356269836 -0.4100000262260437 -0.34999996423721313 -0.4699999690055847 -1.6299999952316284 -1.1099999845027924 -0.7999999821186066 -0.7999999821186066 -1.0599999874830246 -1.7099999487400055 -1.9599999487400055 0 -1.679999940097332 -4.4700000286102295 -5.7200000286102295 -5.7200000286102295 -0.49000000953674316 -4.930000066757202 -0.5 -0.4099999964237213 -1.510000042617321 -1.2000000476837158 0 0 -1.2700000405311584 -1.7300000488758087 -1.1300000250339508 -0.8700000643730164 -1.2600000500679016 -0.3199999928474426 -0.3199999928474426 -0.07999998331069946 -4.650000184774399 -4.90000019967556 -4.860000193119049 -2.570000171661377 -1.7100002765655518 -1.320000171661377 -1.320000171661377 0 -1.200000286102295 -1.500000238418579 -1.3500001430511475 -0.75 -1.5400002002716064 -4.8700001910328865 -4.8700001910328865 -3.3400001525878906
-0.6199999451637268 -0.39000004529953003 -0.7299999594688416 -0.3699999451637268 -1.5899999737739563 -0.9399999864399433 -0.9399999864399433 -0.9399999864399433 -1.4599999785423279 -2.1299999356269836 0 -0.31999993324279785 -2.1299999356269836 -5.6499998569488525 -0.2199997901916504 -0.2199997901916504 -0.11999988555908203 -4.539999902248383 -0.5899999774992466 -0.4899999797344208 -0.429999977350235 -0.429999977350235 -0.739999994635582 -0.739999994635582 -0.9799999967217445 -1.2099999785423279 -0.6099999845027924 -1.3200000375509262 0 -1.590000033378601 -1.590000033378601 -1.0400000512599945 -0.9800000488758087 -1.2800000309944153 -0.2200000286102295 -0.23000001907348633 -2.419999986886978 -1.4599999785423279 -1.4599999785423279 -3.599999964237213 -2.859865978360176 -1.8399999141693115 -2.7399999499320984 -0.4100000858306885 -1.2300000339746475 -0.3199999928474426 -0.3199999928474426 -0.17000001668930054
-0.7699999809265137 -0.6800000667572021 -0.5900000333786011 -0.7899999618530273 -0.3100000023841858 -0.7700000256299973 -1.020000010728836 -1.020000010728836 -1.179999977350235 -1.9999999403953552 0 -1.9299999475479126 -2.6299999952316284 -5.75 -0.07999992370605469 -0.07999992370605469 -6.069999933242798 -5.239999890327454 -0.41999997198581696 -0.3399999737739563 -0.4699999690055847 -0.4099999815225601 -0.7699999809265137 -0.7699999809265137 -0.5799999833106995 -0.6299999952316284 -0.7099999934434891 -1.2000000476837158 -1.3400000408291817 -1.2400000393390656 -1.2400000393390656 -0.440000057220459 0 -1.6500000357627869 -0.39000001549720764 -0.9800000190734863 -2.6399999856948853 -1.4200000166893005 -1.4200000166893005 -1.0099999904632568 -3.7399999499320984 -0.8199999332427979 -3.739999920129776 -1.3600000441074371 -0.8200000524520874 -0.32999998331069946 -0.32999998331069946 -0.2800000011920929
-0.8300000429153442 -0.7599999904632568 -0.7799999713897705 -0.49000000953674316 -1.0300000309944153 -0.6100000292062759 -0.6800000071525574 -0.6800000071525574 -0.4599999934434891 0 0 -0.7100000102072954 -1.1600000578910112 -6.069999933242798 -0.3299999237060547 -0.3299999237060547 -5.069999933242798 -5.980000019073486 -0.4099999815225601 -0.6699999868869781 -0.37999996542930603 -0.5799999758601189 -0.9799999967217445 -0.9799999967217445 -0.7899999916553497 -0.7899999916553497 -0.7099999934434891 -0.16999998688697815 -0.12999999523162842 -0.29999998211860657 -0.29999998211860657 -0.12999999523162842 -1.2800000309944153 -1.3300000429153442 0 -2.090000033378601 -2.0600000619888306 -0.48000001907348633 0 0 -1.170000046491623 -0.9999999701976776 -1.189999982714653 -0.4099999964237213 -0.2800000011920929 -0.29999998211860657 -0.29999998211860657 -0.3699999749660492
-1.3400000259280205 -1.2400000020861626 -1.5399999544024467 -1.2000000402331352 -1.1299999803304672 -1.1199999824166298 -1.5399999432265759 -1.5399999432265759 -2.009999930858612 0 -2.1299999356269836 -3.699999988079071 -5.429999947547913 -0.6099998950958252 -5.960000038146973 -5.960000038146973 -4.699999928474426 -5.679999828338623 -0.550000011920929 -0.550000011920929 -0.22999998927116394 -0.23999999463558197 -0.12000000476837158 -0.12000000476837158 -0.5200000107288361 -0.510000005364418 -0.5200000032782555 -0.4699999988079071 -0.46000000089406967 -0.5200000032782555 -0.5200000032782555 -0.2800000011920929 -0.12000001966953278 -0.10000000894069672 -1.2300000339746475 -0.5000000596046448 -0.6100000143051147 -0.8100000619888306 -0.8100000619888306 0 -0.5100000500679016 0 -0.43000006675720215 -1.1500000357627869 -1.090000033378601 -1.219999998807907 -1.219999998807907 -0.9199999868869781
-1.3400000259280205 -1.31000005453825 -1.5900000259280205 -1.019999973475933 -0.5899999737739563 -1.2099999785423279 -1.7099999487400055 -1.7099999487400055 -0.43999993801116943 0 -1.339999943971634 -4.009999990463257 -0.11999988555908203 -0.19999980926513672 -4.499999940395355 -4.499999940395355 -2.0199999809265137 -3.729999929666519 -0.2800000011920929 -1.5600000023841858 -0.8299999833106995 -0.1899999976158142 -0.1899999976158142 -0.1599999964237213 -0.5200000107288361 -0.3500000014901161 -0.09000000357627869 -0.25999999046325684 -0.07999998331069946 -0.09999999403953552 -0.09999999403953552 -0.44999999925494194 -0.5000000149011612 -0.20000001788139343 -1.510000042617321 0 -0.5100000500679016 -1.0600000321865082 -1.0600000321865082 0 -0.28000009059906006 -0.3400000333786011 -0.5299999713897705 0 -1.090000033378601 -1.280000001192093 -1.280000001192093 -0.9600000083446503
-1.2300000116229057 -1.3600000068545341 -1.269999973475933 -0.45000001043081284 -1.1099999845027924 -1.0799999795854092 -1.8799999356269836 -1.8799999356269836 0 -2.880000054836273 -3.6700000762939453 -1.0799999237060547 -1.0199999809265137 -3.999999910593033 -5.559999942779541 -5.559999942779541 -2.0199999809265137 -5.579999923706055 -2.790000081062317 -2.100000023841858 -0.13999998569488525 -0.4699999690055847 -0.4699999690055847 -1.8600000143051147 -2.790000081062317 -1.7399999499320984 -2.2199999690055847 -0.5499999895691872 -0.3999999910593033 -0.17000000178813934 -0.17000000178813934 -0.37000000663101673 -0.32999998331069946 -0.529999990016222 -1.7000000327825546 -2.090000033378601 -9999 -1.6500000357627869 -1.6500000357627869 -3.3600000143051147 -3.2699999809265137 -3.6000001430511475 -2.240000009536743 -1.5300000458955765 -0.940000057220459 -0.940000057220459 -1.5999999940395355 -1.469999998807907
-4.4700000286102295 -1.5 -1.0599999949336052 -0.7300000116229057 -0.5399999618530273 -2.7399998903274536 0 0 0 -4.450000047683716 -2.7200000286102295 -1 -7.449999809265137 -2.4899999499320984 -2.7799999713897705 -2.7799999713897705 -0.3999999165534973 -9999 -2.529999926686287 -1.4500000029802322 -0.38999999314546585 -0.009999990463256836 -0.009999990463256836 -0.3900000061839819 -0.8100000023841858 -0.7199999988079071 -0.7300000190734863 -0.6300000101327896 -0.5600000023841858 -0.6700000166893005 -0.6700000166893005 -0.6300000101327896 -0.7000000178813934 -0.9500000178813934 -0.06000000238418579 -0.5800000131130219 -0.929999977350235 -9999 -9999 -1.2799999713897705 -9999 -9999 -9999 -0.8299999982118607 0 0 0 -1.660000041127205
-1.2799999713897705 -4.7200000286102295 -1.7900000140070915 -1.5999999567866325 -2.2199999690055847 -1.829999953508377 0 0 -2.509999930858612 -4.9100000858306885 -0.7100000381469727 -2.129999876022339 -5.099999904632568 -4.0299999713897705 -2.409999966621399 -2.409999966621399 -0.029999971389770508 -1.7099998593330383 -2.109999969601631 -0.7299999743700027 -0.75 -0.510000005364418 -0.510000005364418 -0.6899999976158142 -0.5600000023841858 -0.6700000166893005 -0.7199999988079071 0 -0.46000000461935997 -0.37000000663101673 -0.37000000663101673 -0.6700000166893005 -0.5000000074505806 -0.5900000035762787 -0.36000000685453415 -0.24000000953674316 -0.7099999748170376 -0.6299999766051769 -0.6299999766051769 -1.0499999821186066 -0.7299999743700027 -0.8599999845027924 -0.8599999845027924 -0.6599999964237213 -0.5499999970197678 -0.5499999970197678 -9999 0
-1.1500000208616257 -0.9100000113248825 -2.859999895095825 -2.5299999713897705 0 0 -7.340000152587891 -7.340000152587891 0 -0.7200000286102295 -2.940000057220459 -5.740000009536743 -5.039999961853027 -3.7899999618530273 -3.7899999618530273 -3.0299999713897705 -0.2399999499320984 -0.050000011920928955 -9999 -0.8400000333786011 0 0 0 0 -0.5600000023841858 -0.49000000953674316 -0.8700000047683716 0 -0.42000000551342964 -0.6400000005960464 -0.6400000005960464 -0.6200000047683716 -0.5800000131130219 -0.510000005364418 -0.5200000032782555 -0.3500000052154064 -0.8899999707937241 -1.0699999630451202 -1.0699999630451202 -1.0099999904632568 -0.9699999690055847 -0.4300000071525574 -0.5600000023841858 0 -0.3399999924004078 -0.3399999924004078 -0.5199999958276749 -9999
-0.7099999785423279 -0.6000000238418579 -2.5899999141693115 -2.35999995470047 -2.1600000858306885 -7.370000123977661 -4.5 -4.5 -0.25 0 -7 -0.8399999737739563 -0.7399999499320984 -0.5399999618530273 -0.5399999618530273 -0.3200000524520874 -0.24000000953674316 -0.5399999618530273 -1.3400000035762787 -1.5000000298023224 0 -0.7899999916553497 -0.7899999916553497 0 -0.7100000083446503 -0.6000000089406967 -0.7199999988079071 -0.7899999916553497 -0.7899999916553497 -0.7199999988079071 -0.7199999988079071 -0.5200000032782555 -0.7300000190734863 -0.6700000166893005 -0.8799999952316284 -0.7100000083446503 -0.41999997198581696 -0.9899999797344208 -0.9899999797344208 -1.0199999809265137 -1.0599999725818634 -0.8499999940395355 -0.800000011920929 -0.7700000107288361 -0.6200000047683716 -0.6200000047683716 -9999 -9999
