SimulationData/Scenarios/Waterwolf/Flooding/Uitdammerdijk/840.asc
ncols        561
nrows        278
xllcorner    4.817258165162
yllcorner    52.370746892638
cellsize     0.000511251697
NODATA_value  -9999
[rows 154 to 175 of 278, columns 96 to 143 of 561]
-0.9000000357627869 0 0 -0.019999980926513672 -0.019999980926513672 -0.43000006675720215 -0.550000011920929 -1.0800000727176666 -0.8800000548362732 -0.8800000548362732 -1.0300000607967377 -0.4700000286102295 -1.0700000822544098 -1.1100000441074371 -1.0700000822544098 -0.9000000357627869 -0.9200000166893005 -0.9200000166893005 -1.2000000476837158 -1.240000069141388 -1.5000000596046448 -1.190000057220459 -1.0300000309944153 -1.4800000488758087 -1.370000034570694 -1.370000034570694 -0.800000011920929 -0.8600000143051147 -1.3100000321865082 -1.1600000262260437 -1.4100000262260437 -0.6700000166893005 -0.6700000166893005 -0.6200000047683716 -0.9200000166893005 -0.07999992370605469 -0.23000001907348633 -0.11000001430511475 -0.2099999189376831 -0.07999992370605469 -0.07999992370605469 -0.18999993801116943 -0.5299999713897705 -0.38999998569488525 0 0 0 0
-6.629999876022339 -6.240000009536743 -6.240000009536743 -5.049999952316284 -3.759999990463257 -2.400000035762787 -0.5900000333786011 -0.7900000214576721 -0.9000000357627869 -0.9000000357627869 -0.9900000393390656 -0.440000057220459 -0.7600000500679016 -0.5100000500679016 -0.7900000214576721 -0.8600000739097595 -1.460000067949295 -1.460000067949295 -1.0000000596046448 -0.89000004529953 -1.5800000429153442 -1.0600000619888306 -0.3799999952316284 -0.9300000667572021 -1.0500000715255737 -0.3799999952316284 -0.46000003814697266 -0.6700000166893005 -0.6500000357627869 -1.2600000500679016 -0.18000006675720215 -0.2900000810623169 -0.2900000810623169 -0.31000006198883057 -0.1700000762939453 -0.1499999761581421 -0.16999995708465576 -0.15999996662139893 -0.16999995708465576 -0.15999996662139893 -0.15999996662139893 -0.07999992370605469 -0.07999992370605469 -0.3399999141693115 0 0 0 0
-9999 -5.470000170171261 -5.470000170171261 -0.38999998569488525 -0.21000003814697266 -1.600000023841858 -0.31000006198883057 0 -0.48000001907348633 -0.48000001907348633 -0.8100000619888306 -0.6800000667572021 -0.7900000214576721 -0.8600000739097595 -0.8200000524520874 -0.7900000214576721 -0.3799999952316284 -0.3799999952316284 -2.850000023841858 -2.7700000405311584 -0.3799999952316284 -0.7300000190734863 -0.8000000715255737 -0.3799999952316284 -0.6700000762939453 -0.6700000762939453 -0.25999999046325684 -1.0099999904632568 -0.7100000381469727 -0.940000057220459 -0.18000006675720215 -0.28000009059906006 -0.28000009059906006 -0.13999998569488525 -0.23000001907348633 -0.18999993801116943 -0.07999992370605469 -0.16999995708465576 -0.2200000286102295 -0.07999992370605469 -0.07999992370605469 -0.12000000476837158 -0.07999992370605469 -0.15999996662139893 -0.24000000953674316 0 0 0
-9999 -9999 -9999 -1.5600000470876694 -0.43000006675720215 -1.4900000467896461 -1.5800000429153442 -1.7699999660253525 -2.0099999606609344 -2.0099999606609344 -2.2299999594688416 -2.709999918937683 -2.8899999856948853 -2.8799999952316284 -3.440000057220459 -3.25 -0.3799999952316284 -0.3799999952316284 -1.3600000441074371 -2.6200000643730164 -0.3400000333786011 -0.6200000047683716 -0.4700000286102295 -0.4200000762939453 -0.3400000333786011 -0.3400000333786011 -0.13999998569488525 -0.3799999952316284 -1.0000000596046448 -0.64000004529953 -0.6600000262260437 -0.26999998092651367 -0.26999998092651367 -0.3500000238418579 -0.25 -0.1499999761581421 -0.25 -0.07999992370605469 -0.2799999713897705 -0.3799999952316284 -0.3799999952316284 -0.15999996662139893 -0.11000001430511475 -0.16999995708465576 -0.24000000953674316 -0.09999990463256836 -0.09999990463256836 -0.09999990463256836
-9999 -9999 -9999 -9999 -6.92000025510788 -0.3400000333786011 -1.2400000542402267 -0.029999971389770508 -1.9799999594688416 -1.9799999594688416 -1.9899999499320984 -2.0399999618530273 -1.7400000393390656 -1.9100000262260437 -1.8800000250339508 -1.7800000309944153 -2.2500000298023224 -2.2500000298023224 -2.5100000500679016 -3.1600000858306885 -2.740000069141388 -0.4500000476837158 -0.9800000190734863 -0.3799999952316284 -0.3799999952316284 -0.3799999952316284 -0.13999998569488525 -0.13999998569488525 -0.13999998569488525 -0.13999998569488525 -0.13999998569488525 -0.24000000953674316 -0.24000000953674316 -0.4200000762939453 -0.25 -0.07999992370605469 -0.28999996185302734 -0.8999999761581421 -0.24000000953674316 -0.2200000286102295 -0.2200000286102295 -0.07999992370605469 -0.18999993801116943 -0.1499999761581421 -0.09999990463256836 -0.19999992847442627 -0.21999990940093994 -0.21999990940093994
-9999 -9999 -9999 -9999 -9999 -2.150000035762787 -1.3400000482797623 -0.08999991416931152 -0.039999961853027344 -0.039999961853027344 -1.8099999725818634 -1.899999976158142 -1.870000034570694 -1.8800000250339508 -1.8800000250339508 -1.8800000250339508 -2.150000035762787 -2.150000035762787 -3.440000057220459 -1.7000000476837158 -0.8800000548362732 -0.3799999952316284 -0.3799999952316284 -0.3799999952316284 -0.3799999952316284 -0.3799999952316284 -0.13999998569488525 -0.13999998569488525 -0.5 -0.7000000476837158 -1.050000011920929 -0.800000011920929 -0.800000011920929 -0.13999998569488525 -0.24000000953674316 -0.3399999141693115 -0.3999999761581421 -0.13999998569488525 -0.07999992370605469 -0.43999993801116943 -0.43999993801116943 -0.2099999189376831 -0.07999992370605469 -0.12999999523162842 -0.16999995708465576 -0.09999990463256836 -0.13999998569488525 -0.13999998569488525
-9999 -9999 -9999 -9999 -9999 -7.3999998569488525 -7.5299999713897705 -1.3899999856948853 -0.28999996185302734 -0.28999996185302734 -0.19999992847442627 -0.4700000286102295 -1.0699999630451202 -0.08999991416931152 -0.08999991416931152 -0.08999991416931152 -0.09999990463256836 -0.09999990463256836 -0.09999990463256836 -0.09999990463256836 -0.09999990463256836 -0.09999990463256836 -0.25 -0.25 -0.25 -0.19999992847442627 -0.2900000810623169 -0.3200000524520874 -0.3200000524520874 -0.4200000762939453 -0.21000003814697266 -1.4600000530481339 -1.4600000530481339 -0.7300000786781311 -0.5400000810623169 -0.6100000143051147 -0.6200000047683716 -0.6600000858306885 -0.40000009536743164 -0.4100000858306885 -0.4100000858306885 -0.3700000047683716 -0.21000003814697266 -0.3200000524520874 -0.1499999761581421 -0.13999998569488525 -0.21000003814697266 -0.21000003814697266
-9999 -9999 -9999 -9999 -9999 -9999 -0.21000003814697266 -4.130000114440918 -2.0600000619888306 -2.0600000619888306 -0.009999990463256836 -0.05000007152557373 -0.08999991416931152 -0.08999991416931152 -0.08999991416931152 -0.08999991416931152 -0.09999990463256836 -0.09999990463256836 -0.09999990463256836 -0.60999995470047 -0.5099999904632568 -0.34999990463256836 -0.25 -0.1799999475479126 -0.1799999475479126 -0.04999995231628418 -0.31000006198883057 -0.3400000333786011 -0.24000000953674316 -0.5 -0.24000000953674316 -0.5600000619888306 -0.5600000619888306 -0.9600000381469727 -0.6600000858306885 -0.5700000524520874 -0.5300000905990601 -0.4200000762939453 -0.3700000047683716 -0.2600001096725464 -0.2600001096725464 -0.3200000524520874 -0.4700000286102295 -0.3700000047683716 -0.2200000286102295 -0.19000005722045898 -0.20000004768371582 -0.20000004768371582
-9999 -9999 -9999 -9999 -9999 -9999 -9999 -7.430000066757202 -0.8800000548362732 -0.8800000548362732 -1.9600000381469727 -0.009999990463256836 -0.08999991416931152 -0.08999991416931152 -0.08999991416931152 -0.699999988079071 -0.699999988079071 -1.0199999809265137 -1.0699999630451202 -1.0399999618530273 -0.08999991416931152 -0.25 -0.2099999189376831 -0.2099999189376831 -0.2099999189376831 -0.09999990463256836 -0.2700001001358032 -0.24000000953674316 -0.5300000905990601 -0.2900000810623169 -0.33000004291534424 -0.24000000953674316 -0.7500000596046448 -0.7200000286102295 -0.7400000691413879 -0.940000057220459 -0.3900001049041748 -0.31000006198883057 -0.3700000047683716 -0.3700000047683716 -0.3700000047683716 -0.43000006675720215 -0.440000057220459 -0.43000006675720215 -0.13999998569488525 -0.09000003337860107 -0.19000005722045898 -0.19000005722045898
-9999 -9999 -9999 -9999 -9999 -9999 -9999 -9999 -6.64999982714653 -6.64999982714653 -3.430000066757202 -1.9800000190734863 -0.8899999856948853 -0.19000005722045898 -0.5 -0.6500000357627869 -0.6500000357627869 -1.1199999451637268 -1.2499999403953552 -1.0199999809265137 -1.0199999809265137 -0.26999998092651367 -0.25 -0.1799999475479126 -0.1799999475479126 -0.1799999475479126 -0.24000000953674316 -0.28000009059906006 -0.43000006675720215 -0.31000006198883057 -0.24000000953674316 -1.1600000858306885 -1.1600000858306885 -0.40000009536743164 -0.9100000858306885 -1.1700000762939453 -0.6299999952316284 -1.0300000309944153 -1.1100000739097595 -1.1100000739097595 -0.33000004291534424 -0.5100001096725464 -0.3700000047683716 -0.33000004291534424 -0.19000005722045898 -0.1700000762939453 -0.13999998569488525 -0.13999998569488525
-9999 -9999 -9999 -9999 -9999 -9999 -9999 -9999 -9999 -9999 -7.500000238418579 -1.0800000429153442 -1.8900000154972076 -0.23000001907348633 -0.26999998092651367 -0.949999988079071 -0.949999988079071 -1.009999930858612 -1.1999999582767487 -1.059999942779541 -0.9899999499320984 -0.9799999594688416 -0.09999990463256836 -0.28999996185302734 -0.28999996185302734 -0.09999990463256836 -0.2900000810623169 -0.33000004291534424 -0.9600000381469727 -0.2700001001358032 -0.18000006675720215 -0.2700001001358032 -0.2700001001358032 -0.24000000953674316 -0.7100000381469727 -1.090000033378601 -1.1100000739097595 -1.3100000619888306 -1.3100000619888306 -1.3100000619888306 -0.3700000047683716 -0.36000001430511475 -0.6299999952316284 -0.3700000047683716 -0.16000008583068848 -0.1499999761581421 -0.3700000047683716 -0.3700000047683716
-9999 -9999 -9999 -9999 -9999 -9999 -9999 -9999 -9999 -9999 -9999 -0.4100003242492676 -4.149999976158142 -0.9000000357627869 -1.1000000536441803 -1.0300000607967377 -1.0300000607967377 -1.2000000178813934 -1.100000023841858 -1.2400000095367432 -0.5300000309944153 -0.039999961853027344 -0.15999996662139893 -0.309999942779541 -0.309999942779541 -0.15999996662139893 -0.23000001907348633 -0.3500000238418579 -0.25 -0.25 -0.1099998950958252 -0.15999996662139893 -0.15999996662139893 -0.13999998569488525 -0.029999971389770508 -0.2099999189376831 -0.8699999451637268 -0.9599999189376831 -0.3299999237060547 -0.3299999237060547 -0.309999942779541 -0.059999942779541016 -0.11000001430511475 -0.07999992370605469 -0.1799999475479126 -0.12000000476837158 -0.07999992370605469 -0.07999992370605469
-9999 -9999 -9999 -9999 -9999 -9999 -9999 -9999 -9999 -9999 -9999 -0.3600001335144043 -6.799999833106995 -0.2600000202655792 -1.5700000450015068 -0.7600000500679016 -0.7600000500679016 -1.0800000131130219 -0.26999998092651367 -0.23000001907348633 -0.25 -0.23000001907348633 -0.18000006675720215 -0.309999942779541 -0.309999942779541 -0.16999995708465576 -0.25999999046325684 -0.26999998092651367 -0.25999999046325684 -0.2200000286102295 -0.1499999761581421 -0.1499999761581421 -0.1099998950958252 -0.2999999523162842 -0.1099998950958252 -0.1799999475479126 -0.6899999380111694 -0.8699999451637268 -0.43999993801116943 -0.43999993801116943 -0.38999998569488525 -0.07999992370605469 -0.059999942779541016 -0.07999992370605469 -0.3500000238418579 -0.1799999475479126 -0.12000000476837158 -0.12000000476837158
-9999 -9999 -9999 -9999 -9999 -9999 -9999 -9999 -9999 -9999 -9999 -9999 -6.810000002384186 -6.1999998688697815 -7.0400002002716064 -1.5700000450015068 -1.5700000450015068 -0.039999961853027344 -0.8600000143051147 -0.2999999523162842 -0.24000000953674316 -0.25 -2.2699999809265137 -1.8799999952316284 -1.8799999952316284 -2.799999952316284 -2.1299999952316284 -0.1499999761581421 -0.1499999761581421 -0.13999998569488525 -0.1499999761581421 -0.1499999761581421 -0.5799999237060547 -0.7499999403953552 -0.4099999666213989 -0.5499999523162842 -0.6899999380111694 -0.6299999356269836 -0.8399999737739563 -0.8399999737739563 -0.43999993801116943 -0.25999999046325684 -0.15999996662139893 -0.07999992370605469 -0.12999999523162842 -0.12999999523162842 -0.07999992370605469 -0.07999992370605469
-9999 -9999 -9999 -9999 -9999 -9999 -9999 -9999 -9999 -9999 -9999 -9999 -9999 -0.23000001907348633 -6.179999772459269 -3.1400000490248203 -3.1400000490248203 -1.3800000473856926 -3.430000066757202 -1.2000000476837158 -2.7300000190734863 -3.0500000715255737 -2.990000009536743 0 0 0 -3.090000033378601 -3.0799999237060547 -1.7299999743700027 -0.039999961853027344 -0.019999980926513672 -0.019999980926513672 -0.15999996662139893 -0.5699999928474426 -0.059999942779541016 -0.23000001907348633 -0.25 -0.8200000524520874 -0.8600000739097595 -0.8600000739097595 -0.5 -0.04999995231628418 -0.13999998569488525 -0.11000001430511475 -0.059999942779541016 -0.11000001430511475 -0.12999999523162842 -0.12999999523162842
-9999 -9999 -9999 -9999 -9999 -9999 -9999 -9999 -9999 -9999 -9999 -9999 -9999 -9999 -6.709999982267618 -5.800000134855509 -5.800000134855509 -3.620000123977661 -1.2500000447034836 -3.290000081062317 0 0 -1.4800000470131636 -1.4100000485777855 -1.4100000485777855 0 -0.06999993324279785 -1.4499999806284904 -1.7099999785423279 -1.689999982714653 -1.5199999902397394 -1.5199999902397394 -0.43999993801116943 -0.309999942779541 -0.25999999046325684 -0.3200000524520874 -0.21000003814697266 -0.12000000476837158 -0.46000003814697266 -0.46000003814697266 -0.04999995231628418 -0.7000000476837158 -0.04999995231628418 -0.15999996662139893 -0.059999942779541016 -0.24000000953674316 -0.25 -0.25
-9999 -9999 -9999 -9999 -9999 -9999 -9999 -9999 -9999 -9999 -9999 -9999 -9999 -9999 -4.080000042915344 -5.96999990940094 -5.96999990940094 -2.1400000005960464 -4.549999848008156 -6.3399999141693115 -1.4900000467896461 -1.2800000458955765 -1.5400000512599945 -1.120000034570694 -1.120000034570694 -0.6200000643730164 -0.9399999976158142 -0.949999988079071 -1.689999982714653 -1.1199999749660492 -1.609999991953373 -1.609999991953373 -0.5 -0.5699999928474426 -0.3799999952316284 -0.5 -0.48000001907348633 -0.12000000476837158 -0.5300000905990601 -0.5300000905990601 -0.04999995231628418 -0.5400000214576721 -0.5799999833106995 -0.3999999761581421 -0.4700000286102295 -0.3799999952316284 -0.3799999952316284 -0.48000001907348633
-9999 -9999 -9999 -9999 -9999 -9999 -9999 -9999 -9999 -9999 -9999 -9999 -9999 -3.7799999713897705 -3.540000081062317 -9.459999799728394 -9.459999799728394 -8.069999933242798 -6.509999990463257 -0.8699999954551458 -5.20000003837049 -8.68999981880188 -1.9000000357627869 -1.9000000357627869 -1.2900000512599945 -1.2800000458955765 -1.0200000405311584 -0.9200000762939453 0 -0.6700000762939453 -1.2700000405311584 -1.2700000405311584 -1.2000000476837158 -1.840000033378601 -2.4100000262260437 -1.9500000476837158 -2.5700000524520874 -4.03999999165535 -4.639999896287918 -4.639999896287918 -6.159999847412109 -0.25 -0.16999995708465576 -6.039999842643738 -4.589999973773956 -4.450000107288361 -4.450000107288361 -6.289999961853027
-9999 -9999 -9999 -9999 -9999 -9999 -9999 -9999 -9999 -9999 -9999 -2.2500000596046448 -4.1600000858306885 -3.75 -3.3300000429153442 -9.629999876022339 -9.629999876022339 -8.77999997138977 -8.120000123977661 -2.2100000381469727 -3.290000081062317 -1.8300000429153442 -1.8000000417232513 -1.8000000417232513 -2.380000054836273 -4.460000038146973 -4.190000057220459 -6.0400002002716064 -3.629999876022339 -2.8500001430511475 0 0 0 -7.109999895095825 -6.680000066757202 -6.6499998569488525 -3.1600000858306885 -4.330000162124634 -5.240000009536743 -5.240000009536743 -3.930000066757202 -1.5900000482797623 -0.8100000619888306 -0.7300000190734863 0 0 0 0
-9999 -9999 -9999 -9999 -9999 -9999 -9999 -9999 -9999 -9999 -9999 -0.39000004529953003 -3.9200000762939453 -3.540000081062317 -1.1500000357627869 -10.100000143051147 -10.100000143051147 -8.480000257492065 -2.4000000953674316 -0.9200000166893005 -0.7400000095367432 -2.0100000500679016 -1.940000057220459 -1.940000057220459 -1.0300000607967377 -3.7799999713897705 -2.9000000953674316 -6.549999952316284 -4.0299999713897705 -4.000000238418579 0 0 0 -1.2500000447034836 0 -0.6300000548362732 -3.259999990463257 0 -1.1100000441074371 -1.1100000441074371 -1.5400000512599945 -1.2800000458955765 -0.7800000309944153 -0.9800000488758087 -0.7600000500679016 0 0 0
-9999 -9999 -9999 -9999 -9999 -9999 -9999 -9999 -9999 -9999 -1.6500000059604645 -1.620000034570694 -2.75 -3.740000009536743 -2.600000023841858 -10.31000018119812 -10.31000018119812 -7.420000076293945 0 -1.8900001049041748 -4.53000009059906 -3.8000001907348633 -3.880000114440918 -3.880000114440918 -1.5700000524520874 -1.5700000524520874 -10.320000261068344 -5.440000146627426 -0.6099999845027924 -0.5999999940395355 -1.2700000405311584 -1.2700000405311584 -1.830000028014183 -1.1600000262260437 -1.6900000292807817 -1.4500000476837158 -1.5900000482797623 0 -1.3700000494718552 -1.3700000494718552 -1.4900000467896461 -1.5000000484287739 -1.4500000476837158 0 -0.5099999904632568 -0.7900000810623169 -0.7900000810623169 0
-9999 -9999 -9999 -9999 -9999 -9999 -9999 -2.4000000059604645 -2.4000000059604645 -2.560000091791153 -3.0400001108646393 -1.1899999678134918 -1.7200000286102295 -2.2600000500679016 -9.379999876022339 -9.379999876022339 -14.449999570846558 -5.549999952316284 -1.3900001049041748 -1.5899999141693115 -3.0199999138712883 -4.960000038146973 -4.440000057220459 -4.440000057220459 -4.019999980926514 -2.4700000286102295 -1.380000039935112 -0.009999990463256836 -0.7300000190734863 -0.19000005722045898 -0.3799999952316284 -0.3799999952316284 -1.5500000268220901 -1.7000000290572643 -1.9200000315904617 -1.090000033378601 -1.7100000381469727 -1.5100000463426113 -1.5100000463426113 -1.690000057220459 -0.4100000858306885 -1.3800000473856926 -1.7300000488758087 -1.420000048354268 -0.8200000524520874 -0.36000001430511475 -0.36000001430511475 -0.5800000429153442
