SimulationData/Scenarios/Waterwolf/Flooding/Uitdammerdijk/840.asc
ncols        561
nrows        278
xllcorner    4.817258165162
yllcorner    52.370746892638
cellsize     0.000511251697
NODATA_value  -9999
[rows 176 to 197 of 278, columns 288 to 335 of 561]
-1.4909086227416992 -1.5409085750579834 -1.6109085083007812 -1.5409085750579834 -1.1809086799621582 -0.3409085273742676 -0.20090866088867188 -0.20090866088867188 0.5490913391113281 0.5216140747070312 -1.1083860397338867 -1.1383857727050781 -1.2783856391906738 -0.17838573455810547 0.5216140747070312 0.5216140747070312 -0.6383857727050781 -0.6783857345581055 -0.7197751998901367 0.10022497177124023 -0.30977487564086914 -1.1197748184204102 -0.38977479934692383 -0.38977479934692383 -0.5597748756408691 -1.129775047302246 -0.7097749710083008 -0.7399997711181641 -0.929999828338623 -0.5399999618530273 -0.5399999618530273 -0.619999885559082 -0.4499998092651367 -0.48000001907348633 -0.6500000953674316 -0.5799999237060547 -0.42999982833862305 -0.5399999618530273 -0.5399999618530273 -0.48000001907348633 -0.6700000762939453 -0.40000009536743164 -4.25 0.43634891510009766 0.4863489866256714 0.4863489866256714 0.40644681453704834 0.40644681453704834
-0.13090848922729492 -0.06090879440307617 0.18909120559692383 -1.1209087371826172 -0.39090871810913086 0.01909160614013672 -0.0009083747863769531 -0.0009083747863769531 -0.0009083747863769531 -0.11838579177856445 -0.14838600158691406 -0.1883859634399414 -0.19838571548461914 -0.2183856964111328 -0.09838581085205078 -0.09838581085205078 -0.17838573455810547 -0.0483860969543457 -0.39977502822875977 -0.4897751808166504 -0.21977519989013672 -0.21977519989013672 -0.21977519989013672 -0.6897749900817871 -0.5497751235961914 -0.4697751998901367 -0.5297751426696777 -0.8499999046325684 -0.5999999046325684 -0.559999942779541 -0.559999942779541 -0.5900001525878906 -0.4699997901916504 -0.46000003814697266 -0.42999982833862305 -0.6700000762939453 -0.440000057220459 -0.5399999618530273 -0.5399999618530273 -0.6100001335144043 -1.0799999237060547 -0.35381174087524414 0.6261882781982422 0.586272120475769 0.3962721824645996 0.3962721824645996 0.33644676208496094 0.3964468240737915
0.05909156799316406 0.01909160614013672 0.5490913391113281 -1.1009087562561035 -0.14090871810913086 -0.0009083747863769531 -0.06090879440307617 -0.06090879440307617 -0.10090875625610352 -0.10838603973388672 -0.11838579177856445 -0.10838603973388672 -0.2183856964111328 -0.06838607788085938 -0.1283860206604004 -0.1283860206604004 -0.008385658264160156 -0.10838603973388672 -0.5297751426696777 -0.5097751617431641 -0.11977481842041016 -0.1597747802734375 -0.1597747802734375 -0.3797750473022461 -0.7797751426696777 -0.5097751617431641 -0.5297751426696777 -0.7100000381469727 -0.630000114440918 -0.6399998664855957 -0.6399998664855957 -0.7699999809265137 -0.48000001907348633 -0.559999942779541 -0.4499998092651367 -0.3299999237060547 -0.4099998474121094 -0.5399999618530273 -0.5399999618530273 -0.8400001525878906 -4.369999885559082 0.2161881923675537 0.44618821144104004 0.4162721633911133 0.3962721824645996 0.3962721824645996 0.38644683361053467 0.46644675731658936
0.01909160614013672 0.01909160614013672 0.01909160614013672 0.009091377258300781 0.5490913391113281 -0.13090848922729492 -0.20090866088867188 -0.20090866088867188 0.05909156799316406 -0.11838579177856445 -0.10838603973388672 0.05161428451538086 -0.14838600158691406 -0.11838579177856445 -0.1283860206604004 -0.1283860206604004 0.07161426544189453 0.061614036560058594 -0.33977508544921875 -0.5097751617431641 -0.4397749900817871 -0.4397749900817871 -0.4397749900817871 -0.39977502822875977 -0.7797751426696777 -0.7397751808166504 -0.38977479934692383 -0.48000001907348633 -0.5 -0.5299997329711914 -0.5299997329711914 -0.48999977111816406 -0.48999977111816406 -0.48000001907348633 -0.4699997901916504 -0.5 -0.5900001525878906 -1.4600000381469727 -1.4600000381469727 0.2160729169845581 0.36607301235198975 0.5661253929138184 0.5361254215240479 0.3261253833770752 0.33612537384033203 0.33612537384033203 0.39622199535369873 0.32622194290161133
0.01909160614013672 0.009091377258300781 0.049091339111328125 0.029091358184814453 -0.0709085464477539 -0.11090850830078125 -0.16090869903564453 -0.16090869903564453 -0.10090875625610352 0.1716141700744629 -0.09838581085205078 -0.13838577270507812 -0.11838579177856445 -0.13838577270507812 -0.028385639190673828 -0.028385639190673828 -0.17838573455810547 -0.13838577270507812 -0.4897751808166504 -0.36977481842041016 -0.4097747802734375 -0.5397748947143555 -0.5397748947143555 -0.6597747802734375 -0.4997749328613281 -0.5297751426696777 -0.44977474212646484 -0.42999982833862305 0 0 0 -0.48999977111816406 -0.5299997329711914 -0.5099997520446777 -0.48999977111816406 -0.6599998474121094 -1.119999885559082 -4.25 -4.25 0.446064829826355 0.3960648775100708 0.43612539768218994 0.4261254072189331 0.43612539768218994 0.3261253833770752 0.3261253833770752 0.43612563610076904 0.4461256265640259
0.029091358184814453 0.03909158706665039 -0.01090860366821289 -0.08090877532958984 -0.23090839385986328 -0.09090852737426758 -0.030908584594726562 -0.030908584594726562 0.049091339111328125 -0.05227088928222656 -0.0622706413269043 -0.13227081298828125 -0.0022706985473632812 0.22919893264770508 0.49919891357421875 0.49919891357421875 0.059198856353759766 -0.05080127716064453 0.06995248794555664 0.08995246887207031 0.04995250701904297 0.059952735900878906 0.059952735900878906 -0.2185964584350586 -0.24859619140625 -0.11859607696533203 -0.22859621047973633 -0.7100000381469727 -0.40000009536743164 -0.46000003814697266 -0.46000003814697266 -0.5499997138977051 -0.6599998474121094 -0.679999828338623 -0.6999998092651367 -0.869999885559082 -0.3439868688583374 0.42601311206817627 0.42601311206817627 0.45604002475738525 0.3860400915145874 0.3860815763473511 0.5160815715789795 0.4461021423339844 0.21610212326049805 0.21610212326049805 0.48610401153564453 0.41610395908355713
0.056725502014160156 0.07672548294067383 0.04672574996948242 -0.013274669647216797 -0.1640605926513672 -0.15406084060668945 -0.14406061172485352 -0.14406061172485352 -0.11406087875366211 0.01772928237915039 0.01772928237915039 0.057729244232177734 -0.08227062225341797 -0.00080108642578125 -0.00080108642578125 0.09919881820678711 0.04919862747192383 0.6191987991333008 0.03995227813720703 0.06995248794555664 0.609952449798584 0.07995271682739258 0.07995271682739258 -0.17859649658203125 -0.20859622955322266 -0.15859651565551758 -0.1085963249206543 -0.570000171661377 -0.5399999618530273 -0.6100001335144043 -0.6100001335144043 -0.5399999618530273 -0.5299997329711914 -0.679999828338623 -0.8899998664855957 -1.3600001335144043 -0.26398682594299316 -0.26398682594299316 0.4060131311416626 0.4160400629043579 0.3560401201248169 0.4160815477371216 0.43608152866363525 0.38610219955444336 0.23610222339630127 0.23610222339630127 0.736103892326355 1.306104063987732
0.016725540161132812 0.006725311279296875 -0.013274669647216797 0.04672574996948242 -0.07406044006347656 -0.15406084060668945 -0.17406082153320312 -0.17406082153320312 -0.06406068801879883 -0.03227090835571289 0.007729530334472656 -0.012270450592041016 -0.14227056503295898 -0.00080108642578125 -0.00080108642578125 0.059198856353759766 -0.010801315307617188 0.04919862747192383 0.1999526023864746 -0.020047664642333984 -0.05004739761352539 0.23995256423950195 0.23995256423950195 0.4114036560058594 -0.11859607696533203 -0.11859607696533203 -0.12859630584716797 -0.48999977111816406 -0.5 -0.630000114440918 -0.630000114440918 -0.6500000953674316 -0.6999998092651367 -1 -1.059999942779541 -1.630000114440918 -0.12398779392242432 -0.12398779392242432 0.3760122060775757 0.41604578495025635 0.36604583263397217 0.3360949754714966 0.6060950756072998 1.2960964441299438 1.7560962438583374 1.7560962438583374 2.316094994544983 2.4660948514938354
0.050554752349853516 -0.10944509506225586 0.030554771423339844 0.02055501937866211 0.013493537902832031 -0.12650680541992188 -0.16650676727294922 -0.16650676727294922 -0.12650680541992188 0.10646915435791016 0.12646913528442383 -0.043530941009521484 0.07646942138671875 0.019412517547607422 0.019412517547607422 0.16941261291503906 0.028104782104492188 0.0881047248840332 0.12248039245605469 0.09248065948486328 0.03799629211425781 0.6279964447021484 0.6279964447021484 -0.4433317184448242 -0.5733318328857422 -0.8633317947387695 -0.6433320045471191 -0.679999828338623 -0.8499999046325684 -1.1500000953674316 -1.1500000953674316 -0.8899998664855957 -0.23279857635498047 -0.5227985382080078 -0.6500000953674316 -1.5899999141693115 0.2060079574584961 0.2060079574584961 0.306007981300354 0.14607703685760498 0.4760770797729492 0.016090750694274902 0.3160907030105591 2.336092233657837 2.5560922622680664 2.5560922622680664 2.7060896158218384 2.9360896348953247
0.04055500030517578 0.010554790496826172 0.07055473327636719 0.14055490493774414 -0.046506404876708984 -0.016506671905517578 0.07349348068237305 0.07349348068237305 0.013493537902832031 0.036469459533691406 0.036469459533691406 -0.14353084564208984 -0.11353063583374023 0.059412479400634766 0.059412479400634766 0.04941225051879883 0.008104801177978516 0.0881047248840332 0.022480487823486328 0.14248037338256836 0.10799646377563477 -0.022003650665283203 -0.022003650665283203 -0.6633319854736328 -0.6133317947387695 -0.6933317184448242 -0.7933316230773926 -0.9099998474121094 -0.8499999046325684 -1.6500000953674316 -1.6500000953674316 -2.569999933242798 -0.8527984619140625 -1.632798671722412 -2.909999966621399 -2.5600000619888306 0.5260080099105835 0.5260080099105835 0.21600794792175293 0.0960770845413208 0.7460769414901733 0.9560906887054443 0.8060908317565918 2.646092176437378 3.4160923957824707 3.4160923957824707 2.966089367866516 3.0160895586013794
-0.18944501876831055 -0.06944513320922852 -0.12944507598876953 -0.10944509506225586 -0.046506404876708984 -0.006506443023681641 -0.06650638580322266 -0.06650638580322266 -0.20650672912597656 -0.12353086471557617 -0.16353082656860352 -0.12353086471557617 -0.47353076934814453 -1.3563289642333984 -1.3563289642333984 -0.7963290214538574 -0.9911808967590332 -1.0111808776855469 -1.1292824745178223 -1.4892826080322266 -0.552492618560791 -0.3224925994873047 -0.3224925994873047 -0.8133320808410645 -0.9633316993713379 -1.1733317375183105 -1.3633317947387695 -0.9200000762939453 -2.1700000762939453 -2.7799999713897705 -2.7799999713897705 -2.799999952316284 0.8060290813446045 0.22602903842926025 0.44604945182800293 0.7860496044158936 0.8460770845413208 0.8460770845413208 1.0760771036148071 1.4960899353027344 3.156090021133423 3.026089310646057 3.026089310646057 3.0560895204544067 3.416089653968811 3.416089653968811 3.0160895586013794 3.2560893297195435
-0.6640431880950928 -0.3040432929992676 -0.845980167388916 -0.43598031997680664 -0.5 -0.3599996566772461 -0.3599996566772461 -0.8113217353820801 -0.9713215827941895 -0.3272585868835449 -0.36725854873657227 2.80001163482666 0.31001174449920654 0.5698400735855103 0.5698400735855103 0.3798401355743408 0.9308521747589111 0.4008522033691406 0.511162519454956 0.4311624765396118 -2.979235053062439 -0.2492351531982422 -0.2492351531982422 -1.1706514358520508 -1.2506518363952637 -0.5 -2.069999933242798 0.4157909154891968 0.3957909345626831 0.3957909345626831 0.8858802318572998 0.22588026523590088 0.01606154441833496 1.2760614156723022 1.246070146560669 0.5960701704025269 1.7060860395431519 1.7060860395431519 3.266086220741272 2.9160863161087036 2.9760862588882446 3.0060869455337524 3.41608726978302 2.9360872507095337 2.9260870218276978 2.9260870218276978 3.0560797452926636 3.416079878807068
-2.3640432357788086 -2.3640432357788086 -3.115980386734009 -2.8759803771972656 -3.1999998092651367 -3.1999998092651367 -3.1999998092651367 -3.431321620941162 -3.431321620941162 -2.7272586822509766 -2.7272586822509766 0.4500117301940918 0.7400116920471191 0.5698400735855103 0.5698400735855103 0.5098401308059692 0.6108522415161133 0.38085222244262695 0.5311625003814697 0.9311624765396118 0.3286334276199341 0.9386334419250488 0.9386334419250488 0.6301840543746948 0.41018402576446533 0.9421963691711426 0.40219640731811523 0.3352179527282715 0.6352180242538452 0.6352180242538452 0.6660037040710449 1.5760037899017334 2.036048173904419 2.3860480785369873 2.6760618686676025 2.7960617542266846 3.0460859537124634 3.0460859537124634 3.0260859727859497 3.136086106300354 3.0560861825942993 3.41608726978302 3.1360870599746704 3.41608726978302 3.04608690738678 3.04608690738678 2.966079592704773 2.9960798025131226
0.916547417640686 0.5265474319458008 0.43042516708374023 0.3704252243041992 0.37302446365356445 0.5330244302749634 0.5330244302749634 0.4156261682510376 0.5356261730194092 0.4972180128097534 0.4572180509567261 0.6297763586044312 0.6197763681411743 0.5603140592575073 0.5603140592575073 0.29031407833099365 0.32131874561309814 0.36131882667541504 0.41320013999938965 0.3732001781463623 0.3786334991455078 0.4986335039138794 0.4986335039138794 0.5401840209960938 0.3801840543746948 0.47219645977020264 0.5021964311599731 0.4752180576324463 0.5452179908752441 0.5452179908752441 0.6160037517547607 1.8960037231445312 2.156048059463501 2.6860482692718506 2.836061716079712 3.0660617351531982 3.0260859727859497 3.0260859727859497 3.4160863161087036 3.0360862016677856 3.076086163520813 3.0160871744155884 2.91608726978302 2.9860869646072388 3.226087212562561 3.226087212562561 2.8860796689987183 2.666079878807068
0.9198015928268433 0.4498016834259033 0.5098016262054443 0.3498016595840454 0.43397581577301025 0.5139758586883545 0.5139758586883545 0.43397581577301025 0.483975887298584 0.4490926265716553 0.4490926265716553 0.5890927314758301 0.5190926790237427 0.7022111415863037 0.7022111415863037 0.2722111940383911 0.2922111749649048 0.3222111463546753 0.3567150831222534 0.4067150354385376 0.42671501636505127 0.4367150068283081 0.4367150068283081 0.4820139408111572 0.5220139026641846 0.5020139217376709 0.39201390743255615 0.3751603364944458 0.5451602935791016 0.5451602935791016 0.8560584783554077 1.8560584783554077 2.496044635772705 2.806044816970825 2.9760448932647705 2.9760448932647705 3.246073842048645 3.246073842048645 3.2760735750198364 3.0360738039016724 3.0260735750198364 3.4160850048065186 3.0360848903656006 3.066084623336792 3.066084623336792 3.066084623336792 2.9961295127868652 3.4161295890808105
0.9198015928268433 0.9198015928268433 0.43980157375335693 0.3998016119003296 0.43397581577301025 0.4139758348464966 0.4139758348464966 0.37397587299346924 0.4139758348464966 0.3990926742553711 0.38909268379211426 0.5790927410125732 0.4290926456451416 0.4422111511230469 0.4422111511230469 0.3322112560272217 0.3022111654281616 0.3922111988067627 0.4067150354385376 0.4067150354385376 0.41671502590179443 0.33671510219573975 0.33671510219573975 0.7620137929916382 0.5020139217376709 0.29201388359069824 0.29201388359069824 0.26528799533843994 0.5552879571914673 0.5552879571914673 0.6058641672134399 0.9958640336990356 2.616044759750366 3.0360448360443115 3.0460445880889893 2.9860446453094482 2.9760738611221313 2.9760738611221313 3.106073498725891 2.9760738611221313 2.9760738611221313 2.9660847187042236 2.9860846996307373 3.006084680557251 3.206084966659546 3.206084966659546 2.506043553352356 1.4960435628890991
0.9198015928268433 0.6098016500473022 0.38980162143707275 0.4298015832901001 0.4239758253097534 0.3939758539199829 0.3939758539199829 0.3839758634567261 0.40397584438323975 0.3790926933288574 0.3490927219390869 0.5490926504135132 0.43909263610839844 0.10221123695373535 0.10221123695373535 0.08221125602722168 0.31221115589141846 0.4522111415863037 0.42671501636505127 0.13671505451202393 0.9367150068283081 0.42671501636505127 0.42671501636505127 0.9420138597488403 0.9420138597488403 0.3820139169692993 0.36201393604278564 0.41528797149658203 0.9452879428863525 0.9452879428863525 0.5158641338348389 0.8158642053604126 2.7160446643829346 3.0860445499420166 3.326044797897339 3.116044759750366 3.0260735750198364 3.0260735750198364 3.1460734605789185 2.7560735940933228 3.0260735750198364 3.0960848331451416 3.006084680557251 2.9960849285125732 2.5460848808288574 2.5460848808288574 1.7760435342788696 0.8360437154769897
0.9234104156494141 0.46341049671173096 0.4734104871749878 0.4134104251861572 0.44341039657592773 0.4334104061126709 0.4334104061126709 0.33341050148010254 0.3234105110168457 0.5038517713546753 0.8213117122650146 0.5538517236709595 0.32385170459747314 -0.29614830017089844 -0.29614830017089844 0.3038517236709595 0.4138517379760742 -0.4361482262611389 0.35941946506500244 0.35941946506500244 0.479419469833374 0.479419469833374 0.41941940784454346 0.9434049129486084 0.56340491771698 0.2834049463272095 0.6134049892425537 0.6350622177124023 0.4350621700286865 0.4350621700286865 0.5058510303497314 0.6158510446548462 1.5160431861877441 3.416043519973755 3.086043119430542 3.0460431575775146 3.0760637521743774 3.0760637521743774 2.966063618659973 3.086063504219055 2.966063618659973 2.8061076402664185 2.5561076402664185 1.8159019947052002 1.8159019947052002 0.9159018993377686 0.3758549690246582 -2.3241450786590576
0.9234104156494141 0.4734104871749878 0.5134104490280151 0.48341047763824463 0.44341039657592773 0.4134104251861572 0.4134104251861572 0.3534104824066162 0.39341044425964355 0.3738517761230469 0.4138517379760742 0.46385180950164795 0.36385178565979004 -0.47614824771881104 -0.47614824771881104 0.14385175704956055 0.3038517236709595 0.2838517427444458 -0.08058059215545654 0.23941946029663086 0.479419469833374 0.479419469833374 0.48941946029663086 0.9234049320220947 0.46340489387512207 0.43340492248535156 0.45340490341186523 0.3651401996612549 0.4251401424407959 0.4251401424407959 0.46584177017211914 0.5258418321609497 1.0060431957244873 1.7260432243347168 2.4260432720184326 2.8760430812835693 2.866063714027405 2.866063714027405 3.046063542366028 3.166063904762268 2.3860636949539185 2.4160326719284058 1.656032681465149 1.0057116746902466 1.0057116746902466 0.3457118272781372 -2.6455140113830566 -4.425513982772827
0.9234104156494141 0.3834104537963867 0.5934104919433594 0.5534104108810425 0.46341049671173096 0.4534105062484741 0.4534105062484741 0.46341049671173096 0.3534104824066162 0.3738517761230469 0.39385175704956055 0.5038517713546753 0.42385172843933105 0.3838517665863037 0.3838517665863037 0.4438517093658447 0.46385180950164795 0.18385183811187744 -0.08058059215545654 0.41941940784454346 0.479419469833374 0.479419469833374 0.4694194793701172 0.1934049129486084 0.43340492248535156 0.43340492248535156 0.4134049415588379 0.4551401138305664 0.3951401710510254 0.3951401710510254 0.5559216737747192 0.6959216594696045 1.116053819656372 1.676053762435913 2.4560537338256836 3.2260539531707764 2.8160510063171387 2.8160510063171387 2.176051139831543 2.5760499238967896 2.296049952507019 1.0560340881347656 0.5460339784622192 -2.0440321564674377 -2.0440321564674377 -5.154032111167908 -3.851775050163269 -2.9217751026153564
0.44341039657592773 0.33341050148010254 0.3534104824066162 0.3834104537963867 0.46341049671173096 0.26341044902801514 0.26341044902801514 0.9234104156494141 0.4334104061126709 0.39385175704956055 0.4438517093658447 0.32385170459747314 0.23385179042816162 0.4038517475128174 0.4038517475128174 0.42385172843933105 0.49385178089141846 0.4338517189025879 0.41190361976623535 0.7319035530090332 0.3919036388397217 0.3919036388397217 0.5619035959243774 0.37437522411346436 0.43437516689300537 0.40437519550323486 0.394375205039978 0.4154345989227295 0.33543455600738525 0.33543455600738525 0.5159217119216919 0.9459216594696045 1.7560536861419678 2.626053810119629 2.7860538959503174 2.816053628921509 3.2160511016845703 3.2160511016845703 2.496051073074341 2.0260497331619263 1.2560497522354126 0.656033992767334 -1.5139660090208054 -4.754032254219055 -4.754032254219055 -4.534032225608826 -3.791775107383728 -1.5317751467227936
0.44341039657592773 0.36341047286987305 0.2834104299545288 0.9234104156494141 0.7134103775024414 0.7034103870391846 0.7034103870391846 0.7634105682373047 0.4334104061126709 0.4038517475128174 0.9338517189025879 0.5138517618179321 0.4738517999649048 0.4138517379760742 0.4138517379760742 0.3538517951965332 0.4838517904281616 0.5738517045974731 0.26190364360809326 0.6019036769866943 0.4019036293029785 0.4019036293029785 0.5019036531448364 0.5343751907348633 0.3243751525878906 0.1343752145767212 0.2643752098083496 0.4256492853164673 0.4956493377685547 0.4956493377685547 0.5760166645050049 1.2160166501998901 2.296053886413574 3.366053819656372 2.236053705215454 2.6660540103912354 2.8860453367233276 2.8860453367233276 1.616045355796814 1.1760423183441162 0.816042423248291 -1.6639590859413147 -4.16395902633667 -3.309999980032444 -3.309999980032444 -2.879999913275242 -3.0917751789093018 0.2982248067855835
