SimulationData/Scenarios/Waterwolf/Flooding/Uitdammerdijk/900.asc
ncols        561
nrows        278
xllcorner    4.817258165162
yllcorner    52.370746892638
cellsize     0.000511251697
NODATA_value  -9999
[rows 154 to 175 of 278, columns 240 to 287 of 561]
-0.2700001001358032 -0.4700000286102295 -0.4700000286102295 -0.4700000286102295 -0.4700000286102295 -0.5699999332427979 -0.5299999713897705 -0.6699999570846558 -0.49000000953674316 -0.559999942779541 -0.619999885559082 -0.619999885559082 -0.619999885559082 -0.559999942779541 -0.5999999046325684 -0.5399999618530273 -0.5399999618530273 -0.6699999570846558 -0.6699999570846558 -0.6599998474121094 -0.7400000095367432 -0.05000007152557373 -0.699999988079071 -0.7100000381469727 -0.25 -0.3200000524520874 -0.3200000524520874 -0.31000006198883057 -0.31000006198883057 -0.3900001049041748 -0.3900001049041748 -0.3900001049041748 -0.7200000286102295 -0.6200000047683716 -0.6200000047683716 -0.6500000953674316 -0.6400001049041748 -0.6100000143051147 -0.6700000762939453 -0.7100000381469727 -0.48000001907348633 -0.48000001907348633 -0.6200000047683716 -0.690000057220459 -0.6599999666213989 -0.6200000047683716 -0.6299999952316284 -0.20559179782867432
-0.49000000953674316 -0.6499999761581421 -0.6299999952316284 -0.6299999952316284 -0.5399999618530273 -0.4700000286102295 -0.6899999380111694 -0.7099999189376831 -0.5399999618530273 -0.4299999475479126 -0.6499998569488525 -0.6499998569488525 -0.5499999523162842 -0.619999885559082 -0.5399999618530273 -0.5499999523162842 -0.5999999046325684 -0.6999999284744263 -0.6999999284744263 -0.5999999046325684 -0.800000011920929 -0.05000007152557373 -0.30000007152557373 -0.5199999809265137 -0.13999998569488525 -0.26999998092651367 -0.26999998092651367 -0.31000006198883057 -0.25999999046325684 -0.6500000953674316 -0.6200000047683716 -0.6700000762939453 -0.48000001907348633 -0.6200000047683716 -0.6200000047683716 -0.6100000143051147 -0.5600000619888306 -0.5800000429153442 -0.6700000762939453 -0.46000003814697266 -0.5 -0.5 -0.6200000047683716 -0.6200000047683716 -0.5399999618530273 -0.5 -0.6299999952316284 -0.23559176921844482
-0.2700001001358032 -0.4700000286102295 -0.4700000286102295 -0.4700000286102295 -0.4700000286102295 -0.4700000286102295 -0.4700000286102295 -0.5499999523162842 -0.5199999809265137 -0.5299999713897705 -0.619999885559082 -0.619999885559082 -0.6099998950958252 -0.559999942779541 -0.6699999570846558 -0.7199999094009399 -0.6899999380111694 -0.529999852180481 -0.529999852180481 -0.7199999094009399 -1.1900000274181366 -0.05000007152557373 -0.6000000238418579 -0.6499999761581421 -0.05000007152557373 -0.25999999046325684 -0.25999999046325684 -0.31000006198883057 -0.2799999713897705 -0.6400001049041748 -0.6600000858306885 -0.6400001049041748 -0.6400001049041748 -0.6200000047683716 -0.6200000047683716 -0.6200000047683716 -0.5800000429153442 -0.6000000238418579 -0.6499999761581421 -0.6800000667572021 -0.6399999856948853 -0.6399999856948853 -0.6000000238418579 -0.6100000143051147 -0.440000057220459 -0.5900000333786011 -0.6499999761581421 -0.25559186935424805
-0.5 -0.6799999475479126 -0.6299999952316284 -0.6299999952316284 -0.6000000238418579 -0.6399999856948853 -0.6000000238418579 -0.6799999475479126 -0.5399999618530273 -0.5799999237060547 -0.6699999570846558 -0.6699999570846558 -0.6699999570846558 -0.619999885559082 -0.6499998569488525 -0.5799999237060547 -0.5999999046325684 -0.5799999237060547 -0.5799999237060547 -0.5399999618530273 -2.1800000071525574 -0.05000007152557373 -0.49000000953674316 -0.3200000524520874 -0.33000004291534424 -0.05000007152557373 -0.05000007152557373 -0.05000007152557373 -0.05000007152557373 -0.3900001049041748 -0.3900001049041748 -0.3900001049041748 -0.3900001049041748 -0.3900001049041748 -0.4100000858306885 -0.7900000810623169 -0.8000000715255737 -0.3900001049041748 -0.5299999713897705 -0.4200000762939453 -0.5299999713897705 -0.5299999713897705 -0.6100000143051147 -0.6399999856948853 -0.6299999952316284 -0.6499999761581421 -0.6499999761581421 -0.25559186935424805
-0.31000006198883057 -0.5199999809265137 -0.5099999904632568 -0.6000000238418579 -0.5699999332427979 -0.559999942779541 -0.38999998569488525 -0.3299999237060547 -0.25999999046325684 -0.3799999952316284 -0.3799999952316284 -0.37999987602233887 -0.4799998998641968 -0.18999993801116943 -0.5799999237060547 -0.49999988079071045 -0.4299999475479126 -0.4099998474121094 -0.4099998474121094 -0.5399999618530273 -0.8700000047683716 -0.7800000309944153 -0.21000003814697266 -0.3400000333786011 -0.30000007152557373 -0.28999996185302734 -0.28999996185302734 -0.23000001907348633 -0.3400000333786011 -0.6200000047683716 -0.5900000333786011 -0.3900001049041748 -0.3900001049041748 -0.3900001049041748 -0.6800000667572021 -0.5 -0.43000006675720215 -0.4100000858306885 -0.4099999666213989 -0.5299999713897705 -0.3799999952316284 -0.3799999952316284 -0.3200000524520874 -0.4200000762939453 -0.4700000286102295 -0.4200000762939453 -0.5700000524520874 -0.05559182167053223
-0.46000003814697266 -0.6600000858306885 -0.6500000953674316 -0.6500000953674316 -0.690000057220459 -0.690000057220459 -0.6400001049041748 -0.4600001573562622 -0.38000011444091797 -0.4100000858306885 -0.4100000858306885 -0.3999999761581421 -0.3999999761581421 -0.41999995708465576 -0.5299999713897705 -0.46999990940093994 -0.3399999141693115 -0.36999988555908203 -0.36999988555908203 -0.5 -0.7599999904632568 -0.9300000071525574 -0.16999995708465576 -0.18000006675720215 -0.26999998092651367 -0.30000007152557373 -0.30000007152557373 -0.33000004291534424 -0.2799999713897705 -0.4700000286102295 -0.6100000143051147 -0.6299999952316284 -0.6499999761581421 -0.6499999761581421 -0.6699999570846558 -0.5399999618530273 -0.5199999809265137 -0.41999995708465576 -0.4500000476837158 -0.059999942779541016 -0.3700000047683716 -0.3700000047683716 -0.3500000238418579 -0.440000057220459 -0.3700000047683716 -0.9600000381469727 -0.46000003814697266 -0.24261367321014404
-0.48000001907348633 -0.4800001382827759 -0.43000006675720215 -0.43000006675720215 -0.5100001096725464 -0.6700000762939453 -0.6000001430511475 -0.5800001621246338 -0.2900000810623169 -0.5800001621246338 -0.5800001621246338 -0.4099999666213989 -0.4299999475479126 -0.5099999904632568 -0.6699999570846558 -0.4799998998641968 -0.5199999809265137 -0.3999999761581421 -0.3999999761581421 -0.5 -0.8300000429153442 -0.9700000286102295 -0.3400000333786011 -0.1499999761581421 -0.19000005722045898 -0.28999996185302734 -0.28999996185302734 -0.33000004291534424 -0.26999998092651367 -0.6899999380111694 -0.6200000047683716 -0.6699999570846558 -0.6399999856948853 -0.6399999856948853 -0.6299999952316284 -0.4700000286102295 -0.43999993801116943 -0.3999999761581421 -0.309999942779541 -0.3400000333786011 -0.28999996185302734 -0.28999996185302734 -0.33000004291534424 -0.2799999713897705 -0.3700000047683716 -0.5 -0.6399999856948853 -0.2826136350631714
-0.440000057220459 -0.5600000619888306 -0.4800001382827759 -0.4800001382827759 -0.6200001239776611 -0.6200001239776611 -0.690000057220459 -0.43000006675720215 -0.4900001287460327 -0.6100001335144043 -0.6100001335144043 -0.34999990463256836 -0.4899998903274536 -0.5099999904632568 -0.6399999856948853 -0.46999990940093994 -0.43999993801116943 -0.43999993801116943 -0.43999993801116943 -0.5 -0.05000007152557373 -1 -0.21000003814697266 -0.30000007152557373 -0.2799999713897705 -0.30000007152557373 -0.30000007152557373 -0.05000007152557373 -0.25 -0.6599999666213989 -0.6799999475479126 -0.6200000047683716 -0.6399999856948853 -0.6399999856948853 -0.6299999952316284 -0.5699999332427979 -0.46000003814697266 -0.3700000047683716 -0.33000004291534424 -0.31999993324279785 -0.10000002384185791 -0.10000002384185791 -0.4500000476837158 -0.19000005722045898 -0.16999995708465576 -0.4299999475479126 -0.5499999523162842 -0.3126136064529419
-0.3700000047683716 -0.6600000858306885 -0.6200001239776611 -0.6200001239776611 -0.6000001430511475 -0.40000009536743164 -0.690000057220459 -0.6000001430511475 -0.5800001621246338 -0.5200001001358032 -0.5200001001358032 -0.4099999666213989 -0.11999988555908203 -0.5399999618530273 -0.46999990940093994 -0.3599998950958252 -0.4899998903274536 -0.4599999189376831 -0.4599999189376831 -0.5 -0.05000007152557373 -1.0300000309944153 -0.25999999046325684 -0.28999996185302734 -0.28999996185302734 -0.28999996185302734 -0.2799999713897705 -0.05000007152557373 -0.26999998092651367 -0.7100000381469727 -0.4500000476837158 -0.6299999952316284 -0.6000000238418579 -0.6000000238418579 -0.7000000476837158 -0.4500000476837158 -0.41999995708465576 -0.3400000333786011 -0.3999999761581421 -0.26999998092651367 -0.31999993324279785 -0.31999993324279785 -0.26999998092651367 -0.18999993801116943 -0.3700000047683716 -0.25999999046325684 -0.48000001907348633 -0.46000003814697266
-0.6399999856948853 -0.5800001621246338 -0.5800001621246338 -0.7400001287460327 -0.690000057220459 -0.6600000858306885 -0.5800001621246338 -0.5600000619888306 -0.5600000619888306 -0.5400000810623169 -0.5400000810623169 -0.3999999761581421 -0.1499999761581421 -0.3799999952316284 -0.4899998903274536 -0.4599999189376831 -0.4799998998641968 -0.25 -0.25 -0.5 -0.05000007152557373 -1.1500000059604645 -0.36000001430511475 -0.26999998092651367 -0.26999998092651367 -0.26999998092651367 -0.25 -0.05000007152557373 -0.28999996185302734 -0.7000000476837158 -0.6200000047683716 -0.6200000047683716 -0.6100000143051147 -0.6100000143051147 -0.46000003814697266 -0.5900000333786011 -0.3999999761581421 -0.36000001430511475 -0.2799999713897705 -0.25999999046325684 -0.3399999141693115 -0.3399999141693115 -0.4099999666213989 -0.18999993801116943 -0.25 -0.26999998092651367 -0.36000001430511475 -0.4700000286102295
-0.6299999952316284 -0.8100000619888306 -0.8100000619888306 -0.8400001525878906 -0.7900000810623169 -0.5800001621246338 -0.7500001192092896 -0.690000057220459 -0.5200001001358032 -0.5300000905990601 -0.5300000905990601 -0.43999993801116943 -0.3999999761581421 -0.4299999475479126 -0.5499999523162842 -0.43999993801116943 -0.38999998569488525 -0.4899998903274536 -0.4899998903274536 -0.7399998903274536 -0.05000007152557373 -1.1900000274181366 -0.30000007152557373 -0.21000003814697266 -0.25 -0.25 -0.2799999713897705 -0.05000007152557373 -0.31000006198883057 -0.7000000476837158 -0.6100000143051147 -0.5399999618530273 -0.4500000476837158 -0.4500000476837158 -0.4700000286102295 -0.559999942779541 -0.4500000476837158 -0.2999999523162842 -0.31999993324279785 -0.2999999523162842 -0.5 -0.5 -0.8499999046325684 -0.4299999475479126 -0.07999992370605469 -0.3399999141693115 -0.25 -0.5300000905990601
-1.2599999904632568 -1.2599999904632568 -1.2599999904632568 -1.2400000095367432 -1.149999976158142 -1.1999999284744263 -1.5 -1.1799999475479126 -1.2899999618530273 -1.0699999332427979 -1.0699999332427979 -0.8000000715255737 -0.7600001096725464 -0.7200000286102295 -0.4200000762939453 -0.4900001287460327 -0.31000006198883057 -0.5400000810623169 -0.5400000810623169 -0.5900000333786011 0 -1.339999943971634 -0.8799999952316284 -0.5299999713897705 -0.3999999761581421 -0.3999999761581421 -0.5 -0.09000003337860107 -0.31999993324279785 -0.44999992847442627 -0.3999999761581421 -0.3299999237060547 -0.2799999713897705 -0.2799999713897705 -0.36000001430511475 -0.2799999713897705 -0.4700000286102295 -0.25 -0.1499999761581421 -0.25999999046325684 -0.25999999046325684 -0.25999999046325684 -0.440000057220459 -2.690000057220459 -0.7200000286102295 -0.15000009536743164 -1.7599999904632568 -3.53000009059906
-1.1699999570846558 -1.2999999523162842 -1.2999999523162842 -1.159999966621399 -1.5999999046325684 -1.5999999046325684 -0.9800000190734863 -0.9399999380111694 -0.9900000095367432 -1.25 -1.25 -0.7300001382827759 -0.6700000762939453 -0.6000001430511475 -0.6000001430511475 -0.4900001287460327 -0.4900001287460327 -0.5200001001358032 -0.5200001001358032 -0.5300000905990601 0 -1.43999994546175 -0.5099999904632568 -0.19999992847442627 -0.3799999952316284 -0.3799999952316284 -0.28999996185302734 -0.09000003337860107 -0.2099999189376831 -0.44999992847442627 -0.3799999952316284 -0.28999996185302734 -0.25999999046325684 -0.25999999046325684 -0.12999999523162842 -0.3299999237060547 -0.16999995708465576 -0.21000003814697266 -1.0200001001358032 -1.1500000953674316 -3.5086874961853027 -3.5086874961853027 -1.79868745803833 -0.9016518592834473 -1.0916519165039062 -1.5394878387451172 -0.8794879913330078 -0.5704259872436523
-1.559999942779541 -1.7200000286102295 -1.7200000286102295 -1.3799999952316284 -1.3899999856948853 -1.149999976158142 -0.8899999856948853 -0.9499999284744263 -1.0199999809265137 -1.6299999952316284 -1.6299999952316284 -0.7000000476837158 -0.7200000286102295 -0.6800000667572021 -0.5400000810623169 -0.5000001192092896 -0.5000001192092896 -0.5000001192092896 -0.46000003814697266 -0.4700000286102295 0 -1.43999994546175 -0.3799999952316284 -0.16999995708465576 -0.9599999785423279 -0.9599999785423279 -0.31999993324279785 -0.09000003337860107 -0.2999999523162842 -0.3700000047683716 -0.4099999666213989 -0.3299999237060547 -0.25999999046325684 -0.25999999046325684 -0.46000003814697266 -0.2200000286102295 -0.07999992370605469 -3.210000157356262 -3.503763198852539 0.2362370491027832 0.2362370491027832 0.7413702011108398 0.11137008666992188 -0.20212030410766602 -0.10212039947509766 0.017879962921142578 -0.1721200942993164 0.13491296768188477
-0.9800000190734863 -1.85999995470047 -1.85999995470047 -1.3299999237060547 -0.9600000381469727 -1.2699999809265137 -1.1100000143051147 -1.149999976158142 -1.4199999570846558 -1.4900000095367432 -1.4900000095367432 -0.8500001430511475 -0.7300001382827759 -0.6400001049041748 -0.5700000524520874 -0.5100001096725464 -0.5300000905990601 -0.5300000905990601 -0.4700000286102295 -0.4700000286102295 -0.28000009059906006 -1.7500000298023224 -0.28000009059906006 -0.8600000143051147 -0.7899999618530273 -0.7899999618530273 -1.1299999952316284 -0.20000004768371582 -0.3799999952316284 -0.46000003814697266 -0.6599999666213989 -0.4299999475479126 -0.25999999046325684 -0.25999999046325684 -0.24000000953674316 -0.13999998569488525 -3.28000009059906 -3.070000171661377 -0.30376291275024414 -0.25376319885253906 -0.25376319885253906 0.3413701057434082 0.15137004852294922 -0.08212041854858398 0.06787967681884766 0.0778799057006836 -0.10212039947509766 0.29491281509399414
-0.8299999237060547 -1.2999999523162842 -1.2999999523162842 -1.059999942779541 -1.1799999475479126 -1.1799999475479126 -1.3799999952316284 -0.9600000381469727 -1.3899999856948853 -1.350000023841858 -1.350000023841858 -0.6000001430511475 -0.6600000858306885 -0.6000001430511475 -0.5700000524520874 -0.5300000905990601 -0.6000001430511475 -0.6000001430511475 -0.690000057220459 -0.6000001430511475 -0.28000009059906006 -1.72000003606081 -0.28000009059906006 -0.6100000143051147 -0.6899999380111694 -0.6899999380111694 -0.800000011920929 -0.20000004768371582 -0.2799999713897705 -0.6999999284744263 -0.7400000095367432 -0.36000001430511475 -0.21000003814697266 -0.21000003814697266 -2.9400001764297485 -3.2400002479553223 -4.282938718795776 -0.36293888092041016 0.7463865280151367 0.0763864517211914 0.0763864517211914 0.2942848205566406 0.16428470611572266 0.027879714965820312 0.09787988662719727 0.16787958145141602 0.11787986755371094 0.21491289138793945
-0.8481956720352173 -0.8500000238418579 -0.8500000238418579 -1 -1.100000023841858 -1.1899999380111694 -1.2599999904632568 -1.1899999380111694 -1.2300000190734863 -1.2100000381469727 -1.2100000381469727 -0.8199999332427979 -0.6200000047683716 -0.75 0 -0.3200000524520874 -0.5700000524520874 -0.5700000524520874 -0.5399999618530273 -0.7300000190734863 0 -1.509999942034483 -0.3599998950958252 -0.2399998903274536 -0.21000003814697266 -0.21000003814697266 -0.2200000286102295 -0.3900001049041748 -0.3500000238418579 -0.4099999666213989 -0.31999993324279785 -1.8700000047683716 -1.9200000762939453 -1.9200000762939453 -2.4099998474121094 -0.5299997329711914 -0.26116466522216797 0.16883516311645508 0.1980438232421875 0.24804353713989258 0.24804353713989258 0.26804351806640625 0.1980438232421875 0.32897138595581055 0.24897146224975586 0.3789710998535156 0.16897106170654297 0.001117706298828125
-0.868195652961731 0 0 -1.0399999618530273 -1.1299999952316284 -0.9900000095367432 -1.2899999618530273 -1.149999976158142 -1.2300000190734863 -1.1799999475479126 -1.1799999475479126 -1.0999999046325684 -0.38999998569488525 -0.5799999237060547 -0.44999992847442627 -0.6100000143051147 -0.7400000095367432 -0.7400000095367432 -0.49000000953674316 -1.479999989271164 0 -2.0199999511241913 -0.6499999165534973 -0.5899999141693115 -0.48000001907348633 -0.48000001907348633 -0.690000057220459 -0.3900001049041748 -0.3700000047683716 -0.6499999165534973 -0.43999993801116943 -1.9200000762939453 -0.6500000953674316 -0.6500000953674316 -1.1899998188018799 -0.4199995994567871 -0.08116483688354492 0.16883516311645508 0.1980438232421875 0.2580437660217285 0.2580437660217285 0.21804380416870117 0.18804359436035156 0.18897151947021484 0.26897144317626953 0.16897106170654297 -0.0010285377502441406 -0.1188821792602539
-0.8881956338882446 -0.8299999237060547 -0.8299999237060547 -1.090000033378601 -1.1899999380111694 -1.1899999380111694 -1.100000023841858 -1.1999999284744263 -1.2699999809265137 -1.5399999618530273 -1.5399999618530273 -0.5699999332427979 -0.7199999094009399 -0.43999993801116943 -0.5799999237060547 -0.5399999618530273 -0.38999998569488525 -0.38999998569488525 -0.4299999475479126 -0.8600000143051147 0 -3.929999828338623 -0.75 -0.5799999237060547 -0.4799998998641968 -0.4799998998641968 -0.7999999523162842 -0.7500000596046448 -0.15000009536743164 -3.6800001859664917 -1.1800003051757812 -2.179999828338623 -2.179999828338623 -2.880000114440918 -0.2829318046569824 -0.23293209075927734 0.754056453704834 0.27405643463134766 0.31804370880126953 0.32804346084594727 0.32804346084594727 0.31804370880126953 0.2880434989929199 0.23897123336791992 0.10897111892700195 0.7389712333679199 0.2589712142944336 0.14111757278442383
-0.8381956815719604 -1.0199999809265137 -1.0199999809265137 -0.9600000381469727 -1.1200000047683716 -1.1699999570846558 -1.2200000286102295 -0.8799999952316284 -1.2100000381469727 -1.2100000381469727 -1.1699999570846558 -0.6100000143051147 -0.6200000047683716 -0.690000057220459 -0.6700000762939453 -0.19000005722045898 -0.23000001907348633 -0.23000001907348633 -0.2999999523162842 0 0 -1.4899999424815178 -1.9399999380111694 -0.5299999713897705 -3.319999933242798 -3.319999933242798 -3.3899999260902405 -3.0200001001358032 -0.5900001525878906 -1.2467832565307617 -1.296783208847046 -0.7467832565307617 -0.7467832565307617 -0.356783390045166 -0.07907342910766602 -0.07907342910766602 0.47092676162719727 0.3209266662597656 0.36530065536499023 0.39530038833618164 0.39530038833618164 0.39530038833618164 0.2953004837036133 0.27134227752685547 0.08134222030639648 0.38134193420410156 0.21134233474731445 0.11111783981323242
-0.9381955862045288 -1.1399999856948853 -1.1399999856948853 -1.1699999570846558 -1.2999999523162842 -1.1899999380111694 -0.9600000381469727 -1.1899999380111694 -1.2200000286102295 -1.2200000286102295 -0.9600000381469727 -0.5300000905990601 -0.690000057220459 -0.6000000238418579 -0.6299999952316284 -0.09000003337860107 -0.020000100135803223 -0.020000100135803223 -0.22999989986419678 -0.21999990940093994 0 -1.339999943971634 -4.889999866485596 -0.8199999332427979 -2.7699999809265137 -2.7699999809265137 -1.0099999904632568 -0.32000017166137695 -0.4099998474121094 -0.9967832565307617 -0.6467833518981934 -0.09678316116333008 -0.09678316116333008 -0.11678314208984375 -0.049073219299316406 -0.03907299041748047 0.22092676162719727 0.35092687606811523 0.3553004264831543 0.3853006362915039 0.3853006362915039 0.36530065536499023 0.31530046463012695 0.16134214401245117 0.09134197235107422 0.3313422203063965 0.15134191513061523 0.23111772537231445
-1.018195629119873 -1.0699999332427979 -1.0699999332427979 -1.0799999237060547 -1.1899999380111694 -1.1899999380111694 -1.2799999713897705 -1.1999999284744263 -1.1999999284744263 -1.1999999284744263 -1.1999999284744263 -0.6500000953674316 -0.6400001049041748 -0.6500000953674316 -0.6100000143051147 -0.31000006198883057 -0.38999998569488525 -0.38999998569488525 -0.8999999165534973 0 -2.440000057220459 -3.580000013113022 -3.769999861717224 -8.740000009536743 -0.3899998664855957 -0.3899998664855957 -0.1100001335144043 -0.03530311584472656 -0.19530296325683594 0.263216495513916 -0.31678342819213867 -0.09678316116333008 -0.09678316116333008 -0.026783466339111328 0.0909266471862793 0.000926971435546875 0.07092666625976562 0.2809267044067383 0.37530040740966797 0.3353004455566406 0.3353004455566406 0.2753005027770996 0.03530073165893555 0.0313420295715332 0.09134197235107422 0.21134233474731445 0.18134212493896484 0.7111177444458008
