SimulationData/Scenarios/Waterwolf/Flooding/Uitdammerdijk/900.asc
ncols        561
nrows        278
xllcorner    4.817258165162
yllcorner    52.370746892638
cellsize     0.000511251697
NODATA_value  -9999
[rows 198 to 219 of 278, columns 288 to 335 of 561]
0.12708449363708496 0.3570845127105713 0.6170845031738281 0.46708452701568604 0.28708457946777344 0.19708454608917236 0.19708454608917236 0.9870845079421997 -0.4229154586791992 0.3625084161758423 0.6425085067749023 0.45250844955444336 0.4925084114074707 0.4925084114074707 0.7325084209442139 0.6125084161758423 0.4925084114074707 0.8025083541870117 0.5742815732955933 0.4542815685272217 0.47428154945373535 0.47428154945373535 0.4842815399169922 0.4259958267211914 0.8859958648681641 0.46599578857421875 0.4559957981109619 0.37616729736328125 0.5561673641204834 0.5561673641204834 0.6562309265136719 1.326230764389038 2.41620934009552 2.786209225654602 1.7561893463134766 1.3661894798278809 1.3661894798278809 0.9261910915374756 0.8561911582946777 0.9161844253540039 -2.373815655708313 -3.0383270978927612 -4.158327221870422 -3.2083271741867065 -3.2083271741867065 0.32167279720306396 0.1631321907043457 0.9131323099136353
0.2370845079421997 0.3070845603942871 0.47708451747894287 0.46708452701568604 0.09708452224731445 0.09708452224731445 0.09708452224731445 0.9870845079421997 0.46708452701568604 0.4025084972381592 0.5125083923339844 0.4325084686279297 0.2825084924697876 0.2825084924697876 0.6525084972381592 0.47250843048095703 0.3325084447860718 0.9925084114074707 0.5642815828323364 0.4542815685272217 0.42428159713745117 0.42428159713745117 0.4642815589904785 0.4459958076477051 0.49599575996398926 0.46599578857421875 0.4559957981109619 0.41616737842559814 0.5361673831939697 0.5361673831939697 0.6262308359146118 0.9362308979034424 1.5762091875076294 1.4362093210220337 1.0661892890930176 0.9361894130706787 0.9361894130706787 0.22619104385375977 0.9161911010742188 -2.3138155937194824 -2.5038156509399414 -3.098327159881592 -2.9683271646499634 0.32167279720306396 0.32167279720306396 0.2816728353500366 0.9231323003768921 0.583132266998291
0.44708454608917236 0.47708451747894287 0.47708451747894287 0.3970845937728882 -1.1929154694080353 0.13708460330963135 0.13708460330963135 0.5570845603942871 0.5370845794677734 0.9925084114074707 0.4925084114074707 0.38250839710235596 0.4325084686279297 0.4325084686279297 0.47250843048095703 0.7925083637237549 0.4425084590911865 0.6725084781646729 0.5342816114425659 0.44428157806396484 0.434281587600708 0.434281587600708 0.47428154945373535 0.4759957790374756 0.5159957408905029 0.4559957981109619 0.49599575996398926 0.4566917419433594 0.4566917419433594 0.4566917419433594 0.44654011726379395 0.4065401554107666 0.536302924156189 0.48630285263061523 0.5062637329101562 -0.2137361764907837 -0.2137361764907837 -2.2938060760498047 -2.323806047439575 -0.45000001788139343 -0.3199999928474426 -1.1483271420001984 0.3716728687286377 0.9716728925704956 0.9716728925704956 0.5416728258132935 0.46313226222991943 0.9731322526931763
0.4870845079421997 -0.06291544437408447 -0.36291539669036865 0.47708451747894287 0.47708451747894287 0.5770845413208008 0.5770845413208008 0.9870845079421997 0.5270845890045166 0.5525084733963013 0.7025084495544434 0.47250843048095703 0.47250843048095703 0.47250843048095703 0.48250842094421387 0.6825084686279297 0.4625084400177002 0.5325084924697876 0.5462803840637207 0.48628032207489014 0.526280403137207 0.526280403137207 0.4462803602218628 0.48750102519989014 0.527501106262207 0.5075010061264038 0.4775010347366333 0.38982534408569336 0.4398254156112671 0.4398254156112671 0.3798253536224365 0.42982542514801025 0.45711052417755127 0.47711050510406494 0.6371104717254639 -1.782889485359192 -1.782889485359192 -2.553048849105835 -2.143048882484436 -1.543048918247223 -1.1430489048361778 0.31893038749694824 0.9689304828643799 0.5689303874969482 0.5689303874969482 0.678930401802063 0.9731322526931763 0.7631322145462036
0.46708452701568604 0.13708460330963135 0.41708457469940186 0.4570845365524292 0.4570845365524292 0.5770845413208008 0.5770845413208008 0.7270845174789429 0.5170845985412598 0.5925084352493286 0.6525084972381592 0.412508487701416 0.5025084018707275 0.5025084018707275 0.5325084924697876 0.5125083923339844 0.45250844955444336 0.5625084638595581 0.6062803268432617 0.6362802982330322 0.6962803602218628 0.6962803602218628 0.6762803792953491 0.6475011110305786 0.9475010633468628 0.6775010824203491 0.687501072883606 0.7098253965377808 0.42982542514801025 0.42982542514801025 0.42982542514801025 0.39982545375823975 0.5071104764938354 0.6671105623245239 -1.262889476493001 -2.6028894186019897 -2.6028894186019897 -2.3730489015579224 -1.6330488920211792 -0.8230489194393158 0.2769510746002197 0.6089304685592651 0.7789304256439209 0.7589304447174072 0.7589304447174072 0.7389304637908936 0.7731322050094604 0.7031322717666626
0.4370845556259155 0.6470845937728882 0.44708454608917236 0.44708454608917236 0.5770845413208008 0.5770845413208008 0.5370845794677734 0.9870845079421997 0.5570845603942871 0.5725084543228149 0.662508487701416 0.4425084590911865 0.48250842094421387 0.48250842094421387 0.5425084829330444 0.5725084543228149 0.5325084924697876 0.5425084829330444 0.5362803936004639 0.6062803268432617 0.526280403137207 0.526280403137207 0.5062803030014038 0.527501106262207 0.6575011014938354 0.5075010061264038 0.5975010395050049 0.4398254156112671 0.4698253870010376 0.4698253870010376 0.4398254156112671 0.7098253965377808 0.9171105623245239 0.9171105623245239 -1.5828894674777985 -2.192889451980591 -2.192889451980591 -1.3830489069223404 0.3969510793685913 0.9669511318206787 0.696951150894165 0.6889303922653198 0.7689304351806641 0.7189304828643799 0.7189304828643799 0.7189304828643799 0.7831321954727173 0.7731322050094604
0.13278484344482422 0.46278488636016846 0.3927849531173706 0.26278483867645264 0.5127848386764526 0.5127848386764526 0.5727849006652832 0.6927849054336548 0.5327849388122559 0.7962192296981812 0.5562193393707275 0.43621933460235596 0.4762192964553833 0.4762192964553833 0.6062192916870117 0.6062192916870117 0.5562193393707275 0.5762193202972412 0.60001540184021 0.6200153827667236 0.540015459060669 0.540015459060669 0.4600154161453247 0.5500154495239258 0.5300154685974121 0.4800153970718384 0.8400155305862427 0.450131893157959 0.450131893157959 0.4801318645477295 0.6101318597793579 0.9301319122314453 0.8601319789886475 0.9301319122314453 0.11013185977935791 -1.389868125319481 -1.389868125319481 0.463547945022583 0.963547945022583 0.7335479259490967 1.1835479736328125 0.7835478782653809 0.7535479068756104 0.773547887802124 0.773547887802124 0.7335479259490967 0.8496195077896118 0.8996196985244751
0.012784838676452637 -0.13721513748168945 -0.2472151517868042 -0.01721513271331787 -0.007215142250061035 -0.007215142250061035 0.4727848768234253 0.5627849102020264 0.522784948348999 0.5362193584442139 0.5562193393707275 0.4762192964553833 0.526219367980957 0.526219367980957 0.5662193298339844 0.746219277381897 0.7862192392349243 0.5462193489074707 0.60001540184021 0.5200153589248657 0.6300153732299805 0.6300153732299805 0.540015459060669 0.60001540184021 0.6800154447555542 0.500015377998352 0.37001538276672363 0.5001318454742432 0.5001318454742432 0.49013185501098633 0.41013193130493164 0.41013193130493164 0.40013182163238525 0.9301319122314453 0.49013185501098633 0.9301319122314453 0.9301319122314453 0.5435478687286377 0.963547945022583 0.8735477924346924 0.8835480213165283 0.903548002243042 0.8935480117797852 0.8835480213165283 0.8835480213165283 0.9435479640960693 0.8196195363998413 0.8896197080612183
-0.1072150468826294 -0.31721508502960205 0.03278493881225586 -0.4072151184082031 -0.3972151279449463 -0.3972151279449463 -0.2372150421142578 0.7127848863601685 0.992784857749939 0.5162192583084106 0.5562193393707275 0.526219367980957 0.5462193489074707 0.5462193489074707 0.5662193298339844 0.7662192583084106 0.7762192487716675 0.6162192821502686 0.6300153732299805 0.5900154113769531 0.500015377998352 0.500015377998352 0.5600154399871826 0.5600154399871826 0.7400153875350952 0.4600154161453247 0.4000154733657837 0.890131950378418 0.890131950378418 0.9301319122314453 0.40013182163238525 0.41013193130493164 0.9301319122314453 0.41013193130493164 0.6201318502426147 0.47013187408447266 0.47013187408447266 0.963547945022583 0.5935479402542114 0.6735478639602661 0.773547887802124 0.8435478210449219 0.903548002243042 1.0135478973388672 1.0135478973388672 0.833547830581665 0.8796194791793823 0.969619631767273
-0.16721510887145996 -0.12721514701843262 -0.22721505165100098 -0.5772150754928589 -1.4272150993347168 -1.4272150993347168 -0.08721506595611572 0.4527848958969116 0.5027848482131958 0.5362193584442139 0.6962193250656128 0.8462194204330444 0.45621931552886963 0.45621931552886963 0.5162192583084106 0.996219277381897 0.526219367980957 0.5962193012237549 0.690015435218811 0.6200153827667236 0.6500154733657837 0.6500154733657837 0.5600154399871826 0.5500154495239258 1.000015377998352 1.000015377998352 0.42001545429229736 0.47013187408447266 0.47013187408447266 0.4601318836212158 0.44013190269470215 0.5701318979263306 0.5001318454742432 0.47013187408447266 0.5101318359375 0.4801318645477295 0.4801318645477295 0.5335478782653809 0.963547945022583 0.6135479211807251 0.7035479545593262 0.8135478496551514 0.8635478019714355 0.8535478115081787 0.8535478115081787 0.8735477924346924 0.9896196126937866 0.8896197080612183
0.5027848482131958 -0.1472151279449463 -0.057215094566345215 0.58278489112854 0.4527848958969116 0.4527848958969116 0.3527848720550537 0.4527848958969116 0.4727848768234253 0.5662193298339844 0.5662193298339844 0.5062192678451538 0.5362193584442139 0.5362193584442139 0.5762193202972412 0.6062192916870117 0.6162192821502686 0.7662192583084106 0.7300153970718384 0.7200154066085815 1.000015377998352 1.000015377998352 0.5500154495239258 0.7300153970718384 1.000015377998352 0.6200153827667236 0.4100154638290405 0.49013185501098633 0.49013185501098633 0.4601318836212158 0.44013190269470215 0.4601318836212158 0.890131950378418 0.4301319122314453 0.5701318979263306 0.4801318645477295 0.4801318645477295 0.5535478591918945 0.5035479068756104 0.963547945022583 0.6735478639602661 0.7935478687286377 0.963547945022583 0.8835480213165283 0.8835480213165283 1.0135478973388672 0.9196196794509888 0.9396196603775024
0.43278491497039795 0.3827848434448242 0.08278489112854004 0.2227848768234253 0.43278491497039795 0.43278491497039795 0.4127849340438843 0.4527848958969116 0.5127848386764526 0.48621928691864014 0.996219277381897 0.5562193393707275 0.5162192583084106 0.5162192583084106 0.5462193489074707 0.686219334602356 0.996219277381897 0.6262192726135254 0.5600154399871826 0.7100154161453247 0.7100154161453247 0.7100154161453247 0.7300153970718384 1.000015377998352 0.8100153207778931 0.6200153827667236 0.4900153875350952 0.44013190269470215 0.44013190269470215 0.41013193130493164 0.450131893157959 0.9301319122314453 0.450131893157959 0.44013190269470215 0.7101318836212158 0.4601318836212158 0.4601318836212158 0.963547945022583 0.6635478734970093 0.5735479593276978 0.963547945022583 0.7635478973388672 0.833547830581665 0.833547830581665 0.7935478687286377 0.9135479927062988 0.969619631767273 0.8696194887161255
0.4853142499923706 0.5253143310546875 0.9953142404556274 0.365314245223999 0.49531424045562744 0.49531424045562744 0.4253143072128296 0.5353143215179443 0.9953142404556274 0.018024086952209473 0.5280241966247559 0.48802411556243896 0.8980242013931274 0.8980242013931274 0.5080240964889526 0.9380241632461548 0.9980241060256958 0.5580241680145264 0.5528405904769897 0.5928405523300171 0.5928405523300171 0.7428405284881592 0.23284053802490234 0.9228405952453613 0.40284061431884766 0.43284058570861816 0.46284055709838867 0.6166932582855225 0.6166932582855225 0.5566933155059814 0.5166932344436646 0.9366933107376099 0.5066932439804077 0.46669328212738037 0.4466933012008667 0.5566933155059814 0.5566933155059814 0.5873610973358154 0.5373610258102417 0.957361102104187 0.5573610067367554 0.517361044883728 0.6873611211776733 0.6873611211776733 0.707361102104187 0.7373610734939575 0.7778595685958862 0.6878595352172852
0.41531431674957275 0.44531428813934326 0.4553142786026001 0.4253143072128296 0.44531428813934326 0.44531428813934326 0.46531426906585693 0.49531424045562744 0.4853142499923706 0.5480241775512695 0.4980241060256958 -0.09197580814361572 0.4480241537094116 0.4480241537094116 0.48802411556243896 0.5980241298675537 0.6580241918563843 0.5880241394042969 0.6328405141830444 0.7428405284881592 0.7428405284881592 -0.17715942859649658 0.9228405952453613 0.4928405284881592 0.4928405284881592 0.4728405475616455 0.40284061431884766 0.45669329166412354 0.45669329166412354 0.4966932535171509 0.5666933059692383 0.5066932439804077 0.9366933107376099 0.5066932439804077 0.45669329166412354 0.46669328212738037 0.46669328212738037 0.677361011505127 0.5573610067367554 0.677361011505127 0.5673611164093018 0.6373610496520996 0.5673611164093018 0.5673611164093018 0.457361102104187 0.457361102104187 0.44785964488983154 0.4578596353530884
0.3253142833709717 0.41531431674957275 0.46531426906585693 0.4853142499923706 0.47531425952911377 0.47531425952911377 0.4353142976760864 0.46531426906585693 0.46531426906585693 0.5280241966247559 0.57802414894104 0.5880241394042969 0.6680241823196411 0.6680241823196411 0.6480242013931274 0.6480242013931274 -0.14197587966918945 0.638024091720581 0.442840576171875 0.7428405284881592 0.7428405284881592 0.442840576171875 0.442840576171875 0.6228405237197876 0.4728405475616455 0.9228405952453613 0.5428406000137329 0.5566933155059814 0.5566933155059814 0.5266932249069214 0.4966932535171509 0.9366933107376099 0.5966932773590088 0.5166932344436646 0.9366933107376099 0.46669328212738037 0.46669328212738037 0.49736106395721436 0.957361102104187 0.5073610544204712 0.517361044883728 0.5073610544204712 0.42736101150512695 0.42736101150512695 0.5273610353469849 0.3773610591888428 0.3678596019744873 0.44785964488983154
0.46531426906585693 0.4853142499923706 0.24531424045562744 0.4553142786026001 0.4253143072128296 0.4253143072128296 0.44531428813934326 0.41531431674957275 0.46531426906585693 0.5280241966247559 0.5580241680145264 0.5380241870880127 0.6480242013931274 0.6480242013931274 0.6880241632461548 0.7080241441726685 0.5880241394042969 0.07802414894104004 0.7428405284881592 0.4128406047821045 0.4128406047821045 0.45284056663513184 0.5528405904769897 0.45284056663513184 0.9228405952453613 0.5128405094146729 0.5328406095504761 0.9366933107376099 0.9366933107376099 0.4966932535171509 0.4766932725906372 0.5266932249069214 0.9366933107376099 0.4466933012008667 0.6066932678222656 0.9366933107376099 0.9366933107376099 0.46736109256744385 0.4873610734939575 0.43736112117767334 0.39736104011535645 0.6273610591888428 0.957361102104187 0.957361102104187 0.3573610782623291 0.4073610305786133 0.4578596353530884 0.5078595876693726
0.4053143262863159 0.41531431674957275 0.5053142309188843 0.4053143262863159 0.41531431674957275 0.41531431674957275 0.9953142404556274 0.4553142786026001 0.4553142786026001 0.5180240869522095 0.5680241584777832 0.5580241680145264 0.5580241680145264 0.6080241203308105 0.5380241870880127 0.5980241298675537 0.6180241107940674 0.5580241680145264 0.7428405284881592 0.43284058570861816 0.43284058570861816 0.7128405570983887 0.4928405284881592 0.48284053802490234 0.5828405618667603 0.46284055709838867 0.502840518951416 0.8066931962966919 0.8066931962966919 0.4766932725906372 0.5566933155059814 0.43669331073760986 0.43669331073760986 0.9366933107376099 0.4466933012008667 0.426693320274353 0.426693320274353 0.4473611116409302 0.4873610734939575 0.3273611068725586 0.4773610830307007 0.46736109256744385 0.457361102104187 0.457361102104187 0.42736101150512695 0.39736104011535645 0.4878596067428589 0.4678596258163452
0.36650240421295166 0.38650238513946533 0.45650243759155273 0.4765024185180664 0.4265024662017822 0.4265024662017822 0.4465024471282959 0.46650242805480957 0.46650242805480957 0.5283960103988647 0.6583960056304932 0.5883959531784058 0.5883959531784058 0.9983959197998047 0.4983959197998047 0.5583959817886353 0.5083959102630615 0.728395938873291 0.572704553604126 1.0027045011520386 1.0027045011520386 0.49270451068878174 0.41270458698272705 0.47270452976226807 0.5227044820785522 0.4227045774459839 0.46270453929901123 0.47621798515319824 0.47621798515319824 0.396217942237854 0.6662180423736572 0.4362180233001709 0.42621803283691406 0.4162180423736572 0.4362180233001709 0.4362180233001709 0.4362180233001709 0.44606077671051025 0.40606069564819336 0.5260607004165649 0.5360606908798218 0.4660607576370239 0.5660607814788818 0.5660607814788818 0.4860607385635376 0.9560607671737671 0.5140750408172607 0.654075026512146
0.48650240898132324 0.27650249004364014 0.3765023946762085 0.5865024328231812 0.48650240898132324 0.48650240898132324 0.5265024900436401 0.4465024471282959 0.4465024471282959 0.478395938873291 0.5283960103988647 0.48839592933654785 0.48839592933654785 0.5883959531784058 0.5083959102630615 0.6083959341049194 0.40839600563049316 0.45839595794677734 0.5027045011520386 1.0027045011520386 1.0027045011520386 -0.05729544162750244 0.39270448684692383 0.47270452976226807 0.39270448684692383 0.5527045726776123 0.9227045774459839 0.7962179183959961 0.7962179183959961 0.42621803283691406 0.4362180233001709 0.9362180233001709 0.4362180233001709 0.37621796131134033 0.37621796131134033 0.37621796131134033 0.32621800899505615 0.47606074810028076 0.4660607576370239 0.4660607576370239 0.4660607576370239 0.5160607099533081 0.5460606813430786 0.5460606813430786 0.5060607194900513 0.4660607576370239 0.4540750980377197 0.344075083732605
0.38650238513946533 0.4465024471282959 0.48650240898132324 0.45650243759155273 0.4765024185180664 0.4765024185180664 0.5765024423599243 0.5765024423599243 0.4765024185180664 0.4483959674835205 0.4983959197998047 0.478395938873291 0.478395938873291 0.478395938873291 0.45839595794677734 0.40839600563049316 0.40839600563049316 0.9983959197998047 0.4527045488357544 0.34270453453063965 0.34270453453063965 0.382704496383667 0.37270450592041016 0.7427045106887817 0.37270450592041016 0.3327045440673828 0.2627044916152954 0.32621800899505615 0.32621800899505615 0.44621801376342773 0.40621793270111084 0.37621796131134033 0.7562179565429688 0.03621792793273926 0.25621795654296875 0.25621795654296875 0.37621796131134033 0.49606072902679443 0.616060733795166 0.5860607624053955 0.7460607290267944 0.49606072902679443 0.4860607385635376 0.4860607385635376 0.5560606718063354 0.5260607004165649 0.404075026512146 0.36407506465911865
0.40650248527526855 0.40650248527526855 0.48650240898132324 0.40650248527526855 0.5265024900436401 0.5265024900436401 0.9965023994445801 0.4965023994445801 0.5265024900436401 0.478395938873291 0.38839590549468994 0.42839598655700684 0.42839598655700684 0.5883959531784058 0.4483959674835205 0.41839599609375 0.48839592933654785 0.3183959722518921 0.34270453453063965 0.322704553604126 0.322704553604126 0.3627045154571533 1.0027045011520386 0.5527045726776123 0.7427045106887817 0.7427045106887817 0.34270453453063965 0.32621800899505615 0.32621800899505615 0.7562179565429688 0.3062180280685425 0.28621792793273926 0.05621802806854248 0.146217942237854 0.28621792793273926 0.28621792793273926 0.29621803760528564 0.5960607528686523 0.6560606956481934 0.8260606527328491 0.5060607194900513 0.5560606718063354 0.40606069564819336 0.40606069564819336 0.9560607671737671 0.44606077671051025 0.4440751075744629 0.41407501697540283
0.3965024948120117 0.4265024662017822 0.9965023994445801 0.5165023803710938 0.5165023803710938 0.40650248527526855 0.3765023946762085 0.4465024471282959 0.46650242805480957 0.43839597702026367 0.6783959865570068 0.478395938873291 0.478395938873291 0.478395938873291 0.4483959674835205 0.3783959150314331 0.478395938873291 0.41839599609375 0.47270452976226807 0.382704496383667 0.382704496383667 0.29270458221435547 0.31270456314086914 0.3527045249938965 0.4527045488357544 0.41270458698272705 0.322704553604126 0.7562179565429688 0.7562179565429688 0.28621792793273926 0.16621804237365723 0.09621798992156982 0.046218037605285645 0.07621800899505615 0.09621798992156982 0.09621798992156982 -0.04378199577331543 0.18606078624725342 0.4860607385635376 0.40606069564819336 0.5260607004165649 0.4660607576370239 0.3560607433319092 0.3560607433319092 0.366060733795166 0.32606077194213867 0.23407506942749023 0.1840749979019165
