SimulationData/Scenarios/Waterwolf/Flooding/Uitdammerdijk/900.asc
ncols        561
nrows        278
xllcorner    4.817258165162
yllcorner    52.370746892638
cellsize     0.000511251697
NODATA_value  -9999
[rows 240 to 269 of 278, columns 272 to 339 of 561]
0 0 0 0 0 0 0 0 0 0 0 0 0 0 0 0 0 0 0 0 0 0 0 0.2639538049697876 0.2639538049697876 0.7710092067718506 0.7710092067718506 0.7710092067718506 0.7710092067718506 0.7710092067718506 0.769829273223877 0.769829273223877 0.769829273223877 0.769829273223877 0.768086314201355 0.768086314201355 0.768086314201355 0.768086314201355 0.768086314201355 0.768086314201355 0.768086314201355 0.768086314201355 0.768086314201355 0.768086314201355 0.7685451507568359 0.7685451507568359 0.7685451507568359 0.7685451507568359 0.7685451507568359 0.7685451507568359 0.7685451507568359 0.7685451507568359 0.7685451507568359 0.7102959156036377 0.7102959156036377 0.7102959156036377 0.7102959156036377 0.7102959156036377 0.7102959156036377 0.7102959156036377 0.7102959156036377 0.7102959156036377 0.7214455604553223 0.7214455604553223 0.7214455604553223 0.7214455604553223 0.7214455604553223 0.7214455604553223
0 0 0 0 0 0 0 0 0 0 0 0 0 0 0 0 0 0 0 0 0 0 0 0 0 0.2590698003768921 0.2590698003768921 0.2590698003768921 0.2590698003768921 0.2590698003768921 0.7678526639938354 0.7678526639938354 0.7678526639938354 0.7678526639938354 0.7678526639938354 0.768086314201355 0.768086314201355 0.768086314201355 0.768086314201355 0.768086314201355 0.768086314201355 0.768086314201355 0.768086314201355 0.768086314201355 0.7685451507568359 0.7685451507568359 0.7685451507568359 0.7685451507568359 0.7685451507568359 0.7685451507568359 0.7685451507568359 0.7685451507568359 0.7685451507568359 0.7102959156036377 0.7102959156036377 0.7102959156036377 0.7102959156036377 0.7102959156036377 0.7102959156036377 0.7102959156036377 0.7102959156036377 0.7102959156036377 0.7214455604553223 0.7214455604553223 0.7214455604553223 0.7214455604553223 0.7214455604553223 0.7214455604553223
0 0 0 0 0 0 0 0 0 0 0 0 0 0 0 0 0 0 0 0 0 0 0 0 0 0.2590698003768921 0.2590698003768921 0.2590698003768921 0.2590698003768921 0.2590698003768921 0.7678526639938354 0.7678526639938354 0.7678526639938354 0.7678526639938354 0.7678526639938354 0.768086314201355 0.768086314201355 0.768086314201355 0.768086314201355 0.768086314201355 0.768086314201355 0.768086314201355 0.768086314201355 0.768086314201355 0.7685451507568359 0.7685451507568359 0.7685451507568359 0.7685451507568359 0.7685451507568359 0.7685451507568359 0.7685451507568359 0.7685451507568359 0.7685451507568359 0.7102959156036377 0.7102959156036377 0.7102959156036377 0.7102959156036377 0.7102959156036377 0.7102959156036377 0.7102959156036377 0.7102959156036377 0.7102959156036377 0.7214455604553223 0.7214455604553223 0.7214455604553223 0.7214455604553223 0.7214455604553223 0.7214455604553223
0 0 0 0 0 0 0 0 0 0 0 0 0 0 0 0 0 0 0 0 0 0 0 0 0 0.2383568286895752 0.2383568286895752 0.2383568286895752 0.2383660078048706 0.2383660078048706 0.7522119283676147 0.7522119283676147 0.7522119283676147 0.7522119283676147 0.7522119283676147 0.6800194978713989 0.6800194978713989 0.6800194978713989 0.6800194978713989 0.6800194978713989 0.6800194978713989 0.6800194978713989 0.6800194978713989 0.6800194978713989 0.6798285245895386 0.6798285245895386 0.6798285245895386 0.6798285245895386 0.6798285245895386 0.6798285245895386 0.6798285245895386 0.6798285245895386 0.6798285245895386 0.6788967847824097 0.6788967847824097 0.6788967847824097 0.6788967847824097 0.6788967847824097 0.6839834451675415 0.6839834451675415 0.6839834451675415 0.6839834451675415 0.6988739967346191 0.6988739967346191 0.6988739967346191 0.6988739967346191 0.6988739967346191 0.7087678909301758
0 0 0 0 0 0 0 0 0 0 0 0 0 0 0 0 0 0 0 0 0 0 0 0 0 0.2383568286895752 0.2383568286895752 0.2383568286895752 0.2383660078048706 0.2383660078048706 0.7522119283676147 0.7522119283676147 0.7522119283676147 0.7522119283676147 0.7522119283676147 0.6800194978713989 0.6800194978713989 0.6800194978713989 0.6800194978713989 0.6800194978713989 0.6800194978713989 0.6800194978713989 0.6800194978713989 0.6800194978713989 0.6798285245895386 0.6798285245895386 0.6798285245895386 0.6798285245895386 0.6798285245895386 0.6798285245895386 0.6798285245895386 0.6798285245895386 0.6798285245895386 0.6788967847824097 0.6788967847824097 0.6788967847824097 0.6788967847824097 0.6788967847824097 0.6839834451675415 0.6839834451675415 0.6839834451675415 0.6839834451675415 0.6988739967346191 0.6988739967346191 0.6988739967346191 0.6988739967346191 0.6988739967346191 0.7087678909301758
0 0 0 0 0 0 0 0 0 0 0 0 0 0 0 0 0 0 0 0 0 0 0 0 0 0.23858296871185303 0.23858296871185303 0.23858296871185303 0.44837677478790283 0.44837677478790283 0.7522119283676147 0.7522119283676147 0.7522119283676147 0.7522119283676147 0.7522119283676147 0.6800194978713989 0.6800194978713989 0.6800194978713989 0.6800194978713989 0.6800194978713989 0.6800194978713989 0.6800194978713989 0.6800194978713989 0.6800194978713989 0.6798285245895386 0.6798285245895386 0.6798285245895386 0.6798285245895386 0.6798285245895386 0.6798285245895386 0.6798285245895386 0.6798285245895386 0.6798285245895386 0.6788967847824097 0.6788967847824097 0.6788967847824097 0.6788967847824097 0.6788967847824097 0.6839834451675415 0.6839834451675415 0.6839834451675415 0.6839834451675415 0.6988739967346191 0.6988739967346191 0.6988739967346191 0.6988739967346191 0.6988739967346191 0.7087678909301758
0 0 0 0 0 0 0 0 0 0 0 0 0 0 0 0 0 0 0 0 0 0 0 0 0 0 0 0 0.5562303066253662 0.5562303066253662 0.6548596620559692 0.6548596620559692 0.6548596620559692 0.6548596620559692 0.6548596620559692 0.6800194978713989 0.6800194978713989 0.6800194978713989 0.6800194978713989 0.6800194978713989 0.6800194978713989 0.6800194978713989 0.6800194978713989 0.6800194978713989 0.6798285245895386 0.6798285245895386 0.6798285245895386 0.6798285245895386 0.6798285245895386 0.6798285245895386 0.6798285245895386 0.6798285245895386 0.6798285245895386 0.6532001495361328 0.6532001495361328 0.6532001495361328 0.6532001495361328 0.6532001495361328 0.6412054300308228 0.6412054300308228 0.6412054300308228 0.6412054300308228 0.6812589168548584 0.6812589168548584 0.6812589168548584 0.6812589168548584 0.6812589168548584 0.6925777196884155
0 0 0 0 0 0 0 0 0 0 0 0 0 0 0 0 0 0 0 0 0 0 0 0 0 0 0 0 0.5562303066253662 0.5562303066253662 0.6548596620559692 0.6548596620559692 0.6548596620559692 0.6548596620559692 0.6548596620559692 0.6800194978713989 0.6800194978713989 0.6800194978713989 0.6800194978713989 0.6800194978713989 0.6800194978713989 0.6800194978713989 0.6800194978713989 0.6800194978713989 0.6798285245895386 0.6798285245895386 0.6798285245895386 0.6798285245895386 0.6798285245895386 0.6798285245895386 0.6798285245895386 0.6798285245895386 0.6798285245895386 0.6532001495361328 0.6532001495361328 0.6532001495361328 0.6532001495361328 0.6532001495361328 0.6412054300308228 0.6412054300308228 0.6412054300308228 0.6412054300308228 0.6812589168548584 0.6812589168548584 0.6812589168548584 0.6812589168548584 0.6812589168548584 0.6925777196884155
0 0 0 0 0 0 0 0 0 0 0 0 0 0 0 0 0 0 0 0 0 0 0 0 0 0 0 0 0.5753817558288574 0.5753817558288574 0.6548596620559692 0.6548596620559692 0.6548596620559692 0.6548596620559692 0.6548596620559692 0.6800194978713989 0.6800194978713989 0.6800194978713989 0.6800194978713989 0.6800194978713989 0.6800194978713989 0.6800194978713989 0.6800194978713989 0.6800194978713989 0.6798285245895386 0.6798285245895386 0.6798285245895386 0.6798285245895386 0.6798285245895386 0.6798285245895386 0.6798285245895386 0.6798285245895386 0.6798285245895386 0.6532001495361328 0.6532001495361328 0.6532001495361328 0.6532001495361328 0.6532001495361328 0.6412054300308228 0.6412054300308228 0.6412054300308228 0.6412054300308228 0.6812589168548584 0.6812589168548584 0.6812589168548584 0.6812589168548584 0.6812589168548584 0.6925777196884155
0 0 0 0 0 0 0 0 0 0 0 0 0 0 0 0 0 0 0 0 0 0 0 0 0 0 0 0 0.3647056818008423 0.3647056818008423 0.6501141786575317 0.6501141786575317 0.6501141786575317 0.6501141786575317 0.6501141786575317 0.6694930791854858 0.6694930791854858 0.6694930791854858 0.6694930791854858 0.6715025901794434 0.6715025901794434 0.6715025901794434 0.6715025901794434 0.6715025901794434 0.6746395826339722 0.6746395826339722 0.6746395826339722 0.6746395826339722 0.6407687664031982 0.6407687664031982 0.6407687664031982 0.6407687664031982 0.6407687664031982 0.6337505578994751 0.6337505578994751 0.6337505578994751 0.6337505578994751 0.6337505578994751 0.6295784711837769 0.6295784711837769 0.6133497953414917 0.6133497953414917 0.5997378826141357 0.5997378826141357 0.6664069890975952 0.6664069890975952 0.6664069890975952 0.6765437126159668
0 0 0 0 0 0 0 0 0 0 0 0 0 0 0 0 0 0 0 0 0 0 0 0 0 0 0 0 0 0 0.6501141786575317 0.6501141786575317 0.6501141786575317 0.6501141786575317 0.6501141786575317 0.6694930791854858 0.6694930791854858 0.6694930791854858 0.6694930791854858 0.6715025901794434 0.6715025901794434 0.6715025901794434 0.6715025901794434 0.6715025901794434 0.6746395826339722 0.6746395826339722 0.6746395826339722 0.6746395826339722 0.6407687664031982 0.6407687664031982 0.6407687664031982 0.6407687664031982 0.6407687664031982 0.6337505578994751 0.6337505578994751 0.6337505578994751 0.6337505578994751 0.6337505578994751 0.6167103052139282 0.6167103052139282 0.6311242580413818 0.6311242580413818 2.2427843809127808 2.2427843809127808 2.242997407913208 2.242997407913208 2.242997407913208 2.2430570125579834
0 0 0 0 0 0 0 0 0 0 0 0 0 0 0 0 0 0 0 0 0 0 0 0 0 0 0 0 0 0 0.6501141786575317 0.6501141786575317 0.6501141786575317 0.6501141786575317 0.6501141786575317 0.6694930791854858 0.6694930791854858 0.6694930791854858 0.6694930791854858 0.6715025901794434 0.6715025901794434 0.6715025901794434 0.6715025901794434 0.6715025901794434 0.6746395826339722 0.6746395826339722 0.6746395826339722 0.6746395826339722 0.6407687664031982 0.6407687664031982 0.6407687664031982 0.6407687664031982 0.6407687664031982 0.6337505578994751 0.6337505578994751 0.6337505578994751 0.6337505578994751 0.6337505578994751 0.6167103052139282 0.6167103052139282 0.6311242580413818 0.6311242580413818 2.2427843809127808 2.2427843809127808 2.242997407913208 2.242997407913208 2.242997407913208 2.2430570125579834
0 0 0 0 0 0 0 0 0 0 0 0 0 0 0 0 0 0 0 0 0 0 0 0 0 0 0 0 0 0 0.49797117710113525 0.49797117710113525 0.23138689994812012 0.23138689994812012 0.23138689994812012 0.6205102205276489 0.6205102205276489 0.6205102205276489 0.6205102205276489 0.6236902475357056 0.6236902475357056 0.6236902475357056 0.6236902475357056 0.6236902475357056 0.6169053316116333 0.6169053316116333 0.6169053316116333 0.6169053316116333 0.6168615818023682 0.6168615818023682 0.6168615818023682 0.6168615818023682 0.6168615818023682 0.621598482131958 0.621598482131958 0.7600841522216797 0.7600841522216797 0.7600841522216797 2.360061764717102 2.360061764717102 2.241878867149353 2.241878867149353 2.2426525354385376 2.2426525354385376 2.2426525354385376 2.2426525354385376 2.2426525354385376 2.243008613586426
0 0 0 0 0 0 0 0 0 0 0 0 0 0 0 0 0 0 0 0 0 0 0 0 0 0 0 0 0 0 0.2210453748703003 0.2210453748703003 0.25586485862731934 0.25586485862731934 0.25586485862731934 0.6205102205276489 0.6205102205276489 0.6205102205276489 0.6205102205276489 0.6236902475357056 0.6236902475357056 0.6236902475357056 0.6236902475357056 0.6236902475357056 0.6169053316116333 0.6169053316116333 0.6169053316116333 0.6169053316116333 0.6168615818023682 0.6168615818023682 0.6168615818023682 0.6168615818023682 0.6168615818023682 0.8037680387496948 0.8037680387496948 2.242465615272522 2.242465615272522 2.242465615272522 2.2424241304397583 2.2424241304397583 2.242173910140991 2.242173910140991 2.2426525354385376 2.2426525354385376 2.2426525354385376 2.2426525354385376 2.2426525354385376 2.243008613586426
0 0 0 0 0 0 0 0 0 0 0 0 0 0 0 0 0 0 0 0 0 0 0 0 0 0 0 0 0 0 0.2210453748703003 0.2210453748703003 0.25586485862731934 0.25586485862731934 0.25586485862731934 0.6205102205276489 0.6205102205276489 0.6205102205276489 0.6205102205276489 0.6236902475357056 0.6236902475357056 0.6236902475357056 0.6236902475357056 0.6236902475357056 0.6169053316116333 0.6169053316116333 0.6169053316116333 0.6169053316116333 0.6168615818023682 0.6168615818023682 0.6168615818023682 0.6168615818023682 0.6168615818023682 0.8037680387496948 0.8037680387496948 2.242465615272522 2.242465615272522 2.242465615272522 2.2424241304397583 2.2424241304397583 2.242173910140991 2.242173910140991 2.2426525354385376 2.2426525354385376 2.2426525354385376 2.2426525354385376 2.2426525354385376 2.243008613586426
-9999 -9999 -9999 -9999 -9999 -9999 -9999 0 0 0 0 0 0 0 0 0 0 0 0 0 0 0 0 0 0 0 0 0 0 0 0 0 0.3355008363723755 0.3355008363723755 0.3355008363723755 0.4440113306045532 0.4440113306045532 0.4440113306045532 0.4440113306045532 0.6139622926712036 0.6139622926712036 0.6139622926712036 0.6139622926712036 0.6139622926712036 0.6093989610671997 0.6093989610671997 0.6093989610671997 0.6093989610671997 0.6122399568557739 0.6122399568557739 0.6122399568557739 1.444275975227356 1.444275975227356 2.242397665977478 2.242397665977478 2.2524573802948 2.2524573802948 2.2524573802948 2.2424105405807495 2.2424105405807495 2.2422481775283813 2.2422481775283813 2.2425427436828613 2.2425427436828613 2.2425427436828613 1.9426201581954956 1.9426201581954956 2.242811441421509
-9999 -9999 -9999 -9999 -9999 -9999 -9999 0 0 0 0 0 0 0 0 0 0 0 0 0 0 0 0 0 0 0 0 0 0 0 0 0 0.46432220935821533 0.46432220935821533 0.46432220935821533 0.4440113306045532 0.4440113306045532 0.4440113306045532 0.4440113306045532 0.6139622926712036 0.6139622926712036 0.6139622926712036 0.6139622926712036 0.6139622926712036 0.6093989610671997 0.6093989610671997 0.6093989610671997 0.6093989610671997 0.5872334241867065 0.5872334241867065 0.5872334241867065 2.262421488761902 2.262421488761902 2.252429723739624 2.252429723739624 2.2424429655075073 2.2424429655075073 2.2424429655075073 2.2423908710479736 2.2423908710479736 1.9920905828475952 1.9920905828475952 1.725471019744873 1.725471019744873 1.725471019744873 1.2180219888687134 1.2180219888687134 1.1659904718399048
-9999 -9999 -9999 -9999 -9999 -9999 -9999 0 0 0 0 0 0 0 0 0 0 0 0 0 0 0 0 0 0 0 0 0 0 0 0 0 0.33349359035491943 0.33349359035491943 0.33349359035491943 0.6409896612167358 0.6409896612167358 0.6409896612167358 0.6409896612167358 0.6085695028305054 0.6085695028305054 0.6085695028305054 0.6085695028305054 0.6085695028305054 0.6017681360244751 0.6017681360244751 0.6017681360244751 0.6017681360244751 0.6181063652038574 0.6181063652038574 0.6181063652038574 2.242412805557251 2.242412805557251 2.242444634437561 2.242444634437561 2.2424286603927612 2.2424286603927612 2.2424286603927612 1.7222788333892822 1.7222788333892822 0.9104166030883789 0.9104166030883789 1.1867026090621948 1.1867026090621948 1.1867026090621948 1.1867026090621948 1.1867026090621948 1.2434070110321045
-9999 -9999 -9999 -9999 -9999 -9999 -9999 0 0 0 0 0 0 0 0 0 0 0 0 0 0 0 0 0 0 0 0 0 0 0 0 0 0.33349359035491943 0.33349359035491943 0.33349359035491943 0.6409896612167358 0.6409896612167358 0.6409896612167358 0.6409896612167358 0.6085695028305054 0.6085695028305054 0.6085695028305054 0.6085695028305054 0.6085695028305054 0.6017681360244751 0.6017681360244751 0.6017681360244751 0.6017681360244751 0.6181063652038574 0.6181063652038574 0.6181063652038574 2.242412805557251 2.242412805557251 2.242444634437561 2.242444634437561 2.2424286603927612 2.2424286603927612 2.2424286603927612 1.7222788333892822 1.7222788333892822 0.9104166030883789 0.9104166030883789 1.1867026090621948 1.1867026090621948 1.1867026090621948 1.1867026090621948 1.1867026090621948 1.2434070110321045
-9999 -9999 -9999 -9999 -9999 -9999 -9999 0 0 0 0 0 0 0 0 0 0 0 0 0 0 0 0 0 0 0 0 0 0 0 0 0 0.20300114154815674 0.20300114154815674 0.20300114154815674 0.6409896612167358 0.6409896612167358 0.6409896612167358 0.6409896612167358 0.6085695028305054 0.6085695028305054 0.6085695028305054 0.6085695028305054 0.6085695028305054 0.6017681360244751 0.6017681360244751 0.6017681360244751 0.6017681360244751 0.553061842918396 0.553061842918396 0.553061842918396 2.2424190044403076 2.2424190044403076 2.242530584335327 2.242530584335327 0.9417288303375244 0.9417288303375244 0.9417288303375244 1.0413368940353394 1.0413368940353394 0.8190950155258179 0.8190950155258179 1.1867026090621948 1.1867026090621948 1.1867026090621948 1.1867026090621948 1.1867026090621948 1.2434070110321045
-9999 -9999 -9999 -9999 -9999 -9999 -9999 -9999 -9999 -9999 -9999 -9999 -9999 -9999 -9999 -9999 0 0 0 0 0 0 0 0 0 0 0 0 0 0 0 0 0 0 0 0.6140024662017822 0.6140024662017822 0.6140024662017822 0.6140024662017822 0.6021697521209717 0.6021697521209717 0.6021697521209717 0.6021697521209717 0.6021697521209717 0.5993630886077881 0.5993630886077881 0.5993630886077881 0.5993630886077881 0.1715102195739746 0.1715102195739746 0.1715102195739746 0.1715102195739746 0.1715102195739746 0.9811594486236572 0.9811594486236572 0.9811594486236572 0.9811594486236572 0.9811594486236572 0.4407879114151001 0.4407879114151001 0.4407879114151001 0.4407879114151001 1.1735446453094482 1.1735446453094482 1.1735446453094482 1.1735446453094482 1.1735446453094482 1.1735446453094482
-9999 -9999 -9999 -9999 -9999 -9999 -9999 -9999 -9999 -9999 -9999 -9999 -9999 -9999 -9999 -9999 0 0 0 0 0 0 0 0 0 0 0 0 0 0 0 0 0 0 0 0.6140024662017822 0.6140024662017822 0.6140024662017822 0.6140024662017822 0.6021697521209717 0.6021697521209717 0.6021697521209717 0.6021697521209717 0.6021697521209717 0.5993630886077881 0.5993630886077881 0.5993630886077881 0.5993630886077881 0.1715102195739746 0.1715102195739746 0.1715102195739746 0.1715102195739746 0.1715102195739746 0.9811594486236572 0.9811594486236572 0.9811594486236572 0.9811594486236572 0.9811594486236572 0.4407879114151001 0.4407879114151001 0.4407879114151001 0.4407879114151001 1.1735446453094482 1.1735446453094482 1.1735446453094482 1.1735446453094482 1.1735446453094482 1.1735446453094482
-9999 -9999 -9999 -9999 -9999 -9999 -9999 -9999 -9999 -9999 -9999 -9999 -9999 -9999 -9999 -9999 0 0 0 0 0 0 0 0 0 0 0 0 0 0 -9999 -9999 0 0 0 0.6140024662017822 0.6140024662017822 0.6140024662017822 0.6140024662017822 0.6021697521209717 0.6021697521209717 0.6021697521209717 0.6021697521209717 0.6021697521209717 0.5993630886077881 0.5993630886077881 0.5993630886077881 0.5993630886077881 0.1715102195739746 0.1715102195739746 0.1715102195739746 0.1715102195739746 0.1715102195739746 0.9811594486236572 0.9811594486236572 0.9811594486236572 0.9811594486236572 0.9811594486236572 0.4407879114151001 0.4407879114151001 0.4407879114151001 0.4407879114151001 1.1735446453094482 1.1735446453094482 1.1735446453094482 1.1735446453094482 1.1735446453094482 1.1735446453094482
-9999 -9999 -9999 -9999 -9999 -9999 -9999 -9999 -9999 -9999 -9999 -9999 -9999 -9999 -9999 -9999 0 0 0 0 0 0 0 0 0 0 -9999 -9999 -9999 -9999 0 0 0 0 0 0.17100143432617188 0.17100143432617188 0.17100143432617188 0.17100143432617188 0.6016460657119751 0.6016460657119751 0.6016460657119751 0.6016460657119751 0.6016460657119751 0.03410148620605469 0.03410148620605469 0.03410148620605469 0.03410148620605469 0.023659229278564453 0.023659229278564453 0.023659229278564453 0.023659229278564453 0.023659229278564453 0.0028977394104003906 0.0028977394104003906 0.0028977394104003906 0.0028977394104003906 0.0028977394104003906 0.0477372407913208 0.0477372407913208 0.0477372407913208 0.0477372407913208 1.1735446453094482 1.1735446453094482 1.1735446453094482 1.1735446453094482 1.1735446453094482 1.1735446453094482
-9999 -9999 -9999 -9999 -9999 -9999 -9999 -9999 -9999 -9999 -9999 -9999 -9999 -9999 -9999 -9999 0 0 0 0 0 0 0 0 0 0 -9999 -9999 -9999 -9999 0 0 0 0 0 0.17100143432617188 0.17100143432617188 0.17100143432617188 0.17100143432617188 0.6016460657119751 0.6016460657119751 0.6016460657119751 0.6016460657119751 0.6016460657119751 0.03410148620605469 0.03410148620605469 0.03410148620605469 0.03410148620605469 0.03410148620605469 0.023659229278564453 0.023659229278564453 0.023659229278564453 0.023659229278564453 0.0028977394104003906 0.0028977394104003906 0.0028977394104003906 0.0028977394104003906 0.0028977394104003906 0.0477372407913208 0.0477372407913208 0.0477372407913208 0.0477372407913208 1.1735446453094482 1.1735446453094482 1.1735446453094482 1.1735446453094482 1.1735446453094482 1.1735446453094482
-9999 -9999 -9999 -9999 -9999 -9999 -9999 -9999 -9999 -9999 -9999 -9999 -9999 -9999 -9999 -9999 0 0 0 0 0 0 0 0 0 0 -9999 -9999 -9999 -9999 0 0 0 0 0 0.17100143432617188 0.17100143432617188 0.17100143432617188 0.17100143432617188 0.6016460657119751 0.6016460657119751 0.6016460657119751 0.6016460657119751 0.6016460657119751 0.03410148620605469 0.03410148620605469 0.03410148620605469 0.03410148620605469 0.03410148620605469 0.023659229278564453 0.023659229278564453 0.023659229278564453 0.023659229278564453 0.0028977394104003906 0.0028977394104003906 0.0028977394104003906 0.0028977394104003906 0.0028977394104003906 0.0477372407913208 0.0477372407913208 0.0477372407913208 0.0477372407913208 1.1735446453094482 1.1735446453094482 1.1735446453094482 1.1735446453094482 1.1735446453094482 1.1735446453094482
-9999 -9999 -9999 -9999 -9999 -9999 -9999 -9999 -9999 -9999 -9999 -9999 -9999 -9999 -9999 -9999 -9999 -9999 -9999 -9999 -9999 -9999 -9999 -9999 -9999 -9999 0.6194071769714355 0.6194071769714355 0.6194071769714355 0.6194071769714355 0.6194071769714355 0.6194071769714355 0.6194071769714355 0.6194071769714355 0.6194071769714355 0.799626350402832 0.799626350402832 0.799626350402832 0.799626350402832 0.799626350402832 0.799626350402832 0.799626350402832 0.799626350402832 0.799626350402832 0.010398268699645996 0.010398268699645996 0.010398268699645996 0.010398268699645996 0.010398268699645996 0.010398268699645996 0.010398268699645996 0.010398268699645996 0.010398268699645996 0 0 0 0 0 0 0 0 0 -9999 -9999 -9999 -9999 -9999 -9999
-9999 -9999 -9999 -9999 -9999 -9999 -9999 -9999 -9999 -9999 -9999 -9999 -9999 -9999 -9999 -9999 -9999 -9999 -9999 -9999 -9999 -9999 -9999 -9999 -9999 -9999 0.6194071769714355 0.6194071769714355 0.6194071769714355 0.6194071769714355 0.6194071769714355 0.6194071769714355 0.6194071769714355 0.6194071769714355 0.6194071769714355 0.799626350402832 0.799626350402832 0.799626350402832 0.799626350402832 0.799626350402832 0.799626350402832 0.799626350402832 0.799626350402832 0.799626350402832 0.010398268699645996 0.010398268699645996 0.010398268699645996 0.010398268699645996 0.010398268699645996 0.010398268699645996 0.010398268699645996 0.010398268699645996 0.010398268699645996 0 0 0 0 0 0 0 0 0 -9999 -9999 -9999 -9999 -9999 -9999
-9999 -9999 -9999 -9999 -9999 -9999 -9999 -9999 -9999 -9999 -9999 -9999 -9999 -9999 -9999 -9999 -9999 -9999 -9999 -9999 -9999 -9999 -9999 -9999 -9999 -9999 0.6194071769714355 0.6194071769714355 0.6194071769714355 0.6194071769714355 0.6194071769714355 0.6194071769714355 0.6194071769714355 0.6194071769714355 0.6194071769714355 0.799626350402832 0.799626350402832 0.799626350402832 0.799626350402832 0.799626350402832 0.799626350402832 0.799626350402832 0.799626350402832 0.799626350402832 0.010398268699645996 0.010398268699645996 0.010398268699645996 0.010398268699645996 0.010398268699645996 0.010398268699645996 0.010398268699645996 0.010398268699645996 0.010398268699645996 0 0 0 0 0 0 0 0 0 -9999 -9999 -9999 -9999 -9999 -9999
-9999 -9999 -9999 -9999 -9999 -9999 -9999 -9999 -9999 -9999 -9999 -9999 -9999 -9999 -9999 -9999 -9999 -9999 -9999 -9999 -9999 -9999 -9999 -9999 -9999 -9999 0.6194071769714355 0.6194071769714355 0.6194071769714355 0.6194071769714355 0.6194071769714355 0.6194071769714355 0.6194071769714355 0.6194071769714355 0.6194071769714355 0.799626350402832 0.799626350402832 0.799626350402832 0.799626350402832 0.799626350402832 0.799626350402832 0.799626350402832 0.799626350402832 0.799626350402832 0.010398268699645996 0.010398268699645996 0.010398268699645996 0.010398268699645996 0.010398268699645996 0.010398268699645996 0.010398268699645996 0.010398268699645996 0.010398268699645996 0 0 0 0 0 0 0 0 0 -9999 -9999 -9999 -9999 -9999 -9999
