SimulationData/Scenarios/Waterwolf/Flooding/Uitdammerdijk/900.asc
ncols        561
nrows        278
xllcorner    4.817258165162
yllcorner    52.370746892638
cellsize     0.000511251697
NODATA_value  -9999
[rows 220 to 241 of 278, columns 336 to 383 of 561]
0.3140749931335449 0.3140749931335449 0.29407501220703125 0.29407501220703125 0.3540750741958618 0.26407504081726074 0.3040750026702881 0.26830828189849854 0.44830822944641113 0.4383082389831543 0.4383082389831543 0.5383082628250122 0.5418781042098999 0.47187817096710205 0.535598874092102 0.7655988931655884 0.4168260097503662 0.3468259572982788 0.3468259572982788 0.2756223678588867 0.4256223440170288 0.3955659866333008 0.4255659580230713 0.5898611545562744 0.44986116886138916 0.3949507474899292 0.3949507474899292 0.41495072841644287 0.4549506902694702 0.41495072841644287 0.5034005641937256 0.49340057373046875 0.5334006547927856 0.5334006547927856 0.8934005498886108 0.3712576627731323 0.4912576675415039 0.47125768661499023 0.4912576675415039 0.4668952226638794 0.4368952512741089 0.4368952512741089 0.40689516067504883 0.45689523220062256 0.47229254245758057 0.5122925043106079 0.46229255199432373 0.9522924423217773
0.3142582178115845 0.3342583179473877 0.3342583179473877 0.3942582607269287 0.37425827980041504 0.3142582178115845 0.15425825119018555 0.33909857273101807 0.8490985631942749 0.2990986108779907 0.2990986108779907 0.529098629951477 0.48333704471588135 0.5733369588851929 0.5933369398117065 0.6333370208740234 0.4621701240539551 0.22217011451721191 0.22217011451721191 0.312170147895813 0.3421701192855835 0.3190131187438965 0.27901315689086914 0.3990131616592407 0.3890131711959839 0.39011192321777344 0.39011192321777344 0.39011192321777344 0.4301118850708008 0.8901118040084839 0.5501118898391724 0.6501119136810303 0.760111927986145 0.760111927986145 0.5201119184494019 0.4782832860946655 0.4982832670211792 0.5682833194732666 0.4782832860946655 0.4782832860946655 0.3682832717895508 0.3682832717895508 0.35828328132629395 0.608283281326294 0.5529934167861938 0.3729933500289917 0.602993369102478 0.39299333095550537
0.3842582702636719 0.34425830841064453 0.34425830841064453 0.43425822257995605 0.40425825119018555 0.3142582178115845 0.4842582941055298 0.529098629951477 0.8490985631942749 0.439098596572876 0.439098596572876 0.5390986204147339 0.5133370161056519 0.5733369588851929 0.6733369827270508 0.5133370161056519 0.27217018604278564 0.2821701765060425 0.2821701765060425 0.312170147895813 0.3221701383590698 0.3990131616592407 0.30901312828063965 0.349013090133667 0.36901307106018066 0.36901307106018066 0.4401118755340576 0.42011189460754395 0.5501118898391724 0.4401118755340576 0.8901118040084839 0.5001118183135986 0.5201119184494019 0.5201119184494019 0.8901118040084839 0.7082833051681519 0.508283257484436 0.5982832908630371 0.5282833576202393 0.4182833433151245 0.35828328132629395 0.35828328132629395 0.3182833194732666 0.48828327655792236 0.4929933547973633 0.5229933261871338 0.5829933881759644 0.3729933500289917
0.44425833225250244 0.40425825119018555 0.40425825119018555 0.3842582702636719 0.3342583179473877 0.2942582368850708 0.8242582082748413 0.3190985918045044 0.4890986680984497 0.33909857273101807 0.33909857273101807 0.5190986394882202 0.6333370208740234 0.6433370113372803 0.34333693981170654 0.5133370161056519 0.30217015743255615 0.27217018604278564 0.27217018604278564 0.3421701192855835 0.312170147895813 0.3990131616592407 0.349013090133667 0.40901315212249756 0.40901315212249756 0.48116326332092285 0.8901118040084839 0.45011186599731445 0.4701118469238281 0.4301118850708008 0.4301118850708008 0.8001118898391724 0.4401118755340576 0.4401118755340576 0.4301118850708008 0.4982832670211792 0.48828327655792236 0.4782832860946655 0.6682833433151245 0.32828330993652344 0.35828328132629395 0.35828328132629395 0.30828332901000977 0.5382833480834961 0.4729933738708496 0.4729933738708496 0.4229933023452759 0.24299335479736328
0.3142582178115845 0.2942582368850708 0.2942582368850708 0.3342583179473877 0.5442582368850708 0.2942582368850708 0.30425822734832764 0.30613696575164795 0.27613699436187744 0.37613701820373535 0.37613701820373535 0.4861370325088501 0.5799857378005981 0.5799857378005981 0.5799857378005981 0.3199857473373413 0.35848093032836914 0.33848094940185547 0.33848094940185547 0.3684810400009155 0.3184809684753418 0.3711632490158081 0.3211632966995239 0.6811633110046387 0.6111632585525513 0.6111632585525513 0.4701118469238281 0.670111894607544 0.5401118993759155 0.45011186599731445 0.4401118755340576 0.4601118564605713 0.4701118469238281 0.4701118469238281 0.4601118564605713 0.5982832908630371 0.7482832670211792 0.45828330516815186 0.5382833480834961 0.9082832336425781 0.3182833194732666 0.3182833194732666 0.32828330993652344 0.38828325271606445 0.41299331188201904 0.14299333095550537 0.30299341678619385 0.29299330711364746
0.8242582082748413 0.8242582082748413 0.8242582082748413 0.6342582702636719 0.20425832271575928 0.2142583131790161 0.2642582654953003 0.25613701343536377 0.8461369276046753 0.33613693714141846 0.33613693714141846 0.33613693714141846 0.6599857807159424 0.5499857664108276 0.4799858331680298 0.23998582363128662 0.048480987548828125 0.3184809684753418 0.3184809684753418 0.33848094940185547 0.2984809875488281 0.3711632490158081 0.35116326808929443 0.42116332054138184 0.39116334915161133 0.39116334915161133 0.4601118564605713 0.3701118230819702 0.4601118564605713 0.4401118755340576 0.48011183738708496 0.5401118993759155 0.4301118850708008 0.4301118850708008 0.33011186122894287 0.32828330993652344 0.448283314704895 0.4382833242416382 0.45828330516815186 0.32828330993652344 0.32828330993652344 0.32828330993652344 0.27828335762023926 0.35828328132629395 0.29299330711364746 0.4229933023452759 0.2529933452606201 0.4229933023452759
0.32101988792419434 0.2410198450088501 0.2410198450088501 0.2710198163986206 0.2910197973251343 0.48101985454559326 0.28101980686187744 0.18327820301055908 0.2532782554626465 0.30327820777893066 0.30327820777893066 0.3532782793045044 0.37327826023101807 0.3832782506942749 0.2632782459259033 0.15327823162078857 0.25791656970977783 0.18791651725769043 0.18791651725769043 0.2079164981842041 0.18791651725769043 -0.12208342552185059 -0.06208348274230957 0.11791646480560303 0.22791647911071777 0.22791647911071777 0.36788713932037354 0.8878871202468872 -0.2521127462387085 0.23788714408874512 0.4578871726989746 0.5078872442245483 0.41788721084594727 0.41788721084594727 0.3278871774673462 0.3343358039855957 0.2843358516693115 0.2343357801437378 0.20433580875396729 0.3943357467651367 0.16433584690093994 0.16433584690093994 0.21433579921722412 0.3943357467651367 0.2690246105194092 0.2490246295928955 0.41902458667755127 0.2490246295928955
0.2710198163986206 0.4410198926925659 0.4410198926925659 0.3610198497772217 0.32101988792419434 0.33101987838745117 0.22101986408233643 0.2532782554626465 0.34327828884124756 0.33327817916870117 0.33327817916870117 0.19327819347381592 0.12327826023101807 -0.016721725463867188 0.0632781982421875 0.33327817916870117 0.367916464805603 0.367916464805603 0.027916550636291504 -0.08208346366882324 0.2779165506362915 0.19791650772094727 0.367916464805603 0.367916464805603 0.367916464805603 0.367916464805603 0.23788714408874512 0.23788714408874512 0.03788721561431885 0.34788715839385986 0.43788719177246094 0.3978872299194336 0.37788712978363037 0.37788712978363037 0.2978872060775757 0.2743358612060547 0.32433581352233887 -0.045664191246032715 0.1843358278274536 0.20433580875396729 0.2343357801437378 0.2343357801437378 0.31433582305908203 0.3943357467651367 0.19902467727661133 0.3190246820449829 0.3190246820449829 0.3990246057510376
0.3010197877883911 0.12101984024047852 0.12101984024047852 0.45101988315582275 0.2410198450088501 -0.24898016452789307 0.28101980686187744 0.03327822685241699 0.08327817916870117 0.18327820301055908 0.18327820301055908 0.15327823162078857 0.33327817916870117 -0.026721715927124023 -0.09672176837921143 0.33327817916870117 0.047916531562805176 0.047916531562805176 0.07791650295257568 0.12791657447814941 0.09791648387908936 0.10791647434234619 0.047916531562805176 0.25791656970977783 0.28791654109954834 0.28791654109954834 0.2678872346878052 0.3078871965408325 0.1478872299194336 0.18788719177246094 0.8878871202468872 0.3578871488571167 0.3078871965408325 0.3078871965408325 0.3278871774673462 0.31433582305908203 0.34433579444885254 0.3843357563018799 0.9043357372283936 0.17433583736419678 0.17433583736419678 0.1543358564376831 -0.12566423416137695 0.1843358278274536 0.41902458667755127 0.2490246295928955 0.3490246534347534 0.06902468204498291
-0.26898014545440674 -0.32898014783859253 -0.32898014783859253 0.2110198736190796 0.26101982593536377 -0.33898019790649414 -0.3189801573753357 0.08327817916870117 -0.1167217493057251 0.01327824592590332 0.01327824592590332 -0.3067217469215393 -0.5667217969894409 -0.1467217206954956 0.0032782554626464844 -0.016721725463867188 0.05791652202606201 0.05791652202606201 0.09791648387908936 0.13791656494140625 0.08791649341583252 0.03791654109954834 0.09791648387908936 0.19791650772094727 0.28791654109954834 0.28791654109954834 0.4878871440887451 0.3278871774673462 0.19788718223571777 0.28788721561431885 0.3078871965408325 0.38788723945617676 0.337887167930603 0.337887167930603 0.31788718700408936 0.2743358612060547 0.20433580875396729 0.3043358325958252 0.2843358516693115 0.29433584213256836 0.29433584213256836 -0.15566420555114746 0.2643357515335083 0.16433584690093994 0.3090246915817261 0.20902466773986816 0.029024600982666016 0.09902465343475342
-0.048980116844177246 -0.24898016452789307 -0.24898016452789307 0.25101983547210693 0.25101983547210693 -0.158980131149292 0.23101985454559326 -0.046721816062927246 0.33327817916870117 -0.25672173500061035 -0.25672173500061035 -0.35672175884246826 0.03327822685241699 -0.016721725463867188 0.0632781982421875 0.04327821731567383 0.06791651248931885 0.06791651248931885 0.11791646480560303 0.07791650295257568 0.07791650295257568 0.08791649341583252 0.05791652202606201 0.18791651725769043 0.2779165506362915 0.2779165506362915 0.277887225151062 0.36788713932037354 0.3278871774673462 0.4278872013092041 0.38788723945617676 0.6178871393203735 0.31788718700408936 0.31788718700408936 0.277887225151062 0.20433580875396729 0.20433580875396729 0.25433576107025146 0.25433576107025146 -0.06566417217254639 -0.06566417217254639 0.22433578968048096 0.2843358516693115 0.14433574676513672 0.23902463912963867 0.2490246295928955 0.15902459621429443 0.41902458667755127
0.3010197877883911 0.2910197973251343 0.2910197973251343 0.28101980686187744 0.20101988315582275 0.3010197877883911 0.26101982593536377 0.11327826976776123 0.03327822685241699 -0.09672176837921143 -0.09672176837921143 -0.3067217469215393 0.07327818870544434 0.07327818870544434 0.33327817916870117 0.04327821731567383 0.047916531562805176 0.047916531562805176 -0.052083492279052734 0.07791650295257568 0.247916579246521 0.07791650295257568 0.05791652202606201 0.19791650772094727 0.2079164981842041 0.2079164981842041 0.28788721561431885 0.34788715839385986 0.34788715839385986 0.3278871774673462 0.3978872299194336 0.337887167930603 0.2078871726989746 0.2078871726989746 0.2678872346878052 0.2343357801437378 0.22433578968048096 0.31433582305908203 0.21433579921722412 0.22433578968048096 0.22433578968048096 0.3943357467651367 0.3943357467651367 0.25433576107025146 0.13902461528778076 0.28902459144592285 0.41902458667755127 0.41902458667755127
0.19823229312896729 0.1782323122024536 0.1782323122024536 0.2882322072982788 0.2282322645187378 0.2282322645187378 0.1582322120666504 0.0898512601852417 -0.0901486873626709 -0.0901486873626709 0.19985127449035645 -0.2801486849784851 0.029851317405700684 0.3398512601852417 0.3398512601852417 0.3398512601852417 -0.19339656829833984 -0.19339656829833984 0.22660338878631592 0.256603479385376 0.35660338401794434 0.35660338401794434 -0.05339658260345459 0.10660338401794434 0.1966034173965454 0.1966034173965454 0.3229689598083496 0.3229689598083496 0.3129689693450928 0.33296895027160645 0.3829690217971802 0.4129689931869507 0.3229689598083496 0.3229689598083496 0.8829689025878906 0.2326982021331787 0.2326982021331787 0.2326982021331787 -0.16730177402496338 0.28269827365875244 0.28269827365875244 0.2526981830596924 0.2726982831954956 0.10269820690155029 0.16585850715637207 0.41585850715637207 0.41585850715637207 0.41585850715637207
0.30823230743408203 0.3882322311401367 0.3882322311401367 0.33823227882385254 0.3482322692871094 0.8082321882247925 0.8082321882247925 -0.35014867782592773 -0.16014862060546875 -0.16014862060546875 0.3398512601852417 -0.27014869451522827 0.05985128879547119 0.1298513412475586 0.26985132694244385 0.26985132694244385 0.256603479385376 0.256603479385376 0.256603479385376 0.3666034936904907 0.7966034412384033 0.4366034269332886 0.7966034412384033 0.1966034173965454 0.1666034460067749 0.1666034460067749 0.2629690170288086 0.12296891212463379 0.3729689121246338 0.3729689121246338 0.21296894550323486 0.392969012260437 0.33296895027160645 0.33296895027160645 0.3129689693450928 0.24269819259643555 0.2326982021331787 -0.2073017954826355 0.2026982307434082 0.28269827365875244 0.28269827365875244 0.3226982355117798 0.37269818782806396 0.18269824981689453 0.22585856914520264 0.16585850715637207 0.41585850715637207 0.41585850715637207
0.10823225975036621 0.2882322072982788 0.2882322072982788 0.31823229789733887 0.18823230266571045 -0.03176772594451904 -0.20176780223846436 -0.8501487076282501 -1.6801486909389496 -1.6801486909389496 -0.9301486909389496 0.0898512601852417 0.1598513126373291 0.1598513126373291 0.24985134601593018 0.2898513078689575 0.2966034412384033 0.2966034412384033 0.27660346031188965 0.7966034412384033 0.2866034507751465 0.316603422164917 0.35660338401794434 0.27660346031188965 0.24660348892211914 0.24660348892211914 0.8129689693450928 0.25296902656555176 0.25296902656555176 0.3229689598083496 0.25296902656555176 0.11296892166137695 0.11296892166137695 0.3729689121246338 0.3729689121246338 -0.16730177402496338 0.10269820690155029 0.21269822120666504 0.21269822120666504 0.39269816875457764 0.39269816875457764 0.2326982021331787 0.2326982021331787 0.18269824981689453 0.2158585786819458 0.41585850715637207 0.41585850715637207 0.41585850715637207
0.29823219776153564 0.29823219776153564 0.29823219776153564 0.29823219776153564 0.30823230743408203 0.7382322549819946 -0.0017677545547485352 -0.020148634910583496 -0.6701487302780151 -0.6701487302780151 -0.030148625373840332 -0.030148625373840332 -0.020148634910583496 0.0898512601852417 0.16985130310058594 0.2798513174057007 0.2666034698486328 0.2666034698486328 0.30660343170166016 0.22660338878631592 0.316603422164917 0.33660340309143066 0.32660341262817383 0.33660340309143066 0.566603422164917 0.566603422164917 0.2929689884185791 0.3829690217971802 0.30296897888183594 0.8129689693450928 0.23296892642974854 0.30296897888183594 0.30296897888183594 0.3729689121246338 0.28296899795532227 0.2726982831954956 0.22269821166992188 0.2026982307434082 0.39269816875457764 0.22269821166992188 0.22269821166992188 0.24269819259643555 0.22269821166992188 0.39269816875457764 0.41585850715637207 0.41585850715637207 0.41585850715637207 0.41585850715637207
0.10823225975036621 0.20823228359222412 0.20823228359222412 0.2282322645187378 0.278232216835022 0.19823229312896729 0.12823224067687988 0.009851336479187012 0.07985126972198486 0.07985126972198486 0.3398512601852417 -0.20014870166778564 0.29985129833221436 0.14985132217407227 0.259851336479187 0.569851279258728 0.2666034698486328 0.2666034698486328 0.35660338401794434 0.4366034269332886 0.2966034412384033 0.7966034412384033 0.2866034507751465 0.39660346508026123 0.30660343170166016 0.30660343170166016 0.3829690217971802 0.40296900272369385 0.40296900272369385 0.30296897888183594 0.2629690170288086 0.2629690170288086 0.2629690170288086 0.3429689407348633 0.8129689693450928 0.07269823551177979 0.21269822120666504 0.3026982545852661 0.06269824504852295 0.12269818782806396 0.12269818782806396 0.21269822120666504 0.06269824504852295 0.2026982307434082 0.41585850715637207 0.41585850715637207 0.41585850715637207 0.41585850715637207
0.1782323122024536 0.1782323122024536 0.29823219776153564 0.16823220252990723 0.23823225498199463 0.2882322072982788 0.0782322883605957 0.049851298332214355 0.05985128879547119 0.05985128879547119 0.09985136985778809 0.14985132217407227 -0.01014864444732666 0.13985133171081543 -0.04014873504638672 0.3798513412475586 0.2866034507751465 0.2866034507751465 0.08660340309143066 0.1966034173965454 0.20660340785980225 0.1966034173965454 0.1366034746170044 0.40660345554351807 0.2366034984588623 0.2366034984588623 0.28296899795532227 0.8129689693450928 0.21296894550323486 0.27296900749206543 0.27296900749206543 0.24296891689300537 0.24296891689300537 0.452968955039978 0.28296899795532227 0.21269822120666504 0.2626981735229492 0.39269816875457764 0.16269826889038086 0.39269816875457764 0.39269816875457764 0.39269816875457764 0.1326981782913208 0.1326981782913208 0.1858586072921753 0.41585850715637207 0.41098880767822266 0.41098880767822266
0.051445603370666504 0.051445603370666504 -0.008554458618164062 0.04144561290740967 0.17144560813903809 0.22144556045532227 0.09144556522369385 0.11193931102752686 0.12193930149078369 0.12193930149078369 -0.008060693740844727 0.17193925380706787 -0.20806074142456055 0.32193922996520996 0.17193925380706787 0.0019392967224121094 0.06448209285736084 0.06448209285736084 -0.10551786422729492 0.3944821357727051 0.08448207378387451 0.23448216915130615 0.29448211193084717 -0.09551787376403809 0.21448218822479248 0.21448218822479248 0.2417048215866089 0.28170478343963623 0.29170477390289307 0.26170480251312256 0.3017047643661499 0.3317047357559204 0.3317047357559204 0.3017047643661499 0.14170479774475098 0.1413407325744629 0.4013407230377197 0.11134076118469238 0.1413407325744629 0.29134082794189453 0.29134082794189453 0.4013407230377197 0.4013407230377197 0.4013407230377197 0.41098880767822266 0.41098880767822266 0.41098880767822266 0.41098880767822266
0.19144558906555176 0.19144558906555176 -0.05855441093444824 -0.08855438232421875 0.24144554138183594 0.2014455795288086 0.12144553661346436 0.13193929195404053 0.0019392967224121094 0.0019392967224121094 0.09193933010101318 0.14193928241729736 -0.0980607271194458 0.061939239501953125 0.2519392967224121 0.2719392776489258 0.35448217391967773 0.35448217391967773 0.244482159614563 0.4244821071624756 0.7744821310043335 0.244482159614563 0.244482159614563 0.22448217868804932 0.22448217868804932 0.23448216915130615 0.5017048120498657 0.28170478343963623 0.2717047929763794 0.4017047882080078 0.2517048120498657 0.2317047119140625 0.2317047119140625 -0.058295249938964844 0.13170480728149414 0.18134081363677979 0.08134078979492188 0.4013407230377197 0.15134072303771973 0.13134074211120605 0.13134074211120605 0.17134082317352295 0.4013407230377197 0.4013407230377197 0.41098880767822266 0.41098880767822266 0.41098880767822266 0.41098880767822266
0.2814455032348633 0.2814455032348633 0.051445603370666504 0.07144558429718018 0.1314455270767212 0.08144557476043701 -0.34855443239212036 0.05193924903869629 0.1819392442703247 0.1819392442703247 0.33193933963775635 0.2519392967224121 0.5019392967224121 0.07193922996520996 0.1819392442703247 0.20193934440612793 0.35448217391967773 0.35448217391967773 0.21448218822479248 0.2544821500778198 0.31448209285736084 0.3444821834564209 0.5144821405410767 0.38448214530944824 0.38448214530944824 0.03448212146759033 0.34170472621917725 0.3717048168182373 0.8017047643661499 0.3217047452926636 0.2517048120498657 0.041704773902893066 0.041704773902893066 0.22170472145080566 0.14170479774475098 -0.22865921258926392 0.4013407230377197 0.4013407230377197 0.4013407230377197 0.4013407230377197 0.4013407230377197 0.4013407230377197 0.4013407230377197 0.4013407230377197 0.41098880767822266 0.41098880767822266 0.41098880767822266 0.41098880767822266
0.06144559383392334 0.06144559383392334 0.17144560813903809 0.2614455223083496 0.34144556522369385 0.07144558429718018 0.2814455032348633 0.011939287185668945 0.1519392728805542 0.1519392728805542 0.32193922996520996 0.33193933963775635 0.33193933963775635 0.14193928241729736 0.17193925380706787 0.2719392776489258 0.38448214530944824 0.38448214530944824 0.21448218822479248 0.2544821500778198 0.31448209285736084 0.16448211669921875 -0.3255178928375244 -0.005517840385437012 -0.005517840385437012 0.3344820737838745 0.2417048215866089 0.18170475959777832 0.3317047357559204 0.391704797744751 0.38170480728149414 0.14170479774475098 0.14170479774475098 0.13170480728149414 0.3617047071456909 0.11134076118469238 0.2113407850265503 0.23134076595306396 0.23134076595306396 0.4013407230377197 0.4013407230377197 0.4013407230377197 0.4013407230377197 0.4013407230377197 0.41098880767822266 0.41098880767822266 0.41098880767822266 0.41098880767822266
