SimulationData/Scenarios/Waterwolf/Flooding/Uitdammerdijk/900.asc
ncols        561
nrows        278
xllcorner    4.817258165162
yllcorner    52.370746892638
cellsize     0.000511251697
NODATA_value  -9999
[rows 88 to 109 of 278, columns 96 to 143 of 561]
-0.7199999094009399 -0.9899998903274536 -0.6599999666213989 -0.6699999570846558 -0.7299998998641968 -0.869999885559082 -0.5900000333786011 -0.5900000333786011 -0.4299999475479126 -0.6899999380111694 -0.3799999952316284 -0.25 -0.41999995708465576 -0.48000001907348633 -0.5399999618530273 -0.5399999618530273 -0.31999993324279785 -0.3799999952316284 -0.4899998903274536 -0.5 -0.15999996662139893 -0.3299999237060547 -0.3299999237060547 -0.3299999237060547 -0.21999990940093994 -0.029999971389770508 -0.15999996662139893 -0.20000004768371582 -0.3200000524520874 -1.1400000154972076 -1.1400000154972076 -0.039999961853027344 -0.09000003337860107 -0.15000009536743164 -0.05000007152557373 -0.1700000762939453 -0.029999971389770508 -0.029999971389770508 -0.10000002384185791 -0.18000006675720215 -0.12999999523162842 -0.24000000953674316 -0.18000006675720215 -0.11000001430511475 -0.059999942779541016 -0.059999942779541016 -0.24000000953674316 -0.20000004768371582
-0.7599999904632568 -0.4599999189376831 -0.26999998092651367 -0.4099999666213989 -0.4099999666213989 -0.5500000715255737 -0.6299999952316284 -0.6299999952316284 -0.5299999713897705 -0.5399999618530273 -0.5099999904632568 -0.49000000953674316 -0.6799999475479126 -0.5299999713897705 -0.5299999713897705 -0.5399999618530273 -0.43999993801116943 -0.46999990940093994 -0.3399999141693115 -0.44999992847442627 -0.559999942779541 -0.43999993801116943 -0.43999993801116943 -0.04999995231628418 -0.04999995231628418 -0.16999995708465576 -0.06999993324279785 -0.9899999499320984 -0.18999993801116943 -0.009999990463256836 -0.009999990463256836 -0.25999999046325684 -0.3500000238418579 -0.49000000953674316 -0.4799998998641968 -0.21999990940093994 -0.3999999761581421 -0.3999999761581421 -0.25999999046325684 -0.23000001907348633 -0.1499999761581421 -0.1499999761581421 -0.7200000286102295 -0.2700001001358032 -0.31000006198883057 -0.31000006198883057 -0.4700000286102295 0
-0.5399999618530273 -0.6299999952316284 -0.4099999666213989 -0.46000003814697266 -0.5500000715255737 -0.5399999618530273 -0.5499999523162842 -0.5499999523162842 -0.5299999713897705 -0.5800000429153442 -0.5499999523162842 -0.6299999952316284 -0.6100000143051147 -0.4299999475479126 -0.4299999475479126 -0.5900000333786011 -0.5099999904632568 -0.5199999809265137 -0.3399999141693115 -0.3399999141693115 -0.34999990463256836 -0.5399999618530273 -0.5399999618530273 -0.2799999713897705 -0.16999995708465576 -1.0899999737739563 -0.06999993324279785 -0.3299999237060547 -0.2799999713897705 -0.2999999523162842 -0.2999999523162842 -0.46000003814697266 -0.28999996185302734 -0.2999999523162842 -0.31999993324279785 -0.3299999237060547 -0.21999990940093994 -0.21999990940093994 -0.41999995708465576 -0.3500000238418579 -0.2799999713897705 -0.3400000333786011 -0.7200000286102295 0 -0.43000006675720215 -0.43000006675720215 -0.49000006914138794 0
-0.4599999189376831 -0.559999942779541 -0.4099999666213989 -0.41999995708465576 -0.48000001907348633 -0.4099999666213989 -0.559999942779541 -0.559999942779541 -0.5 -0.559999942779541 -0.4299999475479126 -0.5299999713897705 -0.4299999475479126 -0.6299999952316284 -0.6299999952316284 -0.6599999666213989 -0.3399999141693115 -0.36000001430511475 -0.5099999904632568 -0.3399999141693115 -0.26999998092651367 -0.23000001907348633 -0.23000001907348633 -0.24000000953674316 -1.9600000381469727 -0.039999961853027344 -0.20000004768371582 -0.28000009059906006 -0.4200000762939453 -0.4700000286102295 -0.4700000286102295 -0.4099999666213989 -0.38999998569488525 -0.3700000047683716 -0.21999990940093994 -0.34999990463256836 -0.28999996185302734 -0.28999996185302734 -0.3399999141693115 -0.26999998092651367 -0.23000001907348633 -0.1499999761581421 -0.7100000381469727 -0.3200000524520874 -0.3200000524520874 -0.3200000524520874 -0.25 -0.09000003337860107
-0.04999995231628418 -0.2200000286102295 -0.08999991416931152 -0.19999992847442627 -0.19999992847442627 -0.07999992370605469 -0.13999998569488525 -0.13999998569488525 -0.25 -0.08999991416931152 -0.08999991416931152 -0.12000000476837158 -0.09000003337860107 -0.3799999952316284 -0.3799999952316284 -0.25 -0.23000001907348633 -0.18000006675720215 0 -0.05000007152557373 -0.7700000405311584 0 0 0 0 -0.12999999523162842 -0.04999995231628418 -0.25999999046325684 -0.019999980926513672 -0.019999980926513672 -0.21000003814697266 -0.039999961853027344 -0.18000006675720215 -0.20000004768371582 -0.3799999952316284 -0.2099999189376831 -0.22999989986419678 -0.22999989986419678 -0.3700000047683716 -0.3700000047683716 -0.5 -1.4799999594688416 -1.1399999856948853 -0.8100000023841858 -0.38999998569488525 -0.38999998569488525 -0.3500000238418579 -0.13999998569488525
-0.15999996662139893 -0.09000003337860107 -0.07999992370605469 -0.23000001907348633 -0.23000001907348633 -0.24000000953674316 -0.08999991416931152 -0.08999991416931152 -0.48000001907348633 -0.25 -0.25999999046325684 -0.2799999713897705 -0.019999980926513672 -0.16000008583068848 -0.16000008583068848 -0.30000007152557373 -0.23000001907348633 -0.20000004768371582 -0.36000001430511475 -2.0500000715255737 0 0 0 0 0 -0.04999995231628418 -0.26999998092651367 -0.36000001430511475 -0.04999995231628418 -0.04999995231628418 -0.15999996662139893 -0.24000000953674316 -0.24000000953674316 -0.039999961853027344 -0.4899998903274536 -0.3700000047683716 -0.3599998950958252 -0.3599998950958252 -0.38999998569488525 -0.21999990940093994 -0.21999990940093994 -1.0999999046325684 -0.3799999952316284 -0.3200000524520874 -0.3200000524520874 -0.3200000524520874 -0.039999961853027344 -0.2200000286102295
-0.039999961853027344 -0.04999995231628418 -0.16999995708465576 -0.28999996185302734 -0.07999992370605469 -0.2799999713897705 -0.2799999713897705 -0.21999990940093994 -0.1799999475479126 -0.2999999523162842 -0.08999991416931152 -0.1499999761581421 -0.21000003814697266 -0.2200000286102295 -0.2200000286102295 -0.3200000524520874 -1.9800000190734863 -0.25 -0.04999995231628418 -0.16999995708465576 -0.2799999713897705 -0.24000000953674316 -0.24000000953674316 0 -0.18000006675720215 -0.04999995231628418 -0.24000000953674316 -0.1799999475479126 -0.04999995231628418 -0.04999995231628418 -0.26999998092651367 -0.2799999713897705 -0.039999961853027344 -0.2200000286102295 -0.8499999046325684 -0.5299999713897705 -0.5199999809265137 -0.5199999809265137 -0.5099999904632568 -0.9199999570846558 -0.9099999666213989 -0.21999990940093994 -0.3700000047683716 -0.20000004768371582 -0.08000004291534424 -0.08000004291534424 -0.10000002384185791 -0.039999961853027344
-0.12000000476837158 -0.24000000953674316 0 -0.12999999523162842 0 -0.12999999523162842 -0.12999999523162842 -0.04999995231628418 -0.2200000286102295 -0.25999999046325684 -0.2200000286102295 -0.25 -0.20000004768371582 -1.1000000536441803 -1.1000000536441803 -1.2900000512599945 -0.2999999523162842 -0.06999993324279785 -0.2999999523162842 -0.25999999046325684 -0.21000003814697266 -0.039999961853027344 -0.039999961853027344 -0.009999990463256836 -0.039999961853027344 -0.04999995231628418 -0.21000003814697266 -0.04999995231628418 -0.3500000238418579 -0.3500000238418579 -0.029999971389770508 -0.029999971389770508 -0.3500000238418579 -0.6200000047683716 -0.039999961853027344 -0.20000004768371582 -0.26999998092651367 -0.26999998092651367 -0.18000006675720215 -0.04999995231628418 -0.16999995708465576 -0.19000005722045898 -0.24000000953674316 -0.5399999618530273 -0.5399999618530273 -0.34999990463256836 -0.34999990463256836 -1.6299999505281448
-0.009999990463256836 -0.25 -0.21000003814697266 -0.1400001049041748 -0.2200000286102295 -0.2900000810623169 -0.2900000810623169 -0.16999995708465576 -0.04999995231628418 -0.7400000691413879 -2.2700000405311584 -0.7500000596046448 -0.23000001907348633 -0.25999999046325684 -0.25999999046325684 -0.23000001907348633 -0.06999993324279785 -0.15999996662139893 -0.06999993324279785 -0.26999998092651367 -0.2200000286102295 -0.039999961853027344 -0.039999961853027344 -0.3200000524520874 -0.039999961853027344 -0.21000003814697266 -0.5799999833106995 -0.3200000524520874 -0.36000001430511475 -0.36000001430511475 -0.029999971389770508 -0.21000003814697266 -0.15999996662139893 -0.5400000214576721 -0.039999961853027344 -0.3799999952316284 -0.18000006675720215 -0.18000006675720215 -0.039999961853027344 -0.4799998998641968 -0.34999990463256836 -0.34999990463256836 -1.7699999529868364 0 0 -0.1099998950958252 0 -0.6699999570846558
-0.13999998569488525 -0.009999990463256836 -0.3500000238418579 0 -0.060000061988830566 0 0 -1.5600000470876694 -2.2600000500679016 -1.4500000476837158 -0.24000000953674316 -0.009999990463256836 -0.15000009536743164 -0.23000001907348633 -0.23000001907348633 -0.2200000286102295 -0.19999992847442627 -0.13999998569488525 -0.309999942779541 -0.25 -0.1499999761581421 -0.1499999761581421 -0.5199999809265137 -0.6599999666213989 -0.039999961853027344 -0.3999999761581421 -0.19000005722045898 -0.21000003814697266 -0.15999996662139893 -0.15999996662139893 -0.039999961853027344 -0.2200000286102295 -0.25999999046325684 -0.1700000762939453 -0.23000001907348633 -0.12999999523162842 -0.039999961853027344 -0.039999961853027344 -0.09000003337860107 -0.34999990463256836 -1.9199999496340752 -0.9599999785423279 0 -0.5399999618530273 -0.5399999618530273 -0.5099999904632568 -0.7099999189376831 0
-0.30000007152557373 -0.30000007152557373 0 -0.8000000715255737 -2.4800000190734863 -1.5900000482797623 -1.5900000482797623 -1.6000000536441803 -0.43000006675720215 -0.28000009059906006 -0.21000003814697266 0 -0.24000000953674316 0 0 -0.23000001907348633 -0.26999998092651367 -0.25 -0.28999996185302734 -0.039999961853027344 -0.4799998998641968 -0.4799998998641968 -0.5099999904632568 -0.06999993324279785 -0.26999998092651367 -0.07999992370605469 -0.18999993801116943 -0.18999993801116943 -0.2099999189376831 -0.2099999189376831 -0.20000004768371582 -0.20000004768371582 -0.019999980926513672 -0.19000005722045898 -0.5899999141693115 -1.9499999582767487 0 0 -0.9299999475479126 -1.4599999487400055 0 0 -1.579999953508377 -0.46999990940093994 -0.46999990940093994 -0.38999998569488525 0 0
-1.1100000441074371 0 -0.029999971389770508 -0.30000007152557373 -0.25 0 0 -0.3500000238418579 -0.12000000476837158 -0.4500000476837158 -0.36000001430511475 -0.10000002384185791 0 -0.3400000333786011 -0.3400000333786011 -0.49000006914138794 -0.33000004291534424 -0.039999961853027344 -0.039999961853027344 -0.24000000953674316 -0.2200000286102295 -0.2200000286102295 -0.19999992847442627 -0.06999993324279785 -0.28999996185302734 -0.309999942779541 -0.2999999523162842 -0.2799999713897705 -0.07999992370605469 -0.07999992370605469 -0.11000001430511475 -0.28000009059906006 -0.34999990463256836 -1.699999950826168 0 -1.1799999475479126 -0.31000006198883057 -0.31000006198883057 -0.5400000810623169 -1.2899999618530273 -1.1299999356269836 0 0 -1.2399999499320984 -1.2399999499320984 -0.7299998998641968 -0.6299999952316284 0
-0.24000000953674316 -0.060000061988830566 -0.029999971389770508 -0.029999971389770508 -0.23000001907348633 -0.24000000953674316 -0.24000000953674316 -0.12000000476837158 -0.040000081062316895 -0.25 -0.43000006675720215 -0.20000004768371582 -0.0700000524520874 0 0 -0.75 -0.48000001907348633 -0.20000004768371582 -0.21000003814697266 -0.21000003814697266 -0.18999993801116943 -0.18999993801116943 -0.059999942779541016 -0.18999993801116943 -0.23000001907348633 -0.06999993324279785 -0.07999992370605469 -0.07999992370605469 -0.07999992370605469 -0.07999992370605469 -0.009999990463256836 -1.4700000379234552 0 -0.7899999618530273 -0.8999999761581421 -1.329999953508377 -1.329999953508377 -0.9900000542402267 -0.2600000500679016 -0.7799999713897705 0 -0.4599999189376831 -0.6399999856948853 0 0 0 -0.8999999761581421 -0.3599998950958252
-0.1499999761581421 -0.20000004768371582 -0.12000000476837158 -0.15999996662139893 -0.2200000286102295 -0.25 -0.25 -0.22999989986419678 -0.22999989986419678 -0.22999989986419678 -0.38999998569488525 -1.7599999606609344 -0.5899999141693115 -0.25999999046325684 -0.25999999046325684 -0.15999996662139893 -0.6299999952316284 -0.6100000143051147 -0.75 -0.8400000333786011 -0.23000001907348633 -0.23000001907348633 -0.21000003814697266 -0.039999961853027344 -0.11000001430511475 -0.04999995231628418 -1.6299999952316284 -0.559999942779541 -0.5199999809265137 -0.5199999809265137 -0.5799999237060547 -0.9299999475479126 -0.559999942779541 -0.3299999237060547 -0.559999942779541 0 0 0 0 0 -0.6599999666213989 -0.4799998998641968 0 0 0 -0.7699999809265137 -0.7899999618530273 0
-0.059999942779541016 -0.059999942779541016 -0.04999995231628418 -0.04999995231628418 -0.04999995231628418 -0.04999995231628418 -0.04999995231628418 -0.22999989986419678 -0.22999989986419678 -0.22999989986419678 -0.5499999523162842 -1.0199999809265137 -0.3799999952316284 -0.3799999952316284 -0.24000000953674316 -0.1799999475479126 -0.5099999904632568 -0.7000000476837158 -0.5800000429153442 -0.5099999904632568 -0.009999990463256836 -0.009999990463256836 -0.21000003814697266 -0.34999990463256836 -1.829999951645732 -0.43999993801116943 -1.2299999594688416 -1.35999995470047 -0.9299999475479126 -0.9299999475479126 -0.9599999785423279 -0.38999998569488525 0 0 -0.4299999475479126 -0.34999990463256836 -0.34999990463256836 0 0 0 -0.3799999952316284 -0.4299999475479126 -0.7199999094009399 0 0 -0.49000000953674316 -0.7899999618530273 -0.6799999475479126
-0.059999942779541016 -0.059999942779541016 -0.1499999761581421 -0.25999999046325684 -0.28999996185302734 -0.26999998092651367 -0.26999998092651367 -0.4599999189376831 -0.22999989986419678 -0.34999990463256836 -0.7499999403953552 -0.5899999141693115 -0.809999942779541 -0.809999942779541 -0.25 -0.36000001430511475 -0.24000000953674316 -0.44999992847442627 -0.5999999046325684 -1.1299999356269836 -1.4799999594688416 -1.4799999594688416 -1.3199999630451202 -0.7300000488758087 -0.5100000500679016 -0.9499999284744263 -0.8699999451637268 -0.559999942779541 -0.9499999284744263 -0.9499999284744263 0 -0.44999992847442627 -0.44999992847442627 -0.5099999904632568 -0.03000009059906006 -0.12000000476837158 -0.12000000476837158 -0.24000000953674316 -0.03000009059906006 -0.03000009059906006 -0.6700000762939453 -0.6000000238418579 -0.5 -0.31999993324279785 -0.31999993324279785 -0.5099999904632568 0 0
-0.3799999952316284 -0.43000006675720215 -0.440000057220459 -0.3900001049041748 -0.46000003814697266 -0.43000006675720215 -0.43000006675720215 -0.4099999666213989 -0.24000000953674316 -0.3999999761581421 -0.3700000047683716 -1.25 -0.9300000071525574 -0.9300000071525574 -0.8400000333786011 -0.9300000071525574 -0.44999992847442627 -0.44999992847442627 -0.34999990463256836 -0.6699999570846558 -1.7199999541044235 -1.7199999541044235 -1.599999949336052 -0.7200000584125519 -0.19000005722045898 -0.809999942779541 -0.6899999380111694 -0.6099998950958252 0 0 -0.06999993324279785 0 0 -0.3799999952316284 -0.6500000953674316 -0.6299999952316284 -0.6299999952316284 -0.36000001430511475 -0.4700000286102295 -0.03000009059906006 -0.03000009059906006 -0.6000000238418579 -0.5200001001358032 -0.34999990463256836 -0.34999990463256836 0 0 0
-0.25 -0.5600000619888306 -0.4500000476837158 -0.3500000238418579 -0.25 -0.25 -0.25 -0.04999995231628418 -0.13999998569488525 -0.48000001907348633 -0.4099999666213989 -0.41999995708465576 -0.41999995708465576 -0.41999995708465576 -0.7400000095367432 -0.5399999618530273 -0.05000007152557373 -0.009999990463256836 -1.9999999552965164 0 -1.3199999630451202 -1.3199999630451202 -1.729999952018261 -1.4399999380111694 -0.9299999475479126 -0.7699999809265137 -0.5799999237060547 -0.7099999189376831 -0.7099999189376831 -0.4799998998641968 -0.5799999237060547 -0.6699999570846558 -0.7699999809265137 0 -0.49000000953674316 -0.5200001001358032 -0.5200001001358032 -0.03000009059906006 -0.03000009059906006 -0.03000009059906006 -0.03000009059906006 -0.03000009059906006 -0.03000009059906006 0 0 -0.8199999332427979 -1.0199999809265137 -1.2299999594688416
-0.9300000667572021 -0.440000057220459 -0.25 -0.25 -0.25 -0.25 -0.25 -0.440000057220459 -0.28999996185302734 -0.7799999713897705 -0.04999995231628418 -0.3200000524520874 -0.039999961853027344 -0.039999961853027344 -0.039999961853027344 -0.3500000238418579 -0.6599999666213989 -1.5299999415874481 -1.009999930858612 -1.6199999451637268 -1.1699999570846558 -1.1699999570846558 -1.409999966621399 -0.7400000095367432 0 -0.9699999690055847 -1.3999999463558197 -0.9899999499320984 -0.9899999499320984 -0.9899999499320984 0 -0.19999992847442627 -0.5099999904632568 -0.25 -0.03000009059906006 -0.03000009059906006 -0.03000009059906006 -0.8100000619888306 -0.89000004529953 -1.0200000405311584 -0.7200000286102295 -0.03000009059906006 -0.03000009059906006 0 0 0 -1.0499999523162842 -2.059999942779541
-0.6400001049041748 -0.4700000286102295 -0.25 -0.25 -0.3500000238418579 -0.3500000238418579 -0.5800000429153442 -0.5199999809265137 -0.6700000166893005 -0.3500000238418579 -0.3200000524520874 -0.039999961853027344 -0.039999961853027344 -0.039999961853027344 -0.2999999523162842 -0.15999996662139893 -0.34999990463256836 -1.6599999517202377 -1.1699999570846558 -1.829999951645732 -0.8999999761581421 -0.8999999761581421 -0.8399999737739563 -0.6299999952316284 -1.0399999618530273 0 0 -1.009999930858612 -1.009999930858612 -0.9099999666213989 -0.8899999260902405 0 -0.559999942779541 -0.559999942779541 -0.20000004768371582 -0.03000009059906006 -0.03000009059906006 -0.03000009059906006 -0.03000009059906006 -0.9200000166893005 -0.7900000810623169 -0.7599999904632568 -0.6399999856948853 -0.85999995470047 -0.85999995470047 0 0 0
-1.1500000357627869 -0.5600000619888306 -0.4700000286102295 -0.25 -0.25 -0.25 -0.5800000429153442 -0.699999988079071 -0.2999999523162842 -0.12000000476837158 -0.24000000953674316 -0.039999961853027344 -0.16999995708465576 -0.16999995708465576 -0.12999999523162842 -0.16999995708465576 -1.6899999529123306 -0.6699999570846558 -0.18999993801116943 -0.08000004291534424 -1.8099999520927668 -1.8099999520927668 -0.7099999189376831 -0.6099998950958252 -1.0799999237060547 -1.309999942779541 -1.1199999451637268 0 0 0 0 0 0 -0.7699999809265137 -0.7900000810623169 -1.410000056028366 -1.410000056028366 -0.03000009059906006 -0.03000009059906006 -0.03000009059906006 -0.03000009059906006 -0.03000009059906006 -0.03000009059906006 -0.03000009059906006 0 0 0 0
-0.8199999332427979 -0.22999989986419678 -0.4599999189376831 -0.22999989986419678 -0.22999989986419678 -0.22999989986419678 -0.22999989986419678 -0.43000006675720215 -0.12000000476837158 -0.3900001049041748 -0.3700000047683716 -0.0700000524520874 -0.25 -0.25 -0.009999990463256836 -0.009999990463256836 -1.3799999952316284 -1.0299999713897705 -0.23000001907348633 -0.28999996185302734 -1.3100000023841858 -1.3100000023841858 -1.6899999976158142 -0.8799999952316284 -1.2699999809265137 -1.6899999529123306 0 -1.0799999237060547 -1.0799999237060547 -1.0999999642372131 -0.059999942779541016 -1.309999942779541 -0.2999999523162842 0 -0.9599999785423279 0 0 0 0 0 0 0 0 0 0 0 0 0
