SimulationData/Scenarios/Waterwolf/Flooding/Uitdammerdijk/960.asc
ncols        561
nrows        278
xllcorner    4.817258165162
yllcorner    52.370746892638
cellsize     0.000511251697
NODATA_value  -9999
[rows 66 to 87 of 278, columns 144 to 191 of 561]
-3.609999895095825 -3.5399999618530273 -3.659999907016754 -3.459999918937683 -4.899999916553497 -1.0099999904632568 -1.0099999904632568 -0.5499997138977051 -0.7699999809265137 -0.32000017166137695 -1.2100000381469727 -0.880000114440918 -0.7200000286102295 -0.13000011444091797 -0.13000011444091797 -0.6999998092651367 -1.3300001621246338 -4.250000089406967 -4.379999905824661 -3.519999861717224 -3.9899998903274536 -3.9899998903274536 -2.96999990940094 -0.08999776840209961 -0.06999778747558594 -0.1499999761581421 -0.08999991416931152 -0.1499999761581421 -0.9200000166893005 -0.9200000166893005 -1.4300000667572021 -1.0199999809265137 -0.8799999952316284 -0.7000000476837158 -0.19000005722045898 -0.21000003814697266 -0.690000057220459 -0.690000057220459 -0.6299999952316284 -0.5800000429153442 -0.5800000429153442 -0.6500000953674316 -0.6200000047683716 -0.6500000953674316 -0.6500000953674316 -0.5900000333786011 -0.5199999809265137 -0.5700000524520874
-1.649999976158142 -0.44999992847442627 -0.26999998092651367 -0.4099999666213989 -0.31999993324279785 -0.12000000476837158 -0.12000000476837158 -3.7799999117851257 -3.46999990940094 -3.5600000619888306 -3.640000104904175 -3.939999997615814 -3.299999952316284 -1.959999918937683 -1.959999918937683 -1.7299998998641968 -0.809999942779541 -0.10000002384185791 -0.25 -0.2799999713897705 -0.21000003814697266 -0.21000003814697266 -0.28999996185302734 -0.2499983310699463 -0.4999983310699463 -0.7500000596046448 -2.0400000512599945 -0.4299999475479126 -0.21999990940093994 -0.21999990940093994 -0.2999999523162842 -0.059999942779541016 -0.6500000953674316 -0.7100000381469727 -0.6500000953674316 -0.6800000667572021 -0.6800000667572021 -0.6500000953674316 -0.7200000286102295 -0.7500001192092896 -0.7300000190734863 -0.7800000905990601 -0.7000000476837158 -0.5900000333786011 -0.5900000333786011 -0.5900000333786011 -0.5900000333786011 -0.5900000333786011
-0.3299999237060547 -0.25 -0.2999999523162842 -0.24000000953674316 -0.23000001907348633 -0.2200000286102295 -0.2200000286102295 0 -0.6500000953674316 -0.05000007152557373 -0.0700000524520874 -0.38999998569488525 -0.48000001907348633 -0.49000000953674316 -0.49000000953674316 -0.10000002384185791 -0.46999990940093994 -0.4599999189376831 -0.20000004768371582 -0.2799999713897705 -0.1700000762939453 -0.1700000762939453 -0.3500000238418579 -0.11000001430511475 -0.009999990463256836 -0.6100000739097595 -0.0700000524520874 -0.41999995708465576 -1.0600000023841858 -1.0600000023841858 -0.690000057220459 -0.7900000810623169 -0.7100000381469727 -0.4700000286102295 -0.6500000953674316 -0.7000000476837158 -0.7000000476837158 -0.6600000858306885 -0.6100001335144043 -0.7300000190734863 -0.40000009536743164 -0.6800000667572021 -0.6700000762939453 -0.6600000858306885 -0.6600000858306885 -0.7100000381469727 -0.8100000619888306 -0.5900000333786011
-0.31999993324279785 -0.2999999523162842 -0.28999996185302734 -0.23000001907348633 -0.38999998569488525 -0.33000004291534424 -0.33000004291534424 -0.11000001430511475 -0.5099999904632568 -0.09000003337860107 -0.060000061988830566 -0.41999995708465576 -0.38999998569488525 -0.43999993801116943 -0.43999993801116943 -0.12999999523162842 -0.46999990940093994 -0.6599999666213989 -0.46000003814697266 -0.4500000476837158 -0.2799999713897705 -0.2799999713897705 -0.4200000762939453 -1.500000037252903 -0.25 -0.060000061988830566 -0.060000061988830566 -0.9700000286102295 -0.7300000190734863 -0.7300000190734863 -0.8000000715255737 -0.75 -0.6600000858306885 -0.6400001049041748 -0.6000000238418579 -0.630000114440918 -0.630000114440918 -0.690000057220459 -0.6200001239776611 0 -0.7200000286102295 -0.8199999332427979 -0.6599999666213989 -0.7699999809265137 -0.7699999809265137 -0.809999942779541 -0.8799999952316284 -0.75
-0.5499999523162842 -0.9099999666213989 -0.6099998950958252 -0.6099998950958252 -0.5800000429153442 -0.440000057220459 -0.440000057220459 -0.3799999952316284 -0.33000004291534424 -0.15999996662139893 -0.33000004291534424 -0.2799999713897705 -0.25999999046325684 -0.25999999046325684 -0.3799999952316284 -0.3799999952316284 -0.4700000286102295 -0.4200000762939453 -0.24000000953674316 0 -0.33000004291534424 -0.33000004291534424 -0.21000003814697266 -0.2200000286102295 0 0 -0.19000005722045898 -0.9700000286102295 -0.5700000524520874 -0.5700000524520874 -0.7000000476837158 0 -0.5500000715255737 -0.7100000381469727 -0.7500001192092896 -0.7000000476837158 -0.7000000476837158 -0.48000001907348633 -0.5400000810623169 -0.6500000953674316 -0.48000001907348633 -0.6799999475479126 -0.7699999809265137 -0.6200000047683716 -0.6200000047683716 -0.8999999761581421 -0.5899999141693115 -0.6899999380111694
-0.6099998950958252 -0.36999988555908203 -0.8199999332427979 -0.6099998950958252 -0.5199999809265137 -0.6499999761581421 -0.6499999761581421 -0.6200000047683716 -0.7799999713897705 -0.15999996662139893 -0.19000005722045898 -0.440000057220459 -0.33000004291534424 -0.33000004291534424 -0.08000004291534424 -0.0700000524520874 -0.08000004291534424 -0.1700000762939453 -1.3400000482797623 -0.28000009059906006 0 0 -0.18000006675720215 -0.040000081062316895 -0.040000081062316895 -0.019999980926513672 -0.12000000476837158 -1.130000114440918 -0.5300000905990601 -0.5300000905990601 -0.5700000524520874 -0.5500000715255737 -0.4200000762939453 -0.5900000333786011 -0.5400000810623169 -0.43000006675720215 -0.43000006675720215 -0.5400000810623169 -0.5900000333786011 -0.5000001192092896 0 -0.1099998950958252 -0.1099998950958252 -0.6799999475479126 -0.6799999475479126 -0.809999942779541 -0.1099998950958252 -0.6699999570846558
-0.3299999237060547 -0.36999988555908203 -0.619999885559082 -0.3399999141693115 -0.7400000095367432 -0.5499999523162842 -0.5499999523162842 -0.5499999523162842 -0.6200000047683716 -0.16000008583068848 -0.19000005722045898 0 0 0 -0.03000009059906006 0 -0.7200000286102295 -0.1499999761581421 -0.21000003814697266 -0.10000002384185791 -0.15999996662139893 -0.15999996662139893 -0.31000006198883057 -0.05000007152557373 -0.16000008583068848 -0.25 -0.019999980926513672 -1.0600000619888306 -0.5800000429153442 -0.5800000429153442 -0.6500000953674316 -0.5400000810623169 -0.4500000476837158 -0.5800000429153442 -0.5099999904632568 -0.5600000619888306 -0.5600000619888306 -0.3000001907348633 -0.16000008583068848 -0.37000012397766113 -0.5800000429153442 -0.6899999380111694 -0.5199999809265137 -0.6599999666213989 -0.6599999666213989 -0.1099998950958252 -0.5399999618530273 -0.1099998950958252
-0.619999885559082 -0.36999988555908203 -0.18999993801116943 -0.3299999237060547 -0.3799999952316284 -0.2999999523162842 -0.2999999523162842 -0.5499999523162842 -0.7599999904632568 -0.13999998569488525 -0.13999998569488525 -0.05000007152557373 -0.19000005722045898 -0.19000005722045898 -1.4300000481307507 -0.23000001907348633 -0.11000001430511475 -0.11000001430511475 -0.1499999761581421 -0.18000006675720215 -0.029999971389770508 -0.029999971389770508 -0.20000004768371582 -0.019999980926513672 -0.019999980926513672 -0.13999998569488525 -0.019999980926513672 -0.5500000715255737 -0.5500000715255737 -0.6000000238418579 -0.5800000429153442 -0.48000001907348633 -0.5800000429153442 -0.6000000238418579 -0.5400000810623169 -0.039999961853027344 -0.039999961853027344 -0.2799999713897705 -0.5100001096725464 -0.43000006675720215 -0.43000006675720215 -0.6399999856948853 -0.5799999237060547 -0.5499999523162842 -0.5499999523162842 -0.1099998950958252 -0.1099998950958252 -0.14999985694885254
-0.6299998760223389 -0.41999995708465576 -0.43999993801116943 0 -0.28999996185302734 -0.2999999523162842 -0.2999999523162842 -0.23000001907348633 -0.26999998092651367 -0.3700000047683716 -0.44999992847442627 -0.8199999332427979 -0.3399999141693115 -0.3399999141693115 0 0 -0.019999980926513672 -0.23000001907348633 -0.4500000476837158 -0.13999998569488525 -0.24000000953674316 -0.24000000953674316 -0.1700000762939453 -0.12000000476837158 -0.09000003337860107 -0.44999992847442627 -0.8100000023841858 -0.6200001239776611 -0.6200001239776611 -0.4700000286102295 0 -0.5500000715255737 -0.5099999904632568 -0.6000000238418579 -0.5 -0.38000011444091797 -0.38000011444091797 -0.46000003814697266 -0.4700000286102295 -0.4200000762939453 -0.43000006675720215 -0.4700000286102295 -0.6100000143051147 -0.1099998950958252 -0.1099998950958252 -0.6799999475479126 -0.6299999952316284 -0.4500000476837158
-0.630000114440918 -0.7900000810623169 -1 -0.6000000238418579 -0.2600001096725464 -0.2200000286102295 -0.2200000286102295 -0.43000006675720215 -0.46000003814697266 -1.5599999986588955 -0.23000001907348633 -0.13999998569488525 -0.11000001430511475 -0.11000001430511475 -0.039999961853027344 -0.2200000286102295 -0.13999998569488525 -0.04999995231628418 -0.1799999475479126 -0.12999999523162842 -0.1799999475479126 -0.1799999475479126 -0.22999989986419678 -0.039999961853027344 -0.039999961853027344 -0.44999992847442627 -0.7300000190734863 -0.5200001001358032 -0.5200001001358032 -0.5800000429153442 -0.48000001907348633 -0.5100001096725464 -0.6800000667572021 -0.6600000858306885 -0.48000001907348633 -0.6200001239776611 -0.6200001239776611 -0.8900001049041748 -0.5400000810623169 -0.48000001907348633 -0.5100001096725464 -0.48000001907348633 -0.25999999046325684 -0.28999996185302734 -0.28999996185302734 -0.4500000476837158 -0.18000006675720215 -0.07999992370605469
-0.4200000762939453 -0.18000006675720215 -0.5300000905990601 -0.5600000619888306 -0.49000000953674316 -0.49000000953674316 -0.8100000619888306 -0.5099999904632568 -2.2700000405311584 -0.1499999761581421 -0.1799999475479126 -0.3999999761581421 -0.029999971389770508 -0.029999971389770508 -0.039999961853027344 -0.039999961853027344 -0.20000004768371582 -0.039999961853027344 -0.3299999237060547 -0.18999993801116943 -0.09999990463256836 -0.09999990463256836 -0.26999998092651367 -0.04999995231628418 -0.16999995708465576 -0.5699999332427979 -0.16999995708465576 -0.5800000429153442 -0.5800000429153442 -0.5900000333786011 -0.4500000476837158 -0.5000001192092896 -0.6200001239776611 -0.5200001001358032 0 -0.5400000810623169 -0.5400000810623169 -0.029999971389770508 -0.5100001096725464 -0.6000000238418579 -0.5 -0.23000001907348633 -0.43000006675720215 -0.43000006675720215 -0.5800000429153442 -0.5300000905990601 -0.690000057220459 -0.039999961853027344
-0.440000057220459 -0.49000000953674316 -0.7400000095367432 -0.5600000619888306 -2.0499999672174454 -2.0499999672174454 -0.5299999713897705 -0.15999996662139893 -0.029999971389770508 -0.24000000953674316 -0.13999998569488525 -0.009999990463256836 -0.440000057220459 -0.440000057220459 -0.16999995708465576 -0.15999996662139893 -0.09000003337860107 -0.12999999523162842 -0.18999993801116943 -0.4799998998641968 -0.2799999713897705 -0.2799999713897705 -0.15999996662139893 -0.25 -0.13999998569488525 -0.6099998950958252 -0.2399998903274536 -0.46000003814697266 -0.46000003814697266 -0.5300000905990601 -0.5000001192092896 -0.4200000762939453 -0.5300000905990601 -0.440000057220459 0 0 0 -0.38000011444091797 -0.5500000715255737 -0.019999980926513672 -0.019999980926513672 0 -0.5000001192092896 -0.5000001192092896 -0.630000114440918 -0.5600000619888306 -0.6699999570846558 -0.46000003814697266
-0.19000005722045898 -0.48000001907348633 -0.25 -2.3100000619888306 -0.20000004768371582 -0.20000004768371582 -0.019999980926513672 -0.08000004291534424 -0.12000000476837158 -0.23000001907348633 -0.23000001907348633 -0.16999995708465576 -0.7099999785423279 -0.7099999785423279 -0.440000057220459 -0.690000057220459 -0.2999999523162842 -0.5099999904632568 -0.4100000858306885 -0.31000006198883057 -0.40000009536743164 -0.40000009536743164 -0.3900001049041748 -0.20000004768371582 0 -0.8900001049041748 -0.4900001287460327 -0.6500000953674316 -0.6500000953674316 0 0 -0.48000001907348633 -0.5900000333786011 -0.4900001287460327 -0.5400000810623169 0 0 -0.6100001335144043 -0.630000114440918 -0.6100001335144043 -0.6500000953674316 -0.6700000762939453 -0.7100000381469727 -0.7100000381469727 -0.6700000762939453 -0.5300000905990601 -0.7500001192092896 0
-0.1499999761581421 -0.1499999761581421 -0.12999999523162842 -0.009999990463256836 -0.15000009536743164 -0.15000009536743164 -0.1700000762939453 -0.19000005722045898 -0.24000000953674316 -0.3799999952316284 -0.5399999618530273 -0.2999999523162842 -0.23000001907348633 -0.23000001907348633 -0.3200000524520874 -0.4299999475479126 -0.41999995708465576 -0.2999999523162842 -0.4700000286102295 -0.25 -0.25 -0.5300000905990601 -0.46000003814697266 -0.44999992847442627 -0.8999999761581421 -0.1799999475479126 -0.07999992370605469 -0.6500000953674316 -0.6500000953674316 -0.4900001287460327 0 0 -0.5000001192092896 -0.5600000619888306 -0.9500000476837158 -0.7800000905990601 -0.7800000905990601 -0.880000114440918 -0.7500001192092896 -0.8600001335144043 -0.5200001001358032 -0.6200001239776611 -0.7600001096725464 -0.7600001096725464 -0.5200001001358032 -0.630000114440918 -0.7900000810623169 -0.5200001001358032
-0.9300000071525574 -0.1499999761581421 -0.21000003814697266 -0.009999990463256836 -0.3400000333786011 -0.3400000333786011 -0.5800000429153442 0 -0.19000005722045898 -0.75 -0.3200000524520874 -0.1799999475479126 -0.24000000953674316 -0.24000000953674316 -0.33000004291534424 -0.2999999523162842 -0.25999999046325684 -0.28999996185302734 -0.2900000810623169 -0.3200000524520874 -0.3200000524520874 -0.25 -0.6200000047683716 -0.44999992847442627 -0.6100000143051147 -0.3999999761581421 -0.6499999761581421 -0.9100000858306885 -0.9100000858306885 -0.9000000953674316 -0.8400000333786011 -0.880000114440918 -0.5200001001358032 -0.8000000715255737 -0.880000114440918 -0.5200001001358032 -0.5200001001358032 -0.7800000905990601 -0.8000000715255737 -0.8300000429153442 -0.8900001049041748 -0.5200001001358032 -0.5200001001358032 -0.5200001001358032 -0.7300000190734863 -0.8200000524520874 -0.8300000429153442 -0.9000000953674316
-0.28999996185302734 -0.09000003337860107 -0.059999942779541016 -0.21000003814697266 -0.029999971389770508 -0.029999971389770508 -0.28999996185302734 -0.6000000238418579 -0.6700000762939453 -0.5399999618530273 -0.16999995708465576 -0.18999993801116943 -0.15999996662139893 -0.15999996662139893 -0.28000009059906006 -0.33000004291534424 -0.24000000953674316 -0.31000006198883057 -0.3500000238418579 -0.0700000524520874 -0.0700000524520874 -0.2200000286102295 -0.2799999713897705 -0.029999971389770508 -0.23000001907348633 -0.13999998569488525 -0.3500000238418579 -0.23000001907348633 -0.23000001907348633 -0.28000009059906006 -0.6599999666213989 -0.6599999666213989 -0.6899999380111694 -0.75 -0.3500000238418579 -0.3500000238418579 -0.5199999809265137 -0.43999993801116943 -0.43999993801116943 -0.3700000047683716 -0.3500000238418579 -0.3999999761581421 -0.41999995708465576 -0.41999995708465576 -0.46999990940093994 -0.18999993801116943 -0.3799999952316284 -0.4599999189376831
-0.3200000524520874 -0.3700000047683716 -0.20000004768371582 -0.21000003814697266 -0.21000003814697266 -0.21000003814697266 -0.029999971389770508 -0.46000003814697266 -0.4500000476837158 -0.08999991416931152 -0.08999991416931152 -0.1799999475479126 -0.2099999189376831 -0.2099999189376831 -0.3500000238418579 -0.3700000047683716 -0.2900000810623169 -0.38000011444091797 -0.4700000286102295 -0.3400000333786011 -0.3400000333786011 -0.28999996185302734 -0.2799999713897705 -0.029999971389770508 -0.20000004768371582 -0.21000003814697266 -0.23000001907348633 -0.49000000953674316 -0.49000000953674316 -0.059999942779541016 -0.029999971389770508 0 -0.3299999237060547 -0.3599998950958252 -0.3799999952316284 -0.3799999952316284 -0.21999990940093994 -0.16999995708465576 -0.09999990463256836 -0.15999996662139893 -0.12999999523162842 -0.16999995708465576 -0.18999993801116943 -0.18999993801116943 -0.25 -0.25999999046325684 -0.12000000476837158 -0.029999971389770508
-0.16999995708465576 -0.1499999761581421 -0.3400000333786011 -0.15999996662139893 -0.029999971389770508 -0.029999971389770508 -0.11000001430511475 -0.15999996662139893 -0.21000003814697266 -0.08999991416931152 -0.28999996185302734 -0.3700000047683716 -0.08999991416931152 -0.08999991416931152 -0.2700001001358032 -0.3700000047683716 -0.31000006198883057 -0.30000007152557373 -0.23000001907348633 -0.12999999523162842 -0.12999999523162842 -0.2799999713897705 -0.2799999713897705 -0.029999971389770508 -0.029999971389770508 -0.1499999761581421 -0.1700000762939453 -0.550000011920929 -0.550000011920929 -0.2799999713897705 -0.1700000762939453 -0.18000006675720215 -0.4899998903274536 -0.1099998950958252 -0.1799999475479126 -0.1799999475479126 -0.2099999189376831 -0.06999993324279785 -0.1099998950958252 -0.2200000286102295 -0.24000000953674316 -0.19999992847442627 -0.1700000762939453 -0.1700000762939453 -0.13999998569488525 -0.1700000762939453 -0.21000003814697266 -0.6500000357627869
-0.06999993324279785 -0.3299999237060547 -0.10000002384185791 -0.06999993324279785 -0.04999995231628418 -0.04999995231628418 -0.3400000333786011 -0.550000011920929 -0.23000001907348633 -0.1799999475479126 -0.07999992370605469 -0.19999992847442627 -0.19999992847442627 -0.25 -0.23000001907348633 -0.38999998569488525 -0.24000000953674316 -0.3399999141693115 -0.5500000715255737 -0.12000000476837158 -0.12000000476837158 -0.12000000476837158 -0.11000001430511475 -0.19000005722045898 -0.30000007152557373 -0.31000006198883057 -0.2200000286102295 -0.059999942779541016 -0.059999942779541016 -0.33000004291534424 -0.059999942779541016 -0.059999942779541016 -0.1499999761581421 -0.25999999046325684 -0.2799999713897705 -0.2799999713897705 -0.31000006198883057 -0.2700001001358032 -0.2200000286102295 -0.010000109672546387 -0.3200000524520874 -0.21000003814697266 -0.28000009059906006 -0.28000009059906006 -0.6000000238418579 -1.0900000631809235 -0.5600000619888306 -0.6200000643730164
-0.41999995708465576 -0.2200000286102295 -0.06999993324279785 -0.23000001907348633 -0.5799999237060547 -0.5799999237060547 -0.04999995231628418 -0.7200000286102295 -0.33000004291534424 -0.2200000286102295 -0.23000001907348633 -0.21000003814697266 -0.21000003814697266 -0.06999993324279785 -0.24000000953674316 -0.24000000953674316 -0.10000002384185791 -0.2799999713897705 -0.21000003814697266 -0.12000000476837158 -0.12000000476837158 -0.12000000476837158 -0.3200000524520874 -0.18000006675720215 -0.1400001049041748 -0.1700000762939453 -0.33000004291534424 -0.24000000953674316 -0.24000000953674316 -0.21000003814697266 -0.25999999046325684 -0.25999999046325684 -0.3200000524520874 -0.2799999713897705 -0.26999998092651367 -0.26999998092651367 -0.19000005722045898 -0.2200000286102295 -0.18000006675720215 -0.010000109672546387 -1.0600000619888306 -0.7800000309944153 -0.020000100135803223 -0.020000100135803223 -0.020000100135803223 -0.020000100135803223 -0.9600000381469727 -0.30000007152557373
-0.6700000166893005 -0.7300000190734863 -0.5600000619888306 -0.1499999761581421 -0.25 -0.25 -0.11000001430511475 -0.15999996662139893 -0.1799999475479126 -0.1799999475479126 -0.23000001907348633 -0.34999990463256836 -0.34999990463256836 -0.5999999046325684 -0.4299999475479126 -0.4299999475479126 -0.15999996662139893 -0.25999999046325684 0 0 0 -0.3799999952316284 -0.1799999475479126 -0.46000003814697266 -0.3799999952316284 -0.3700000047683716 -0.25 -0.38999998569488525 -0.38999998569488525 -0.2999999523162842 -0.3399999141693115 -0.3299999237060547 -0.30000007152557373 -0.03000009059906006 -0.03000009059906006 -0.03000009059906006 -0.3500000238418579 -0.3200000524520874 -0.25 -0.25999999046325684 -0.12000000476837158 -1.320000171661377 -1.320000171661377 -1.320000171661377 -1.320000171661377 -1.9700000882148743 -0.010000109672546387 -0.3500000238418579
-0.1499999761581421 -0.8300000429153442 -0.64000004529953 -0.1499999761581421 -0.7700001001358032 -0.7700001001358032 -0.7200000286102295 -0.25999999046325684 -0.13999998569488525 -0.04999995231628418 -0.5799999833106995 -0.8199999332427979 -0.8199999332427979 -0.6399999856948853 -1.4899999499320984 -0.34999990463256836 -0.04999995231628418 -0.4299999475479126 0 0 0 -0.26999998092651367 -0.21000003814697266 -0.15999996662139893 -0.2999999523162842 -0.3500000238418579 -0.2999999523162842 -0.2999999523162842 -0.3599998950958252 -0.3399999141693115 -0.4899998903274536 -0.1099998950958252 -0.03000009059906006 -0.03000009059906006 -0.03000009059906006 -0.03000009059906006 -0.03000009059906006 -0.13999998569488525 -0.33000004291534424 -0.020000100135803223 -0.020000100135803223 -1.320000171661377 -1.320000171661377 -1.320000171661377 -1.7500001192092896 -1.930000126361847 -1.040000081062317 -0.940000057220459
