SimulationData/Scenarios/Waterwolf/Flooding/Uitdammerdijk/960.asc
ncols        561
nrows        278
xllcorner    4.817258165162
yllcorner    52.370746892638
cellsize     0.000511251697
NODATA_value  -9999
[rows 176 to 197 of 278, columns 384 to 431 of 561]
2.9708629846572876 3.0908628702163696 2.950863003730774 2.950863003730774 2.8008629083633423 2.9007821083068848 2.9007821083068848 2.950782299041748 2.5607824325561523 2.8206504583358765 2.920650362968445 2.920650362968445 2.9606508016586304 2.5006507635116577 0.012109518051147461 1.0321094989776611 1.0211575031280518 0.2611575126647949 0.2611575126647949 0.5724548101425171 0.6124547719955444 0.6467434167861938 0.43674349784851074 0.4875781536102295 0.3483959436416626 0.2982215881347656 0.2982215881347656 0.488494873046875 0.3386242389678955 0.3383948802947998 0.34957122802734375 0.25068867206573486 0.43325376510620117 0.4232536554336548 0.4232536554336548 0.4293278455734253 0.4693279266357422 0.3733398914337158 0.4933398962020874 0.41333985328674316 0.5033398866653442 0.5033398866653442 0.47451114654541016 0.47451114654541016 0.49451112747192383 0.49451112747192383 0.5439614057540894 0.5939613580703735
3.0908628702163696 3.0608631372451782 3.500863194465637 3.500863194465637 3.1208630800247192 3.1007823944091797 2.8107824325561523 2.8007822036743164 2.4107823371887207 2.9306505918502808 2.9506505727767944 2.9506505727767944 2.790650725364685 2.5006507635116577 0.02308058738708496 0.43308067321777344 0.3257710933685303 0.5257710218429565 0.5257710218429565 0.4925997257232666 0.5425996780395508 0.5460087060928345 0.606008768081665 0.5273563861846924 0.4773564338684082 0.4483729600906372 0.4483729600906372 0.4083728790283203 0.34047889709472656 0.280478835105896 0.5223791599273682 0.49237918853759766 0.4155334234237671 0.6455334424972534 0.6455334424972534 0.4417761564254761 0.4317760467529297 1.0533398389816284 0.5833399295806885 0.41333985328674316 0.40333986282348633 0.40333986282348633 0.25451111793518066 0.4445110559463501 0.5045111179351807 0.5245110988616943 0.5839613676071167 0.36396145820617676
3.200863003730774 3.440863251686096 3.1608630418777466 3.1608630418777466 3.0308629274368286 2.9807698726654053 2.9807698726654053 3.500769853591919 2.9807698726654053 2.810694098472595 2.8506940603256226 2.8506940603256226 2.7407150268554688 2.5807151794433594 0.5351110696792603 0.28511106967926025 0.5382444858551025 0.3682445287704468 0.3682445287704468 0.2749713659286499 0.5649714469909668 0.55497145652771 0.4049713611602783 0.5475277900695801 1.0275278091430664 0.6675277948379517 0.6675277948379517 0.5175278186798096 0.5026630163192749 0.5126630067825317 1.0326629877090454 0.5026630163192749 0.5609511733055115 0.5509511828422546 0.5509511828422546 1.0409511923789978 0.37095123529434204 0.3519894480705261 0.4019894003868103 0.39198940992355347 0.3419894576072693 0.3419894576072693 0.28312861919403076 0.43312859535217285 0.5364522337913513 0.5264522433280945 0.5403692126274109 0.6103692650794983
3.330863118171692 3.1208630800247192 3.21086323261261 3.21086323261261 2.7908631563186646 2.8207695484161377 2.7807695865631104 2.750769853591919 3.0207698345184326 2.820693850517273 2.9006937742233276 2.9006937742233276 2.6907153129577637 2.230715274810791 0.5351110696792603 0.38511109352111816 0.38824450969696045 0.4982445240020752 0.4982445240020752 0.5049713850021362 0.18497145175933838 0.20497143268585205 0.6649713516235352 0.4375278949737549 0.4975278377532959 0.4375278949737549 0.4375278949737549 0.41752779483795166 0.39266300201416016 0.46266305446624756 0.39266300201416016 0.342663049697876 0.3609512448310852 0.4609512686729431 0.4609512686729431 0.6309512257575989 0.3809512257575989 0.36198943853378296 0.41198939085006714 0.3019893765449524 0.2519894242286682 0.2519894242286682 0.43312859535217285 1.0531286001205444 0.48645228147506714 0.5864521861076355 0.4903692603111267 0.5603691935539246
2.7808629274368286 3.1108628511428833 3.010862946510315 3.010862946510315 2.9708629846572876 2.990769624710083 2.870769739151001 2.9807698726654053 2.990769624710083 2.9407373666763306 2.8207370042800903 2.8207370042800903 2.2807281017303467 -0.7292717695236206 0.3881709575653076 0.3581709861755371 0.4196730852127075 0.3696730136871338 0.3696730136871338 0.38497138023376465 0.4049713611602783 0.8549714088439941 0.80497145652771 0.5475277900695801 0.5075278282165527 0.38752782344818115 0.38752782344818115 0.3475278615951538 0.3726630210876465 0.31266307830810547 0.41266298294067383 0.592663049697876 0.44095128774642944 0.47095125913619995 0.47095125913619995 0.43095117807388306 0.44095128774642944 0.45198947191238403 0.421989381313324 0.511989414691925 0.3419894576072693 0.3419894576072693 0.5116831064224243 0.32168304920196533 0.4656916856765747 0.5356916189193726 0.46806997060775757 0.5380699038505554
2.920880913734436 3.0908809900283813 2.7708812952041626 2.7708812952041626 2.8808809518814087 2.6808143854141235 2.6908146142959595 2.880722165107727 2.8107224702835083 2.880743980407715 2.880743980407715 2.2907443046569824 2.36808180809021 0.5380816459655762 0.5590620040893555 0.40906190872192383 0.38906192779541016 0.30906200408935547 0.30906200408935547 0.4842289686203003 0.4142289161682129 0.5442289113998413 0.5442289113998413 0.5485312938690186 0.518531322479248 0.518531322479248 0.518531322479248 0.41853129863739014 0.3931112289428711 0.48311126232147217 0.5831112861633301 0.28311121463775635 0.4328990578651428 0.4328990578651428 0.4628991484642029 0.7328991293907166 0.4028990864753723 0.3508821725845337 0.4108821153640747 0.385553240776062 0.2855532169342041 0.2855532169342041 0.4018382430076599 0.38183826208114624 0.48402154445648193 0.47463083267211914 0.4754408001899719 0.49565041065216064
2.500881314277649 2.7208811044692993 2.5108810663223267 2.5108810663223267 2.4008809328079224 2.8208142518997192 2.7408143281936646 2.7507225275039673 2.8407222032546997 2.180744171142578 2.180744171142578 0.500744104385376 0.27808165550231934 0.27808165550231934 0.29906201362609863 0.3190619945526123 0.5390619039535522 0.3690619468688965 0.3690619468688965 0.4542289972305298 0.5442289113998413 0.14422893524169922 0.2642289400100708 0.03853130340576172 0.4785313606262207 0.5485312938690186 0.5485312938690186 0.4085313081741333 0.41311120986938477 0.3131113052368164 0.55311119556427 0.55311119556427 0.48289912939071655 0.48289912939071655 0.4428991675376892 0.422899067401886 0.36289912462234497 0.37088215351104736 0.5408821105957031 0.385553240776062 0.3055531978607178 0.3055531978607178 0.38183826208114624 0.28183823823928833 0.1928732991218567 0.4026409983634949 0.46265339851379395 0.3938179612159729
2.620881199836731 2.670880913734436 2.5908809900283813 2.5908809900283813 2.690881371498108 2.1408941745758057 1.8508942127227783 0.8906551599502563 -0.2593449354171753 0.5324151515960693 0.5324151515960693 0.4624152183532715 0.5556913614273071 0.5356912612915039 0.339061975479126 0.2690619230270386 0.32906198501586914 0.38906192779541016 0.38906192779541016 0.3842289447784424 0.40422892570495605 0.5442289113998413 0.4242290258407593 0.4485313892364502 0.3285313844680786 0.1985313892364502 0.1985313892364502 0.5085313320159912 0.45311129093170166 0.55311119556427 0.55311119556427 0.55311119556427 0.36289912462234497 0.36289912462234497 0.38289910554885864 0.23289912939071655 0.21289914846420288 0.34152066707611084 0.2615206241607666 0.25810861587524414 0.5815628170967102 0.5815628170967102 2.581746280193329 2.582330107688904 2.5828425884246826 2.583092749118805 2.583122730255127 2.5831556916236877
2.51089608669281 2.270896315574646 2.370870590209961 2.370870590209961 2.2708706855773926 1.7708003520965576 -0.7691996097564697 0.21361172199249268 0.5336116552352905 0.5335888862609863 0.5335888862609863 0.33358895778656006 0.3735889196395874 0.3435889482498169 0.3076575994491577 0.5376574993133545 0.2876574993133545 0.2076575756072998 0.2076575756072998 0.35268640518188477 0.4126863479614258 0.37268638610839844 0.5226863622665405 0.5379171371459961 0.43791723251342773 0.36791718006134033 0.36791718006134033 0.29791712760925293 0.555033802986145 0.4450339078903198 0.5150338411331177 0.4650338888168335 0.36088502407073975 0.36088502407073975 0.08088505268096924 0.31342214345932007 0.3634222149848938 0.2659493088722229 0.2883220314979553 0.5298054218292236 2.580619692802429 2.580619692802429 2.58057177066803 2.58057177066803 2.583239197731018 2.583239197731018 2.5831658840179443 2.5831658840179443
0.5251448154449463 0.2951449155807495 0.36585140228271484 0.36585140228271484 0.5258513689041138 0.32820403575897217 0.41820406913757324 0.6014533042907715 0.29145336151123047 0.33358895778656006 0.33358895778656006 0.2935889959335327 0.24358892440795898 0.2235889434814453 0.3076575994491577 0.27765750885009766 0.3076575994491577 0.3076575994491577 0.3076575994491577 0.3026864528656006 0.28268635272979736 0.2726863622665405 0.32268643379211426 0.3579171895980835 0.4279172420501709 0.4279172420501709 0.4279172420501709 0.4179171323776245 0.185033917427063 0.495033860206604 0.41503381729125977 0.40503382682800293 0.4516890048980713 0.4516890048980713 0.43168890476226807 0.3836249113082886 0.28362488746643066 0.5084791779518127 2.579561948776245 2.576570510864258 2.576570510864258 2.576570510864258 2.577382802963257 2.5761649012565613 2.5770868062973022 2.5825238823890686 2.584574341773987 2.587882399559021
0.4151449203491211 0.5251448154449463 0.5858514308929443 0.5858514308929443 0.33585143089294434 0.34820401668548584 0.32820403575897217 0.37145328521728516 0.31145334243774414 0.35358893871307373 0.35358893871307373 0.3735889196395874 0.30358898639678955 0.43358898162841797 0.3276575803756714 0.1776576042175293 0.27765750885009766 0.24765753746032715 0.24765753746032715 0.4126863479614258 0.42268645763397217 0.40268635749816895 0.3926863670349121 0.4079171419143677 0.3079172372817993 0.2579171657562256 0.2579171657562256 0.43791723251342773 0.4650338888168335 0.4650338888168335 0.41503381729125977 0.4450339078903198 0.44168901443481445 0.44168901443481445 0.44168901443481445 0.3936249017715454 0.34362494945526123 0.5104886889457703 2.575107514858246 2.576570510864258 2.576570510864258 2.576570510864258 2.5740153789520264 0.32218968868255615 0.5071959495544434 0.37222886085510254 2.5849929451942444 2.583237409591675
0.40470337867736816 0.4447033405303955 0.4447033405303955 0.3747032880783081 0.5247032642364502 0.4085872173309326 0.4085872173309326 0.4808729887008667 0.3908729553222656 0.37219226360321045 0.37219226360321045 0.44219231605529785 0.41323745250701904 0.37323737144470215 0.3645976781845093 0.35459768772125244 0.4267538785934448 0.39675378799438477 0.39675378799438477 0.32981574535369873 0.3698157072067261 0.5417640209197998 0.37176406383514404 0.425281286239624 0.39528119564056396 0.39528119564056396 0.33528125286102295 0.36528122425079346 0.4618467092514038 0.23184669017791748 0.5013174414634705 0.5613173842430115 0.46267199516296387 0.46267199516296387 0.4446411728858948 0.5145134329795837 2.568808615207672 2.570120930671692 2.5702720284461975 2.5721439123153687 2.5721439123153687 2.5721439123153687 2.572144627571106 0.23173868656158447 0.3350459337234497 0.37504589557647705 0.37738037109375 0.4073803424835205
0.40470337867736816 0.3947032690048218 0.3947032690048218 0.414703369140625 0.42470335960388184 0.4390120506286621 0.6490119695663452 0.4310333728790283 0.37103331089019775 0.41180598735809326 0.41180598735809326 0.4019954204559326 0.40240585803985596 0.39304304122924805 0.40391361713409424 0.35391366481781006 0.40590858459472656 0.5259085893630981 0.5259085893630981 0.46804332733154297 0.43804335594177246 0.5401288270950317 0.39012885093688965 0.38528120517730713 0.39528119564056396 0.39528119564056396 0.41528117656707764 0.2552812099456787 0.4017843008041382 0.3717843294143677 0.5023236274719238 2.5666109323501587 2.5650932788848877 2.5650932788848877 2.5653640627861023 2.567770838737488 2.567770838737488 2.5693772435188293 2.5693772435188293 2.570175290107727 2.572498142719269 2.572498142719269 0.272205114364624 0.40218544006347656 0.40391671657562256 0.3539167642593384 0.574874997138977 0.05487501621246338
0.5247032642364502 0.45470333099365234 0.45470333099365234 0.3147033452987671 0.45470333099365234 0.3990119695663452 0.3990119695663452 0.40103328227996826 0.6610333919525146 0.4818040132522583 0.4818040132522583 0.30168676376342773 0.5319600105285645 0.3524852991104126 0.38391363620758057 0.4139137268066406 0.3359086513519287 0.2359086275100708 0.2359086275100708 0.38804328441619873 0.2280433177947998 0.4201289415359497 0.39012885093688965 0.38528120517730713 0.18528127670288086 0.18528127670288086 0.3252812623977661 0.3752812147140503 0.4717843532562256 0.5117843151092529 0.5065248012542725 2.5658031702041626 2.565688967704773 2.565688967704773 2.565931260585785 2.567770838737488 2.567770838737488 2.5693772435188293 2.5693772435188293 2.5690122842788696 0.25225675106048584 0.25225675106048584 0.38224858045578003 0.41242653131484985 0.37391674518585205 0.5739166736602783 0.3048750162124634 0.27487504482269287
0.7411007881164551 0.4111008644104004 0.4111008644104004 0.4653726816177368 0.3853726387023926 2.5316911935806274 2.531449317932129 2.531379461288452 2.5315696001052856 2.5317885875701904 2.5317885875701904 2.531890869140625 2.531922221183777 2.5312975645065308 0.2714207172393799 0.3120068311691284 0.47456228733062744 0.3645622730255127 0.3645622730255127 0.32577550411224365 0.296741247177124 0.3471188545227051 0.3176112174987793 0.479539155960083 0.46953916549682617 0.46953916549682617 0.5015997886657715 0.4815998077392578 0.4414198398590088 2.544609785079956 2.5530728101730347 2.5563459396362305 2.5654744505882263 2.5654744505882263 2.5654744505882263 2.5680768489837646 2.5680768489837646 2.5689660906791687 0.22869205474853516 0.337917685508728 0.4288138747215271 0.4288138747215271 0.5308910608291626 0.5708910226821899 0.34252768754959106 0.34252768754959106 0.3974034786224365 0.37740349769592285
0.5717636346817017 0.6217635869979858 0.6217635869979858 0.4644179344177246 0.4815024137496948 2.531274437904358 2.5312966108322144 2.5307880640029907 2.5307880640029907 2.5313925743103027 2.5313925743103027 2.5313925743103027 2.5320329666137695 2.5320329666137695 2.532486319541931 2.5316574573516846 0.4817918539047241 0.5331313610076904 0.5331313610076904 0.48454904556274414 2.536857843399048 2.5376744270324707 2.5380440950393677 2.5377464294433594 2.537245750427246 2.537245750427246 2.5406335592269897 2.542932868003845 2.545397162437439 2.548733711242676 2.5508757829666138 0.4978238344192505 0.37486034631729126 0.37486034631729126 0.14655524492263794 0.14846986532211304 0.29894471168518066 0.3291401267051697 0.28787434101104736 0.38696587085723877 0.4269658327102661 0.4269658327102661 0.5687656998634338 0.2787657380104065 0.30158841609954834 0.13158845901489258 0.21740353107452393 0.3274034261703491
0.3634328842163086 2.529118299484253 2.529118299484253 2.5297151803970337 2.5301027297973633 2.5299837589263916 2.5299837589263916 2.5292325019836426 2.5292325019836426 2.5301469564437866 2.5301469564437866 2.530985116958618 2.532163381576538 2.5328867435455322 2.533065438270569 2.533089518547058 2.533591866493225 2.5344890356063843 2.5344890356063843 2.535515785217285 2.536205291748047 2.5372780561447144 2.5362852811813354 2.5373778343200684 0.48606789112091064 0.48606789112091064 0.49033665657043457 2.5473763942718506 2.549713611602783 0.5007928609848022 0.4879486560821533 0.5475529432296753 0.19054853916168213 0.19054853916168213 0.3605484962463379 0.2932358980178833 0.5532358884811401 0.34113937616348267 0.4511393904685974 0.564683735370636 0.30468374490737915 0.30468374490737915 0.18571007251739502 0.23571014404296875 0.28571009635925293 0.24571013450622559 0.3226500153541565 0.40265005826950073
2.529234528541565 2.529144525527954 2.529144525527954 2.5294114351272583 2.5297168493270874 2.5299837589263916 2.5299837589263916 2.5292325019836426 2.5292325019836426 0.3586922883987427 0.3586922883987427 0.3800060749053955 0.48302018642425537 2.5337305068969727 2.533544421195984 2.533204436302185 2.533928632736206 2.533928632736206 2.5349502563476562 2.5361781120300293 0.4857642650604248 0.4882669448852539 0.2961399555206299 0.47429919242858887 0.0649951696395874 0.0649951696395874 -0.2293371558189392 -0.08146882057189941 0.5510693788528442 0.5494198799133301 0.5477713346481323 0.21826171875 -0.0394514799118042 -0.0394514799118042 0.020548462867736816 0.5532358884811401 0.3132359981536865 0.33113938570022583 0.42113929986953735 0.22468382120132446 0.22468382120132446 0.11468380689620972 0.3957101106643677 0.3957101106643677 0.435710072517395 0.435710072517395 0.38265007734298706 0.5126500725746155
2.5289361476898193 2.5290420055389404 2.5290420055389404 2.5292391777038574 2.5292391777038574 2.529001235961914 2.529001235961914 2.528970241546631 2.5280767679214478 0.419610857963562 0.419610857963562 0.3696107864379883 0.3823235034942627 0.41232359409332275 0.5318740606307983 -0.2881258726119995 -0.07512003183364868 -0.07512003183364868 -0.1451200246810913 -0.3477488160133362 -0.2877488136291504 -0.15472042560577393 -0.1847204566001892 -0.277340292930603 -0.08734029531478882 -0.08734029531478882 -0.177756667137146 -0.1877567172050476 0.3366152048110962 0.056615233421325684 0.3481994867324829 0.25819945335388184 0.02899324893951416 0.21899330615997314 0.46899330615997314 0.5406284332275391 0.5406284332275391 0.1670917272567749 0.1670917272567749 0.5304252505302429 0.5304252505302429 0.3504253029823303 0.36571013927459717 0.375710129737854 0.36571013927459717 0.375710129737854 0.4426500201225281 0.5726500153541565
2.5288275480270386 2.5288275480270386 2.5288275480270386 2.5289963483810425 2.5289719104766846 2.5288137197494507 2.5289639234542847 0.3487253189086914 0.338595986366272 0.33871185779571533 0.33871185779571533 0.36871182918548584 0.4401355981826782 0.4601355791091919 0.3605688810348511 0.5105688571929932 0.5305688381195068 0.5305688381195068 0.5605689287185669 0.630370020866394 0.4003700017929077 0.22037005424499512 0.2903701066970825 0.6323559284210205 0.5523560047149658 0.5523560047149658 0.39235591888427734 0.292356014251709 0.6547685861587524 0.3147686719894409 0.28476858139038086 0.37476861476898193 0.4467240571975708 0.4467240571975708 0.6667240858078003 0.686724066734314 0.7167240381240845 0.009424209594726562 0.34942424297332764 0.32942426204681396 0.32942426204681396 0.3694242238998413 0.3877842426300049 0.34778428077697754 0.3677842617034912 0.3977842330932617 0.4933716654777527 0.5633715987205505
2.5288275480270386 2.5288275480270386 2.5288275480270386 2.5289047956466675 2.528876781463623 2.5288811922073364 0.3487534523010254 0.3982778787612915 0.3782843351364136 0.5087118148803711 0.5087118148803711 0.3887118101119995 0.47013556957244873 0.4401355981826782 0.5305688381195068 0.5505689382553101 0.6405688524246216 0.6405688524246216 0.6305688619613647 0.7103700637817383 0.5303699970245361 0.35037004947662354 0.320370078086853 0.6323559284210205 0.5823559761047363 0.5823559761047363 0.4823559522628784 0.4823559522628784 0.5447686910629272 0.5047686100006104 0.29476869106292725 0.6547685861587524 0.746724009513855 0.746724009513855 0.6667240858078003 0.5367239713668823 -0.1832759976387024 0.4194241762161255 0.40942418575286865 0.28942418098449707 0.28942418098449707 0.3694242238998413 0.24778425693511963 0.3677842617034912 0.3677842617034912 0.25778424739837646 0.5233716368675232 0.4933716654777527
2.528573155403137 0.3689699172973633 0.3689699172973633 0.46894991397857666 0.3178102970123291 0.5278289318084717 0.3578289747238159 0.4276071786880493 0.4776071310043335 0.4378981590270996 0.4378981590270996 0.4878981113433838 0.5284963846206665 0.4684964418411255 0.5305688381195068 0.5105688571929932 0.5905689001083374 0.5905689001083374 0.5705689191818237 0.7103700637817383 0.570370078086853 1.0503699779510498 0.7703700065612793 0.5023559331893921 0.5023559331893921 0.5023559331893921 0.5823559761047363 0.5223559141159058 0.5647686719894409 0.7047686576843262 0.8547686338424683 0.9047685861587524 0.5367239713668823 0.5367239713668823 0.6667240858078003 0.3567240238189697 0.5367239713668823 0.06942427158355713 0.0894242525100708 0.37942421436309814 0.37942421436309814 0.3594242334365845 0.32778429985046387 0.13778424263000488 0.2377842664718628 0.4677842855453491 0.20337170362472534 0.4033716320991516
