SimulationData/Scenarios/Waterwolf/Flooding/Uitdammerdijk/960.asc
ncols        561
nrows        278
xllcorner    4.817258165162
yllcorner    52.370746892638
cellsize     0.000511251697
NODATA_value  -9999
[rows 154 to 175 of 278, columns 144 to 191 of 561]
0 0 0 0 0 -0.07999992370605469 -0.07999992370605469 -0.07999992370605469 -0.07999992370605469 -0.07999992370605469 -0.06999993324279785 -0.06999993324279785 -0.06999993324279785 -0.06999993324279785 0 0 0 -0.5 -0.039999961853027344 0 0 0 0 0 0 0 0 -0.5299999713897705 -0.060000061988830566 -0.060000061988830566 -0.060000061988830566 -0.060000061988830566 -0.060000061988830566 0 0 0 0 0 0 0 0 0 -1.2800000309944153 -1.3299999833106995 -1.5099999904632568 -1.4100000262260437 -1.4100000262260437 -1.8100000321865082
0 0 0 0 0 -0.07999992370605469 -0.07999992370605469 -0.07999992370605469 -0.07999992370605469 -0.07999992370605469 -0.06999993324279785 -0.06999993324279785 -0.06999993324279785 -0.06999993324279785 -0.059999942779541016 -0.059999942779541016 -0.059999942779541016 -0.1099998950958252 -0.6799999475479126 0 0 0 0 0 0 -0.25999999046325684 -0.16999995708465576 -0.5099999904632568 -0.28999996185302734 -0.15999996662139893 -0.15999996662139893 -0.15999996662139893 -0.28999996185302734 0 0 0 0 0 0 0 0 0 -0.6800000667572021 -0.6800000667572021 -1.600000023841858 -1.600000023841858 -1.4200000166893005 -1.4300000071525574
0 0 0 0 0 -0.07999992370605469 -0.07999992370605469 -0.07999992370605469 -0.2999999523162842 -0.07999992370605469 -0.06999993324279785 -0.04999995231628418 -0.9799999594688416 -0.19999992847442627 -0.059999942779541016 -0.059999942779541016 -0.059999942779541016 -0.1099998950958252 0 0 0 0 0 0 -0.5199999809265137 -1.4099999368190765 -0.16999995708465576 -0.5499999523162842 -0.75 -0.04999995231628418 -0.04999995231628418 -0.11000001430511475 -0.33000004291534424 0 0 0 0 0 0 0 0 0 -0.6800000667572021 -0.8400000333786011 -1.3700000047683716 -1.3700000047683716 -1.3799999952316284 -1.649999976158142
-0.09999990463256836 -0.06999993324279785 -0.06999993324279785 -0.06999993324279785 -0.23000001907348633 -0.2600001096725464 -0.21000003814697266 -0.21000003814697266 -0.12000000476837158 -0.23000001907348633 -0.23000001907348633 -0.24000000953674316 -0.2200000286102295 -0.15999996662139893 -0.25 -0.25 0 -0.3399999141693115 0 0 0 0 0 0 -0.5099999904632568 -0.7700000405311584 -0.7400000095367432 -0.7100000381469727 -1.0000000596046448 -0.6500000953674316 -0.6500000953674316 -0.4500000476837158 -0.4700000286102295 -0.44999992847442627 -0.31999993324279785 -0.3500000238418579 -0.3500000238418579 0 0 0 -0.7899999618530273 -0.85999995470047 -1.699999988079071 -1.6800000071525574 -2.34000001847744 -2.34000001847744 -1.75 -1.870000034570694
-0.09999990463256836 -0.26999998092651367 -0.15999996662139893 -0.2200000286102295 -0.25 -0.2200000286102295 -0.21000003814697266 -0.21000003814697266 -0.24000000953674316 -0.2700001001358032 -0.23000001907348633 -0.06999993324279785 -0.16999995708465576 -0.24000000953674316 -0.13999998569488525 -0.13999998569488525 -0.019999980926513672 -0.5499999523162842 -0.26999998092651367 -0.22999989986419678 0 0 0 0 -0.15000009536743164 -0.23000001907348633 -0.4500000476837158 -0.5300000905990601 -0.4500000476837158 -0.3900001049041748 -0.3900001049041748 -0.5800000429153442 -0.5700000524520874 -0.5 -0.28999996185302734 -0.7099999189376831 -0.6100000143051147 0 0 -0.5999999642372131 -0.7099999189376831 -0.5499999523162842 -1.2200000286102295 -1.6399999856948853 -2.2300000190734863 -2.2300000190734863 -1.4800000190734863 -1.4700000286102295
-0.13999998569488525 -0.4099999666213989 -0.10000002384185791 -0.06999993324279785 -0.23000001907348633 -0.12000000476837158 -0.31000006198883057 -0.31000006198883057 -0.20000004768371582 -0.12000000476837158 -0.25 -0.06999993324279785 -0.2799999713897705 -0.23000001907348633 -0.21000003814697266 -0.21000003814697266 -0.019999980926513672 -0.4299999475479126 -0.15999996662139893 -0.21999990940093994 -0.2099999189376831 -0.21999990940093994 -0.21999990940093994 0 -0.3500000238418579 -0.24000000953674316 -0.2200000286102295 -0.36000001430511475 -0.6000000238418579 -0.49000000953674316 -0.49000000953674316 -0.6499999761581421 -0.7799999713897705 -0.46000003814697266 -0.49000000953674316 -0.6299999952316284 -0.48000001907348633 -0.6000000238418579 -0.6000000238418579 -0.9800000190734863 -1.2700000405311584 -1.1800000667572021 -1.0399999618530273 -1.1799999475479126 -1.1699999570846558 -1.1699999570846558 -1.0999999642372131 -1.0199999809265137
-0.18000006675720215 -0.2200000286102295 -0.24000000953674316 -0.13999998569488525 -0.2200000286102295 -0.25 -0.25999999046325684 -0.25999999046325684 -0.16999995708465576 -0.31999993324279785 -0.18999993801116943 -0.06999993324279785 -0.21000003814697266 -0.16999995708465576 -0.26999998092651367 -0.26999998092651367 -0.009999990463256836 -0.43999993801116943 -0.9799999594688416 -1.1300000250339508 -1.1800000071525574 -1.0600000023841858 -1.0600000023841858 -1.3600000143051147 -1.6199999451637268 -1.5199999809265137 -1.559999942779541 -0.6200000047683716 -0.6299999952316284 -0.6099998950958252 -0.6099998950958252 -0.6299999952316284 -0.8399999141693115 -0.5099999904632568 -0.49000000953674316 -0.6100000143051147 -0.5400000810623169 -0.5400000810623169 -0.40000009536743164 -1.4300000667572021 -1.1100000143051147 -1.1300000548362732 -1.479999989271164 -1.3399999737739563 -1.159999966621399 -1.159999966621399 -1.1399999856948853 -1.0799999833106995
-0.2200000286102295 -0.13999998569488525 -0.23000001907348633 -0.2200000286102295 -0.28000009059906006 -0.15999996662139893 -0.26999998092651367 -0.26999998092651367 -0.2099999189376831 -0.07999992370605469 -0.28999996185302734 -0.21000003814697266 -0.24000000953674316 -0.5699999928474426 -0.5699999928474426 -0.009999990463256836 -0.009999990463256836 -0.5099999904632568 -1.2699999511241913 -1.0300000309944153 -0.9000000357627869 -0.8600000143051147 -0.8600000143051147 -0.9800000190734863 -1.35999995470047 -1.35999995470047 -1.629999965429306 -0.6699999570846558 -0.6799999475479126 -0.6799999475479126 -0.6799999475479126 -0.6799999475479126 -0.49000000953674316 -0.40000009536743164 -0.5400000810623169 -0.4500000476837158 -0.5900000333786011 -0.5900000333786011 -0.75 -1.2900000214576721 -1.2600000500679016 -1.0700000524520874 -1.1299999952316284 -1.25 -1.25 -1.25 -1.0699999332427979 -1.0199999809265137
-0.19000005722045898 -0.13999998569488525 -0.25 -0.13999998569488525 -0.21000003814697266 -0.19000005722045898 -0.23000001907348633 -0.23000001907348633 -0.23000001907348633 -0.25 -0.41999995708465576 -0.2999999523162842 -0.25999999046325684 -0.10000002384185791 -0.10000002384185791 -0.039999961853027344 -0.039999961853027344 -0.5499999523162842 -0.6599999666213989 -0.9499999284744263 -1.309999942779541 0 0 -0.7599999308586121 -0.7699999809265137 -0.7099999189376831 -0.9599999189376831 -0.49000000953674316 -1.8099999725818634 -1.829999953508377 -1.829999953508377 -1.7799999713897705 -1.6799999475479126 -1.570000022649765 -1.5100000500679016 -1.5800000727176666 -1.6800000369548798 -1.6800000369548798 -1.2800000309944153 -1.89000004529953 -1.7500000298023224 -1.4600000381469727 -0.9399999976158142 -1.5699999928474426 -1.7999999821186066 -1.7999999821186066 -0.9399999976158142 -0.8199999332427979
-0.21000003814697266 -0.1700000762939453 -0.25999999046325684 -0.25999999046325684 -0.38999998569488525 -0.309999942779541 -0.059999942779541016 -0.059999942779541016 -0.1799999475479126 -0.20000004768371582 -0.1799999475479126 -0.24000000953674316 -0.1799999475479126 -0.3500000238418579 -0.3500000238418579 -0.039999961853027344 -0.039999961853027344 -0.6599999666213989 -0.75 -1.3899999558925629 -1.1599999368190765 -1.059999942779541 -1.059999942779541 -1.009999930858612 -1.7599999606609344 -0.49000000953674316 -1.4499999284744263 -0.75 -1.6699999570846558 -1.589999943971634 -1.589999943971634 -1.7099999487400055 -1.4999999403953552 -1.64000004529953 -1.440000057220459 -1.6300000548362732 -1.64000004529953 -1.64000004529953 -1.1700000166893005 -1.39000004529953 -1.6000000536441803 -1.340000033378601 -1.3899999856948853 -1.8299999833106995 -1.9999999850988388 -1.9999999850988388 -1.2999999523162842 -1.4199999868869781
-0.13999998569488525 -0.19000005722045898 -0.28000009059906006 -0.13999998569488525 -0.36000001430511475 -0.28999996185302734 -0.2200000286102295 -0.2200000286102295 -0.24000000953674316 -0.2200000286102295 -0.13999998569488525 -0.059999942779541016 -0.059999942779541016 -0.26999998092651367 -0.26999998092651367 -0.060000061988830566 0 -0.9400000274181366 -0.6500000357627869 -0.9999999403953552 -1.009999930858612 -1.0699999332427979 -1.0699999332427979 -0.8999999165534973 -1.7499999701976776 -1.2699999809265137 -1.7599999606609344 -1.3299999237060547 -1.509999930858612 -0.8299999237060547 -0.8299999237060547 -1.6199999451637268 -1.629999965429306 -1.7000000476837158 -1.1200000643730164 -1.39000004529953 -1.6300000548362732 -1.6300000548362732 -1.340000033378601 -0.40000009536743164 -1.5300000607967377 -1.5300000607967377 -1.0299999713897705 -1.2899999618530273 -1.3100000023841858 -1.3100000023841858 -1.6199999749660492 -1.2599999904632568
-0.15999996662139893 -0.04999995231628418 -0.029999971389770508 -0.23000001907348633 -0.25999999046325684 -0.2200000286102295 -0.3999999761581421 -0.3999999761581421 -0.059999942779541016 -0.46000003814697266 -0.13999998569488525 -0.26999998092651367 -0.2799999713897705 -0.2999999523162842 -0.2999999523162842 -0.06999993324279785 -0.06999993324279785 -0.3399999141693115 0 -1.3799999356269836 -1.059999942779541 -0.4899998903274536 -0.4899998903274536 0 -1.3300000131130219 -0.9700000286102295 -1.350000023841858 -0.8100000023841858 -0.05000007152557373 -0.05000007152557373 -0.3400000333786011 -0.31000006198883057 -1.350000023841858 -1.2200000286102295 -0.2700001001358032 -1.2000000476837158 -1.3600000441074371 -1.3600000441074371 -1.370000034570694 -1.39000004529953 -0.2700001001358032 -0.9800000190734863 -0.7899999618530273 0 -0.6399999260902405 -0.6399999260902405 -0.9699999690055847 -1.0999999344348907
-0.18999993801116943 -0.19000005722045898 -0.039999961853027344 -0.25 -0.3700000047683716 -0.059999942779541016 -0.059999942779541016 -0.43999993801116943 -0.23000001907348633 -0.3799999952316284 -0.309999942779541 -0.309999942779541 -0.26999998092651367 -0.3200000524520874 -0.3200000524520874 -0.06999993324279785 -0.3299999237060547 -0.9499999284744263 -1.0499999523162842 -1.3999999463558197 -0.9199999570846558 -1.2199999392032623 -1.2199999392032623 -1.4799999445676804 -1.5600000135600567 -0.4500000476837158 -0.7200000286102295 -1.2900000214576721 -0.3700000047683716 -0.3700000047683716 -0.6600000262260437 -0.05000007152557373 -0.9900000095367432 -1.5800000429153442 -1.2700000405311584 -1.6000000536441803 -1.5700000524520874 -1.5700000524520874 -1.2900000214576721 -1.5400000512599945 -0.2700001001358032 -1.2300000190734863 -0.7999999523162842 -0.7499999403953552 -1.2199999392032623 -1.2199999392032623 -0.9399999380111694 -0.9999999403953552
-0.2999999523162842 -0.10000002384185791 -0.23000001907348633 -0.11000001430511475 -0.15999996662139893 -0.15999996662139893 -0.15999996662139893 -0.25 -0.13999998569488525 -0.059999942779541016 -0.23000001907348633 -0.2999999523162842 -0.04999995231628418 -0.26999998092651367 -0.26999998092651367 0 -0.4200000762939453 -0.690000057220459 -0.8600000739097595 -0.7999999523162842 -0.7399999499320984 -1.6299999430775642 -1.6299999430775642 -1.6599999442696571 -1.5700000151991844 -1.520000010728836 -1.5400000140070915 -1.4500000178813934 -1.6500000208616257 -1.6500000208616257 -1.6400000136345625 -0.6600000262260437 -1.100000023841858 -1.5300000607967377 -1.190000057220459 -1.3500000536441803 -1.5400000512599945 -1.5400000512599945 -1.6000000536441803 -1.1500000357627869 -1.14000004529953 -0.8800000548362732 -0.5999999642372131 -1.2199999392032623 -0.9499999284744263 -0.9499999284744263 -0.9899999499320984 -1.009999930858612
-0.12000000476837158 -0.059999942779541016 -0.3700000047683716 -0.2799999713897705 -0.28999996185302734 -0.19000005722045898 -0.19000005722045898 0 -0.1400001049041748 -0.24000000953674316 -0.309999942779541 -0.2999999523162842 -0.059999942779541016 -0.21000003814697266 -0.21000003814697266 0 -0.12999999523162842 -0.5800000429153442 -0.6800000071525574 -0.3200000524520874 -0.6499999761581421 -0.43999993801116943 -0.43999993801116943 -1.2599999904632568 -1.3100000023841858 -1.5900000147521496 -1.4800000190734863 -1.5000000149011612 -1.7000000178813934 -1.7000000178813934 -1.6900000125169754 -1.650000013411045 -1.6900000125169754 -1.420000046491623 -0.2700001001358032 -1.2800000309944153 -1.370000034570694 -1.370000034570694 -1.2600000500679016 -0.2700001001358032 -1.2300000190734863 -1.0700000524520874 0 -1.2899999618530273 -1.009999930858612 -1.009999930858612 -1.009999930858612 -1.009999930858612
-1.4099999889731407 -0.28999996185302734 -0.059999942779541016 -0.20000004768371582 -0.059999942779541016 -0.15000009536743164 -0.15000009536743164 0 -0.25999999046325684 -0.25 -0.4299999475479126 -0.059999942779541016 -0.059999942779541016 -0.25999999046325684 -0.25999999046325684 -0.1099998950958252 -0.3599998950958252 -0.5099999904632568 -0.3400000333786011 -0.5099999904632568 -0.3400000333786011 -0.3200000524520874 -0.3200000524520874 -0.4500000476837158 -0.28999996185302734 -0.20000004768371582 -0.2200000286102295 -0.20000004768371582 -1.050000011920929 -1.050000011920929 -0.6200000047683716 -3.0500000715255737 -0.5299999713897705 -0.5200001001358032 -1.2100000381469727 -1.3000000715255737 -1.3200000524520874 -1.3200000524520874 -0.49000000953674316 -1.2000000476837158 -1.0700000524520874 -1.4500000774860382 -0.8399999141693115 -1.079999953508377 -1.079999953508377 -1.009999930858612 -0.7999999523162842 -1.0399999618530273
-0.24000000953674316 -0.21000003814697266 -0.2799999713897705 -0.2200000286102295 -0.059999942779541016 -0.1700000762939453 -0.1700000762939453 -0.20000004768371582 -0.24000000953674316 0 -0.46000003814697266 -0.31999993324279785 -0.26999998092651367 -0.2799999713897705 -0.2799999713897705 -0.1099998950958252 -0.3799999952316284 -0.38999998569488525 -0.4099999666213989 -0.2799999713897705 -0.46000003814697266 -0.46000003814697266 -0.4700000286102295 -0.3200000524520874 -0.05000007152557373 -0.25 -0.36000001430511475 -0.24000000953674316 -1.2600000202655792 -1.2600000202655792 -1.0400000214576721 -0.05000007152557373 -2.8899999856948853 -2.7300000190734863 -1.5600000321865082 -0.2700001001358032 -0.6600000858306885 -0.6600000858306885 -0.9900000691413879 -0.8500000238418579 -0.8400000333786011 -1.370000034570694 -0.9799999594688416 -0.8299999237060547 -0.8299999237060547 -0.9299999475479126 -1.0299999713897705 -1.1299999356269836
-6.199999809265137 -4.009999990463257 -2.490000009536743 -0.6300000548362732 0 -0.1700000762939453 -0.1700000762939453 0 -0.20000004768371582 -0.2200000286102295 -0.2799999713897705 -0.309999942779541 -0.2200000286102295 -0.25999999046325684 -0.25999999046325684 -0.1099998950958252 -0.34999990463256836 -0.4299999475479126 -0.25999999046325684 -0.009999990463256836 -0.3500000238418579 -0.3500000238418579 -0.36000001430511475 -0.3200000524520874 -0.31000006198883057 -0.009999990463256836 -0.5099999904632568 -0.6000000238418579 -0.49000000953674316 -0.49000000953674316 -0.2900000810623169 -0.7100000381469727 -0.3700000047683716 -1.190000057220459 -1.2400000095367432 -0.7900000810623169 -0.38000011444091797 -0.38000011444091797 -0.9600000381469727 -1.0099999904632568 -0.8900001049041748 -0.7900000810623169 -0.3500000238418579 -0.3500000238418579 -0.3500000238418579 -0.5500000715255737 -0.6000000238418579 -1.0400000214576721
0 -0.9100000262260437 -1.2200000435113907 -2.9000000953674316 -3.950000047683716 -6.43999981880188 -6.43999981880188 -6.5400002002716064 -6.770000219345093 -6.830000162124634 -6.6000001430511475 -4.819999933242798 -1.0600000023841858 -0.4099999666213989 -0.4099999666213989 -0.41999995708465576 -0.8200000524520874 -0.38999998569488525 -0.3700000047683716 -0.36000001430511475 -0.33000004291534424 -0.33000004291534424 -0.3400000333786011 -0.28999996185302734 -0.3400000333786011 -0.36000001430511475 -0.5800000429153442 -0.5 -0.43000006675720215 -0.43000006675720215 -1.350000023841858 -0.5800000429153442 -0.440000057220459 -0.49000000953674316 -0.5400000810623169 -1.2400000095367432 -1.2400000095367432 -1.2400000095367432 -0.8100000619888306 -1.2700001001358032 -0.6600000858306885 -0.4100000858306885 -0.48000001907348633 -0.440000057220459 -0.440000057220459 -0.40000009536743164 -0.48000001907348633 -0.5500000715255737
-1.3900000490248203 -1.4500000476837158 -1.4600000474601984 -1.650000050663948 -1.4600000474601984 -1.3500000461935997 -1.3500000461935997 -1.3100000470876694 0 -2.9700000286102295 -6.049999952316284 -6.640000104904175 -6.940000057220459 -6.610000133514404 -6.610000133514404 -0.41999995708465576 -1.0199999809265137 -0.8000000715255737 -0.009999990463256836 -0.3999999761581421 -0.31000006198883057 -0.31000006198883057 -0.009999990463256836 -0.10000002384185791 -0.15999996662139893 -0.33000004291534424 -0.4500000476837158 -0.48000001907348633 0 0 -1.090000033378601 -1.050000011920929 -0.6100000143051147 -0.38000011444091797 -0.5700000524520874 -0.38000011444091797 -1.4100000858306885 -1.4100000858306885 -1.3200000524520874 -0.8300000429153442 -0.9800000786781311 -0.5100001096725464 -0.4100000858306885 -0.5 -0.5300000905990601 -0.5099999904632568 -0.40000009536743164 -0.3500000238418579
-1.4400000479072332 -1.3200000524520874 -1.4600000474601984 0 -1.4000000469386578 -1.3600000441074371 -1.3600000441074371 -1.3300000503659248 -1.6300000548362732 0 -1.5300000198185444 -1.6800000220537186 -1.5300000198185444 -1.5300000198185444 -0.029999971389770508 -0.3999999761581421 -3.2699999809265137 -6.8800002336502075 -7.199999928474426 -6.850000023841858 -0.9100000262260437 -0.9100000262260437 -0.33000004291534424 -0.3799999952316284 -0.07999992370605469 -0.4299999475479126 -0.4099999666213989 -0.5900000333786011 -1.5899999141693115 -1.5899999141693115 -1.169999897480011 -1.2299998998641968 -1.2799999117851257 -0.2900000810623169 -0.43000006675720215 -1.0300000309944153 -1.0300000309944153 -0.7900000810623169 -0.38000011444091797 -0.9700000286102295 -0.38000011444091797 -0.6000000238418579 -0.5 -0.4700000286102295 -0.4700000286102295 -0.4700000286102295 -0.4500000476837158 -0.5800000429153442
-0.23000001907348633 0 -1.660000056028366 -1.420000048354268 -1.4900000467896461 -1.4000000469386578 -1.4000000469386578 -0.5600000619888306 -1.64000004529953 -1.4900000467896461 -1.6000000163912773 -1.4500000197440386 -0.5900000333786011 -0.5900000333786011 -0.2200000286102295 -0.3999999761581421 -1.4000000357627869 -1.3200000524520874 -2.790000021457672 -6.889999985694885 -7.199999928474426 -7.199999928474426 -6.679999947547913 -0.5 -0.3999999761581421 -0.3700000047683716 -0.3700000047683716 0 -1.3599998950958252 -1.3599998950958252 -1.1099998950958252 -1.059999942779541 -0.9899998903274536 -0.5700000524520874 -0.49000000953674316 -1.460000067949295 -1.460000067949295 -0.8900001049041748 -0.6100000143051147 -1.0800000429153442 -0.690000057220459 -1.2000000476837158 -0.6600000858306885 -0.40000009536743164 -0.40000009536743164 -0.6100000143051147 -0.38999998569488525 -0.3799999952316284
