SimulationData/Scenarios/Waterwolf/Flooding/Uitdammerdijk/960.asc
ncols        561
nrows        278
xllcorner    4.817258165162
yllcorner    52.370746892638
cellsize     0.000511251697
NODATA_value  -9999
[rows 132 to 153 of 278, columns 192 to 239 of 561]
0 -0.1499999761581421 0 -0.18000006675720215 -0.16000008583068848 -0.16000008583068848 -0.12000000476837158 -0.12000000476837158 -0.010000109672546387 -0.31000006198883057 -0.49000000953674316 -0.12000000476837158 -0.3400000333786011 -0.25999999046325684 -0.25999999046325684 -0.25999999046325684 -0.26999998092651367 -0.2900000810623169 -0.4100000858306885 -0.30000007152557373 -0.03000009059906006 -0.3799999952316284 -0.3799999952316284 -0.3700000047683716 -0.33000004291534424 -0.4299999475479126 -0.060000061988830566 -0.060000061988830566 -0.25999999046325684 -0.060000061988830566 -0.060000061988830566 -0.21000003814697266 -0.18000006675720215 -0.010000109672546387 -0.2600001096725464 -0.19000005722045898 -0.20000004768371582 -0.20000004768371582 -0.21000003814697266 -0.2200000286102295 -0.3299999237060547 -0.2099999189376831 -0.16999995708465576 -0.46999990940093994 -0.60999995470047 -0.60999995470047 0 -0.43999993801116943
-0.22999989986419678 -0.2999999523162842 0 -0.03000009059906006 -0.010000109672546387 -0.010000109672546387 -1.7100000530481339 -1.7100000530481339 -1.6200000531971455 -1.5600000526756048 -1.6100000515580177 -2.39000004529953 -2.2100000381469727 -0.03000009059906006 -0.03000009059906006 -0.31000006198883057 -0.3799999952316284 -0.1499999761581421 -0.25 -0.2200000286102295 -0.26999998092651367 -0.26999998092651367 -0.26999998092651367 -0.25999999046325684 -0.4099999666213989 -0.060000061988830566 -0.31000006198883057 -0.16999995708465576 -0.060000061988830566 -0.25999999046325684 -0.25999999046325684 -0.2600001096725464 -0.010000109672546387 -0.12999999523162842 -0.20000004768371582 -0.10000002384185791 -0.2200000286102295 -0.2200000286102295 -0.20000004768371582 -0.2700001001358032 -0.5099999904632568 0 0 -0.1799999475479126 -0.38999998569488525 -0.38999998569488525 -0.16999995708465576 -0.41999995708465576
-0.13999998569488525 -0.16999995708465576 -0.11999988555908203 -0.18000006675720215 -0.08000004291534424 -0.010000109672546387 -1.58000005222857 -1.58000005222857 -1.58000005222857 -1.5600000526756048 -1.58000005222857 -1.6000000517815351 -1.6400000341236591 -1.7200000286102295 -1.7200000286102295 -1.8000000268220901 -0.03000009059906006 -0.03000009059906006 -0.03000009059906006 -0.48000001907348633 -0.5 -0.38999998569488525 -0.38999998569488525 -0.31000006198883057 -0.060000061988830566 -0.2999999523162842 -0.6200000047683716 -0.33000004291534424 -0.2799999713897705 -0.2799999713897705 -0.12999999523162842 -0.23000001907348633 -0.1700000762939453 -0.2600001096725464 -0.12999999523162842 -0.12000000476837158 -0.2600001096725464 -0.2600001096725464 -0.09000003337860107 -0.010000109672546387 -0.11999988555908203 -0.28999996185302734 -0.3299999237060547 -0.2999999523162842 -0.3399999141693115 -0.3399999141693115 -0.25 -0.4099999666213989
-0.5099999904632568 -0.4599999189376831 -0.039999961853027344 -0.5100001096725464 -0.5400000810623169 -0.440000057220459 -0.6800000667572021 -0.6800000667572021 -1.4800000488758087 -1.3800000548362732 -1.3600000590085983 -1.650000050663948 -0.03000009059906006 -0.9600000381469727 -0.9600000381469727 -1.590000033378601 -1.6700000315904617 -0.5199999809265137 -0.03000009059906006 -0.20000004768371582 -0.1700000762939453 -0.23000001907348633 -0.23000001907348633 -0.060000061988830566 -0.060000061988830566 -0.060000061988830566 -0.12000000476837158 -0.060000061988830566 -0.12999999523162842 -0.12999999523162842 -0.20000004768371582 -0.1700000762939453 -0.20000004768371582 -0.010000109672546387 -0.1700000762939453 -0.25 -0.10000002384185791 -0.10000002384185791 -0.3200000524520874 -0.2900000810623169 -0.309999942779541 -0.1799999475479126 -0.1499999761581421 -0.2099999189376831 0 0 -0.4799998998641968 0
-0.12999999523162842 0 0 -0.010000109672546387 -0.010000109672546387 -0.64000004529953 -0.64000004529953 -1.040000081062317 -1.2900000512599945 -1.3800000548362732 -1.410000056028366 -1.6200000531971455 -1.6800000369548798 -0.03000009059906006 -0.03000009059906006 -1.540000032633543 -1.6100000329315662 -0.0700000524520874 -0.13999998569488525 -0.16000008583068848 -0.060000061988830566 -0.19000005722045898 -0.19000005722045898 -0.12999999523162842 -0.23000001907348633 -0.1799999475479126 -0.20000004768371582 -0.24000000953674316 -0.2999999523162842 -0.2999999523162842 -0.3200000524520874 -0.1700000762939453 -0.1400001049041748 -0.040000081062316895 -0.23000001907348633 -0.28000009059906006 -0.3400000333786011 -0.3400000333786011 -0.2700001001358032 -0.18000006675720215 0 0 0 -0.06999993324279785 -0.12999999523162842 -0.12999999523162842 -0.28999996185302734 -0.36999988555908203
-0.5999999642372131 -0.7999999523162842 -0.6699999570846558 -0.48000001907348633 -0.0700000524520874 -1.0099999904632568 -1.0099999904632568 -1.449999988079071 -1.3700000047683716 -1.6099999956786633 -1.5799999944865704 -1.6099999956786633 -1.6400000229477882 -1.5400000251829624 -1.5400000251829624 -0.040000081062316895 -1.6600000225007534 -0.10000002384185791 -0.19000005722045898 -0.21000003814697266 -0.15999996662139893 -0.1499999761581421 -0.1499999761581421 -0.15999996662139893 -0.24000000953674316 -0.26999998092651367 -0.25 -0.3700000047683716 -0.26999998092651367 -0.41999995708465576 -0.2799999713897705 -0.3500000238418579 -0.040000081062316895 -0.040000081062316895 -0.23000001907348633 -0.040000081062316895 -0.040000081062316895 -0.040000081062316895 -0.040000081062316895 -0.1700000762939453 -0.08000004291534424 -0.08000004291534424 -0.2900000810623169 -0.3400000333786011 -0.08000004291534424 -0.08000004291534424 -0.18000006675720215 -0.3400000333786011
-0.26999998092651367 -0.26999998092651367 -0.13999998569488525 -0.0700000524520874 -0.0700000524520874 -0.3700000047683716 -0.3700000047683716 -1.0199999809265137 -1.1899999976158142 -1.2699999809265137 -1.100000023841858 -1.219999998807907 -0.040000081062316895 -2.340000033378601 -2.340000033378601 -1.5700000245124102 -1.600000023841858 -2.1800000071525574 -0.24000000953674316 -0.2799999713897705 -0.25999999046325684 -0.30000007152557373 -0.30000007152557373 -0.2799999713897705 -0.05000007152557373 -0.05000007152557373 -0.05000007152557373 -0.05000007152557373 -0.05000007152557373 -0.05000007152557373 -0.05000007152557373 -0.040000081062316895 -0.040000081062316895 -0.11000001430511475 -0.0700000524520874 -0.11000001430511475 -0.3500000238418579 -0.3500000238418579 -0.23000001907348633 -0.25999999046325684 -0.21000003814697266 -0.23000001907348633 -0.18000006675720215 -0.18000006675720215 -0.18000006675720215 -0.1700000762939453 -0.20000004768371582 -0.12000000476837158
-0.4099999666213989 0 -0.31999993324279785 -0.38999998569488525 -0.2200000286102295 -0.0700000524520874 -0.0700000524520874 -1.3799999952316284 -1.3599999845027924 -1.2599999904632568 -1.280000001192093 -1.3599999845027924 -1.2300000190734863 -0.43000006675720215 -0.43000006675720215 -0.36000001430511475 -0.21000003814697266 -0.3200000524520874 -0.040000081062316895 -0.040000081062316895 -0.040000081062316895 -0.05000007152557373 -0.05000007152557373 -0.05000007152557373 -0.05000007152557373 -0.25 -0.05000007152557373 -0.20000004768371582 -0.05000007152557373 -0.05000007152557373 -0.05000007152557373 -0.040000081062316895 -0.2900000810623169 -0.26999998092651367 -0.25 -0.3799999952316284 -0.12999999523162842 -0.12999999523162842 -0.38999998569488525 -0.33000004291534424 -0.2600001096725464 -0.24000000953674316 -0.5 -0.2200000286102295 -0.2200000286102295 -0.28000009059906006 -0.20000004768371582 -0.19000005722045898
-0.4599999189376831 -0.1099998950958252 -0.4599999189376831 -0.36000001430511475 -0.6800000071525574 -0.6299999952316284 -0.6299999952316284 -1.2899999916553497 -1.469999998807907 -1.2400000095367432 -1.2599999904632568 -1.3799999952316284 -1.350000023841858 -0.3700000047683716 -0.3700000047683716 -0.15999996662139893 -0.040000081062316895 -0.040000081062316895 -0.15999996662139893 -0.3200000524520874 -0.3200000524520874 -0.3200000524520874 -0.3700000047683716 -0.18000006675720215 -0.05000007152557373 -0.05000007152557373 -0.05000007152557373 -0.05000007152557373 -0.05000007152557373 -0.05000007152557373 -0.21000003814697266 -0.25999999046325684 -0.12999999523162842 -0.15999996662139893 -0.040000081062316895 -0.040000081062316895 -0.040000081062316895 -0.040000081062316895 -0.33000004291534424 -0.1700000762939453 -0.31000006198883057 -0.2200000286102295 -0.4700000286102295 -0.19000005722045898 -0.19000005722045898 -0.2200000286102295 -0.25 -0.2600001096725464
0 -0.2399998903274536 -0.25999999046325684 -0.25999999046325684 -0.0700000524520874 -0.2799999713897705 -0.2799999713897705 -0.13999998569488525 -0.21000003814697266 -0.18999993801116943 -0.0700000524520874 -0.0700000524520874 -0.4700000286102295 -1.2600000202655792 -1.2600000202655792 -1.2200000286102295 -1.270000010728836 -0.4099999666213989 -0.3400000333786011 -0.3200000524520874 -0.31000006198883057 -0.31000006198883057 -0.28999996185302734 -0.30000007152557373 -0.05000007152557373 -0.3500000238418579 -0.1499999761581421 -0.19000005722045898 -0.2200000286102295 -0.2200000286102295 -0.1499999761581421 -0.040000081062316895 -0.24000000953674316 -0.26999998092651367 -0.2900000810623169 -0.15999996662139893 -0.09000003337860107 -0.09000003337860107 -0.31000006198883057 -0.3799999952316284 -0.2900000810623169 -0.28000009059906006 -0.28000009059906006 -0.2700001001358032 -0.2700001001358032 -0.010000109672546387 -0.16000008583068848 -0.1400001049041748
-0.1799999475479126 -0.19999992847442627 -0.2799999713897705 -0.24000000953674316 -0.0700000524520874 -0.46000003814697266 -0.46000003814697266 -0.309999942779541 -0.3700000047683716 -0.38999998569488525 -0.16000008583068848 -0.16000008583068848 -0.24000000953674316 -0.24000000953674316 -0.24000000953674316 -0.23000001907348633 -0.1400001049041748 -0.33000004291534424 -0.25999999046325684 -0.3799999952316284 -0.3500000238418579 -0.3500000238418579 -0.3400000333786011 -0.25 -0.05000007152557373 -0.3200000524520874 -0.16999995708465576 -0.30000007152557373 -0.33000004291534424 -0.33000004291534424 -0.4500000476837158 -0.3200000524520874 -0.24000000953674316 -0.2900000810623169 -0.24000000953674316 -0.009999990463256836 -0.3200000524520874 -0.3200000524520874 -0.13999998569488525 -0.13999998569488525 -0.9399999380111694 -0.9699999094009399 -0.8799999952316284 -0.8899999856948853 -0.8899999856948853 -1.0899999141693115 -0.7899999618530273 -0.9800000190734863
-1 -0.8500000238418579 -0.4700000286102295 -0.16000008583068848 -0.16000008583068848 -0.16000008583068848 -0.16000008583068848 -0.16000008583068848 -0.16000008583068848 -0.16000008583068848 -0.16000008583068848 -0.31000006198883057 -0.30000007152557373 -0.40000009536743164 -0.40000009536743164 -0.4500000476837158 -0.2900000810623169 -0.1400001049041748 -0.25999999046325684 -0.3500000238418579 -0.36000001430511475 -0.36000001430511475 -0.19000005722045898 -0.23000001907348633 -0.05000007152557373 -0.05000007152557373 -0.0700000524520874 -0.3200000524520874 -0.3500000238418579 -0.3500000238418579 -0.05000007152557373 -0.12000000476837158 -0.12000000476837158 -0.020000100135803223 -0.020000100135803223 -0.18000006675720215 -0.11000001430511475 -0.11000001430511475 -0.24000000953674316 -0.25999999046325684 -0.8700000047683716 -0.9800000190734863 -1.0299999713897705 -0.8899999856948853 -0.8899999856948853 -1 -1.059999942779541 -0.7300000190734863
-2.0699999779462814 -1.159999966621399 -0.7200000286102295 -0.46000003814697266 -0.3999999761581421 -0.5 -0.5 -0.4200000762939453 -0.43000006675720215 -0.4200000762939453 -0.16000008583068848 -0.4200000762939453 -0.36000001430511475 -0.33000004291534424 -0.33000004291534424 -0.40000009536743164 -0.3799999952316284 -0.3200000524520874 -0.21000003814697266 -0.3700000047683716 -0.30000007152557373 -0.30000007152557373 -0.12999999523162842 -0.18000006675720215 -0.05000007152557373 -0.30000007152557373 -0.31000006198883057 -0.3700000047683716 -0.33000004291534424 -0.33000004291534424 -0.3400000333786011 -0.19000005722045898 -0.36000001430511475 -0.2900000810623169 -0.18000006675720215 -0.11000001430511475 -0.23000001907348633 -0.25 -0.31000006198883057 -0.36000001430511475 -1.149999976158142 -1.0999999046325684 -1.1100000143051147 -0.7300000190734863 -0.7300000190734863 -0.7300000190734863 -0.7300000190734863 -0.7300000190734863
0 0 0 -0.16000008583068848 -0.16000008583068848 -0.16000008583068848 -0.16000008583068848 -0.16000008583068848 -0.16000008583068848 -0.16000008583068848 -0.16000008583068848 -0.16000008583068848 -0.1400001049041748 -0.1400001049041748 -0.1400001049041748 -0.1400001049041748 -0.1400001049041748 -0.1400001049041748 -0.1400001049041748 -0.1400001049041748 -0.1400001049041748 -0.1400001049041748 -0.05000007152557373 -0.05000007152557373 -0.05000007152557373 -0.05000007152557373 -0.23000001907348633 -0.3200000524520874 -0.3400000333786011 -0.3400000333786011 -0.2200000286102295 -0.020000100135803223 -0.15000009536743164 -0.10000002384185791 -0.020000100135803223 -0.020000100135803223 -0.020000100135803223 -0.020000100135803223 -0.020000100135803223 -0.020000100135803223 -0.7799999713897705 -0.7599999904632568 -0.7300000190734863 -0.7300000190734863 -0.7300000190734863 -0.7300000190734863 -0.8999999761581421 -0.5199999809265137
-0.38999998569488525 -0.46999990940093994 -0.13999998569488525 -0.31000006198883057 -0.3400000333786011 -0.6100000143051147 -0.6100000143051147 -0.49000000953674316 -0.5400000810623169 -0.5600000619888306 -0.25 -0.3999999761581421 -0.28000009059906006 -0.28000009059906006 -0.4200000762939453 -0.4100000858306885 -0.23000001907348633 -0.31000006198883057 -0.36000001430511475 -0.3400000333786011 -0.3500000238418579 -0.3500000238418579 -0.28999996185302734 -0.2799999713897705 -0.05000007152557373 -0.05000007152557373 -0.3400000333786011 -0.31000006198883057 -0.30000007152557373 -0.30000007152557373 -0.28999996185302734 -0.2700001001358032 -0.25999999046325684 -0.24000000953674316 -0.040000081062316895 -0.21000003814697266 -0.21000003814697266 -0.20000004768371582 -0.16000008583068848 -0.2200000286102295 -0.9900000095367432 -0.9299999475479126 -0.8999999761581421 -0.9099999666213989 -0.9099999666213989 -0.9699999094009399 -0.8199999332427979 -0.8299999237060547
-1.0199999809265137 -0.7099999189376831 -0.9999999403953552 -1.3400000631809235 -1.1500000357627869 -0.23000001907348633 -0.23000001907348633 -0.09000003337860107 -0.2799999713897705 -0.2200000286102295 -0.21000003814697266 -0.2900000810623169 -0.31000006198883057 -0.31000006198883057 -0.25999999046325684 -0.28000009059906006 -0.24000000953674316 -0.18000006675720215 -0.23000001907348633 -0.20000004768371582 -0.2700001001358032 -0.2700001001358032 -0.21000003814697266 -0.05000007152557373 -0.05000007152557373 -0.25 -0.24000000953674316 -0.24000000953674316 -0.23000001907348633 -0.23000001907348633 -0.1499999761581421 -0.16000008583068848 -0.15000009536743164 -0.13999998569488525 -0.2200000286102295 -0.46000003814697266 -0.46000003814697266 -0.28000009059906006 -0.1700000762939453 -0.15000009536743164 -0.8399999141693115 -0.8799999952316284 -0.9499999284744263 -0.9499999284744263 -0.9499999284744263 -0.7300000190734863 -0.7599999904632568 -0.7599999904632568
-0.7599999308586121 -0.6199999451637268 -1.0999999344348907 -1.35999995470047 -1.6599999964237213 -1.0499999523162842 -1.0499999523162842 -0.36000001430511475 -0.44999992847442627 -0.46000003814697266 -0.48000001907348633 -0.5399999618530273 -0.5 -0.5 -0.4500000476837158 -0.4700000286102295 -0.6100000143051147 -0.46000003814697266 -0.4700000286102295 -0.4200000762939453 -0.38999998569488525 -0.38999998569488525 -0.2700001001358032 -0.2700001001358032 -0.2700001001358032 -0.2700001001358032 -0.46000003814697266 -0.2700001001358032 -0.2700001001358032 -0.2700001001358032 -0.2700001001358032 -0.0700000524520874 -0.0700000524520874 -0.0700000524520874 -0.0700000524520874 -0.0700000524520874 -0.0700000524520874 -0.15999996662139893 -0.28999996185302734 -0.2999999523162842 -0.16000008583068848 -0.08000004291534424 -0.13999998569488525 -0.03000009059906006 -0.03000009059906006 -0.2900000810623169 -0.19000005722045898 -0.26999998092651367
-0.7499999403953552 -0.7399999499320984 -0.7699999213218689 -1.3799999952316284 -1.2999999523162842 -1.699999988079071 -1.699999988079071 -0.46000003814697266 -0.48000001907348633 -0.25999999046325684 -0.38999998569488525 -0.43999993801116943 -0.4200000762939453 -0.4200000762939453 -0.4700000286102295 -0.49000000953674316 -0.4200000762939453 -0.38999998569488525 -0.440000057220459 -0.440000057220459 -0.4700000286102295 -0.4700000286102295 -0.3799999952316284 -0.4700000286102295 -0.2700001001358032 -0.3400000333786011 -0.40000009536743164 -0.38999998569488525 -0.38999998569488525 -0.3799999952316284 -0.4200000762939453 -0.309999942779541 -0.3799999952316284 -0.309999942779541 -0.2799999713897705 -0.36000001430511475 -0.36000001430511475 -0.1799999475479126 -0.12000000476837158 -0.16999995708465576 -0.23000001907348633 -0.23000001907348633 -0.25 -0.12000000476837158 -0.12000000476837158 -0.03000009059906006 -0.33000004291534424 -0.28000009059906006
-0.8700000047683716 -0.8199999332427979 -0.7099999189376831 -1.2400000095367432 -1.4199999570846558 -1.4199999570846558 -1.3499999642372131 -0.46000003814697266 -0.49000000953674316 -0.5399999618530273 -0.49000000953674316 -0.46000003814697266 -0.4700000286102295 -0.4700000286102295 -0.5 -0.49000000953674316 -0.5099999904632568 -0.5399999618530273 -0.5399999618530273 -0.48000001907348633 -0.5700000524520874 -0.5700000524520874 -0.40000009536743164 -0.49000000953674316 -0.2700001001358032 -0.40000009536743164 -0.46000003814697266 -0.440000057220459 -0.440000057220459 -0.440000057220459 -0.4100000858306885 -0.13999998569488525 -0.28999996185302734 -0.3700000047683716 -0.4299999475479126 -0.15999996662139893 -0.15999996662139893 -0.12999999523162842 -0.18999993801116943 -0.0700000524520874 -0.1499999761581421 -0.24000000953674316 -0.16000008583068848 -0.10000002384185791 -0.10000002384185791 -0.03000009059906006 -0.43000006675720215 -0.03000009059906006
-0.5700000524520874 -0.7900000810623169 -1.3000000715255737 -1.399999976158142 -1.5499999821186066 -1.5499999821186066 -2.3099999725818634 -0.7599999904632568 -0.8899999856948853 -0.7300000190734863 -0.7400000095367432 -0.8899999856948853 -0.5099999904632568 -0.5099999904632568 -0.5900000333786011 -0.5600000619888306 -0.5800000429153442 -0.6200000047683716 -0.5900000333786011 -0.5800000429153442 -0.6000000238418579 -0.6000000238418579 -0.4500000476837158 -0.43000006675720215 -0.49000000953674316 -0.46000003814697266 -0.49000000953674316 -0.43000006675720215 -0.43000006675720215 -0.43000006675720215 -0.2700001001358032 -0.43999993801116943 -0.2999999523162842 -0.24000000953674316 -0.2999999523162842 -0.26999998092651367 -0.26999998092651367 -0.23000001907348633 -0.25 -0.0700000524520874 -0.24000000953674316 -0.31000006198883057 -0.1499999761581421 -0.03000009059906006 -0.26999998092651367 -0.23000001907348633 -0.5199999809265137 -0.08000004291534424
-0.7000000476837158 -0.8200000524520874 -0.940000057220459 -1.2799999713897705 -1.3199999928474426 -1.3199999928474426 -1.159999966621399 -0.8899999856948853 -0.8999999761581421 -1.409999966621399 -1.159999966621399 -1.1699999570846558 -0.5600000619888306 -0.5600000619888306 -0.5299999713897705 -0.49000000953674316 -0.4700000286102295 -0.5500000715255737 -0.48000001907348633 -0.5 -0.3799999952316284 -0.3799999952316284 -0.3500000238418579 -0.3799999952316284 -0.5800000429153442 -0.38999998569488525 -0.3799999952316284 -0.38999998569488525 -0.38999998569488525 -0.3500000238418579 -0.2700001001358032 -0.0700000524520874 -0.0700000524520874 -0.33000004291534424 -0.12999999523162842 -0.23000001907348633 -0.23000001907348633 -0.23000001907348633 -0.25999999046325684 -0.18999993801116943 -0.36000001430511475 -0.03000009059906006 -0.03000009059906006 -0.2200000286102295 -0.2200000286102295 -0.20000004768371582 -0.03000009059906006 -0.03000009059906006
-0.8400000333786011 -0.8200000524520874 -0.9500000476837158 -1.5099999904632568 -1.3499999642372131 -1.3499999642372131 -1.2999999523162842 -1.1699999570846558 -0.9299999475479126 -1.1800000071525574 -0.9399999380111694 -1.1399999856948853 -1.090000033378601 -1.090000033378601 -1.4700000286102295 -0.5399999618530273 -0.5199999809265137 -0.5399999618530273 -0.4500000476837158 -0.4500000476837158 -0.4099999666213989 -0.4099999666213989 -0.25 -0.2900000810623169 -0.4200000762939453 -0.36000001430511475 -0.5700000524520874 -0.6000000238418579 -0.6000000238418579 -0.2700001001358032 -0.2700001001358032 -0.0700000524520874 -0.0700000524520874 -0.0700000524520874 -0.0700000524520874 -0.0700000524520874 -0.0700000524520874 -0.21000003814697266 -0.13999998569488525 -0.0700000524520874 -0.03000009059906006 -0.03000009059906006 -0.03000009059906006 -0.03000009059906006 -0.09000003337860107 -0.03000009059906006 -0.21000003814697266 -0.13999998569488525
